Title line:""
QS03797 - 1
QS00314 - 1
QpZAG9 - 1
QS1904 - 1
MSQ4 - 1
QpZAG110 - 1
QrZAG87 - 1
QpZAG1/5 - 1
QM69-2M1 - 1
Pop
Garden, 0000 0000 0000 0000 0000 0000 0505 0505 0304
Garden, 0000 0000 0000 0000 0000 0000 0505 0105 0404
Garden, 0304 0406 0315 0303 0101 1717 0505 0203 0204
Garden, 0404 0404 0315 0303 0101 1717 0505 0203 0204
Garden, 0202 0000 0315 0303 0101 1717 0505 0303 0204
Garden, 0404 0404 0715 0303 0101 0317 0505 0305 0202
Garden, 0202 0000 0315 0303 0101 0512 0505 0202 0204
Garden, 0304 0404 0303 0303 0101 0517 0505 0102 0202
Garden, 0303 0303 0219 0303 0404 0909 0506 0303 0303
Garden, 0303 0303 0219 0303 0000 0909 0505 0303 0304
Garden, 0303 0303 0219 0303 0000 0000 0506 0303 0304
Garden, 0303 0505 0219 0303 0000 0000 0506 0303 0303
Garden, 0000 0000 0000 0000 0000 0000 0000 0000 0000
Garden, 0303 0000 0419 0303 0000 0000 0000 0000 0000
Garden, 0303 0303 0219 0303 0000 0000 0506 0303 0303
Garden, 0303 0305 1112 0101 0202 0000 0101 0000 0101
Garden, 0202 0000 0407 0303 0103 0000 0508 0303 0203
Garden, 0303 0303 0417 0303 0808 0920 0505 0303 0204
Garden, 0303 0306 0407 0303 0606 0000 0505 0304 0304
Garden, 0303 0606 0304 0303 0000 0909 0506 0303 0304
Garden, 0303 0000 0405 0303 0412 0822 0506 0203 0203
Garden, 0303 0000 0507 0303 0000 0000 0507 0305 0204
Garden, 0101 0305 1214 0304 0509 0101 0202 0607 0406
Garden, 0303 0000 0219 0303 0000 0909 0505 0303 0303
Garden, 0303 0303 0404 0303 0000 0909 0606 0303 0404
Garden, 0000 0000 0000 0000 0000 0000 0000 0000 0000
Garden, 0404 0404 0715 0303 0101 0517 0505 0303 0205
Garden, 0303 0305 1011 0101 0000 0606 0101 0808 0101
Garden, 0000 0000 0000 0000 0000 0000 0000 0000 0000
Garden, 0303 0404 0307 0303 0101 0517 0505 0303 0203
Garden, 0303 0305 0219 0303 0404 0910 0505 0303 0303
Garden, 0303 0000 0419 0303 0404 0909 0506 0303 0303
Garden, 0303 0505 0204 0303 0412 0909 0506 0303 0304
Garden, 0303 0000 0304 0303 0101 0000 0505 0303 0204
Garden, 0202 0406 0404 0303 0416 1820 0509 0105 0404
Garden, 0404 0303 0607 0303 0101 0713 0506 0304 0203
Garden, 0303 0404 0415 0303 0101 0000 0505 0505 0404
Garden, 0000 0000 0404 0303 1717 0000 0505 0101 0203
Garden, 0303 0000 0307 0303 0101 0909 0505 0303 0304
Pop
 SR_G1, 0303 0305 0303 0000 0000 0000 0505 0303 0404
 SR_G1, 0303 0505 0304 0303 0101 0000 0505 0203 0404
Pop
 SR_G2, 0303 0404 0206 0303 1818 0711 0509 0203 0304
 SR_G2, 0303 0103 0203 0303 0707 0307 0505 0203 0304
 SR_G2, 0303 0404 0203 0303 1818 0711 0505 0203 0304
 SR_G2, 0303 0303 0202 0000 0707 0309 0000 0203 0304
 SR_G2, 0303 0303 0214 0303 0707 0000 0000 0000 0000
 SR_G2, 0000 0000 0000 0303 0707 0202 0000 0000 0000
Pop
 SR_G3, 0303 0000 0406 0303 0000 0000 0000 0000 0000
 SR_G3, 0303 0505 0206 0000 0000 0000 0000 0000 0000
 SR_G3, 0303 0000 0606 0000 0707 0408 0606 0303 0404
 SR_G3, 0303 0505 0406 0303 0000 0000 0506 0303 0404
 SR_G3, 0303 0505 0406 0000 0000 0000 0000 0303 0000
 SR_G3, 0303 0505 0206 0303 0000 0819 0000 0303 0404
 SR_G3, 0303 0505 0215 0303 0606 0000 0506 0303 0304
Pop
 SR_G4, 0303 0506 0606 0000 0000 0000 0505 0203 0304
 SR_G4, 0303 0506 0606 0000 0000 0000 0000 0000 0000
 SR_G4, 0303 0506 0607 0000 0000 0000 0000 0000 0000
Pop
 SR_G5, 0303 0303 0305 0303 0404 0411 0508 0304 0204
 SR_G5, 0303 0303 0305 0303 0404 0000 0508 0304 0204
 SR_G5, 0303 0303 0305 0303 0404 0202 0508 0304 0204
 SR_G5, 0303 0303 0305 0303 0404 0000 0508 0304 0204
 SR_G5, 0303 0505 0407 0303 0106 0000 0505 0303 0404
 SR_G5, 0303 0505 0407 0303 0106 0000 0505 0303 0404
 SR_G5, 0303 0505 0407 0303 0106 1721 0505 0303 0404
Pop
 SR_G6, 0303 0404 0306 0303 0303 0511 0509 0303 0303
 SR_G6, 0303 0404 0203 0303 2020 0711 0505 0203 0304
 SR_G6, 0303 0404 0203 0303 1818 0000 0505 0203 0304
 SR_G6, 0303 0303 0203 0303 0707 0307 0505 0203 0304
 SR_G6, 0303 0306 0506 0303 0000 0000 0505 0303 0304
 SR_G6, 0202 0404 0303 0303 0303 0509 0505 0303 0204
 SR_G6, 0303 0303 0202 0303 0707 0309 0505 0203 0304
 SR_G6, 0303 0303 0202 0303 0707 0309 0505 0203 0304
 SR_G6, 0303 0304 0202 0303 0707 0307 0505 0202 0304
 SR_G6, 0303 0304 0203 0303 0707 0311 0505 0203 0303
 SR_G6, 0303 0303 0214 0303 0707 0909 0505 0203 0304
 SR_G6, 0303 0304 0206 0303 0307 0305 0505 0203 0304
 SR_G6, 0303 0304 0202 0303 0707 0911 0505 0203 0304
 SR_G6, 0303 0505 0714 0303 0707 0923 0505 0303 0304
 SR_G6, 0303 0303 0214 0303 0707 0000 0505 0203 0304
 SR_G6, 0303 0303 0214 0303 0707 0000 0505 0203 0304
 SR_G6, 0303 0303 0214 0303 0707 0000 0505 0203 0304
 SR_G6, 0303 0505 0214 0303 0707 0000 0505 0203 0304
 SR_G6, 0303 0405 0214 0303 0707 0911 0505 0303 0404
 SR_G6, 0303 0505 0415 0303 0101 1128 0505 0303 0304
 SR_G6, 0303 0505 0606 0303 0101 0519 0506 0303 0404
 SR_G6, 0303 0000 0000 0303 0607 0000 0506 0303 0404
 SR_G6, 0303 0505 0606 0303 0606 0508 0505 0303 0404
 SR_G6, 0303 0505 0406 0303 0406 0000 0506 0303 0304
 SR_G6, 0303 0305 0206 0303 0618 0000 0505 0303 0404
 SR_G6, 0303 0305 0406 0000 0000 0000 0505 0303 0304
 SR_G6, 0303 0505 0606 0303 0707 0408 0606 0303 0404
 SR_G6, 0303 0000 0204 0303 0715 0917 0506 0303 0404
 SR_G6, 0303 0505 0204 0303 0406 0000 0506 0303 0404
 SR_G6, 0303 0505 0406 0303 0707 0428 0506 0303 0304
 SR_G6, 0303 0505 0206 0303 0607 0819 0506 0303 0404
 SR_G6, 0303 0505 0206 0303 0607 0000 0506 0303 0404
 SR_G6, 0303 0505 0406 0303 0406 0000 0506 0303 0404
 SR_G6, 0303 0505 0406 0303 0406 1120 0506 0303 0404
 SR_G6, 0303 0505 0406 0303 0406 1120 0506 0303 0404
 SR_G6, 0303 0506 0607 0303 0607 0000 0505 0303 0303
 SR_G6, 0303 0506 0607 0303 0607 0000 0000 0000 0000
 SR_G6, 0303 0506 0606 0303 0101 1919 0505 0203 0304
 SR_G6, 0303 0506 0606 0303 0101 1919 0505 0203 0304
 SR_G6, 0303 0506 0606 0303 0101 1919 0505 0203 0304
 SR_G6, 0303 0506 0606 0303 0101 0000 0505 0203 0304
 SR_G6, 0303 0506 0606 0303 0101 1919 0505 0203 0304
 SR_G6, 0303 0506 0606 0303 0101 1919 0505 0203 0304
 SR_G6, 0303 0506 0606 0303 0101 1919 0505 0203 0304
 SR_G6, 0303 0506 0606 0303 0101 1919 0505 0203 0304
 SR_G6, 0303 0506 0606 0303 0101 1919 0505 0203 0304
 SR_G6, 0303 0506 0606 0000 0000 0000 0000 0203 0304
 SR_G6, 0303 0506 0606 0303 0101 1919 0505 0203 0304
 SR_G6, 0303 0506 0606 0303 0101 0000 0000 0000 0000
 SR_G6, 0303 0506 0606 0303 0101 0000 0505 0203 0304
 SR_G6, 0303 0506 0606 0303 0101 1919 0505 0203 0304
 SR_G6, 0303 0506 0606 0303 0101 1919 0505 0203 0304
 SR_G6, 0303 0506 0606 0303 0101 0519 0505 0303 0404
 SR_G6, 0303 0506 0606 0303 0101 0519 0505 0303 0404
 SR_G6, 0303 0606 0606 0303 0000 0519 0505 0303 0304
 SR_G6, 0303 0606 0606 0303 0000 0000 0505 0303 0304
 SR_G6, 0303 0606 0606 0303 2121 0519 0505 0303 0304
 SR_G6, 0303 0606 0606 0303 0000 0519 0505 0303 0304
 SR_G6, 0303 0606 0606 0303 0621 0000 0505 0303 0304
 SR_G6, 0303 0606 0606 0303 0621 0000 0505 0303 0304
 SR_G6, 0303 0303 0203 0303 0000 1127 0505 0203 0303
 SR_G6, 0303 0303 0203 0303 0000 0000 0000 0000 0000
 SR_G6, 0303 0303 0203 0303 0000 1127 0505 0203 0303
 SR_G6, 0303 0303 0203 0000 0000 0000 0000 0000 0000
 SR_G6, 0303 0303 0203 0303 0606 1127 0505 0203 0303
 SR_G6, 0303 0303 0203 0303 0606 1126 0505 0203 0303
 SR_G6, 0303 0305 0215 0303 0000 0723 0506 0304 0404
 SR_G6, 0303 0606 0306 0000 0000 0000 0000 0000 0000
 SR_G6, 0303 0405 0307 0303 0505 0000 0505 0203 0404
 SR_G6, 0000 0000 0000 0303 0505 0000 0000 0000 0000
 SR_G6, 0303 0505 0407 0303 0115 1119 0505 0303 0303
 SR_G6, 0303 0304 0203 0303 1919 0918 0505 0203 0303
 SR_G6, 0303 0405 0418 0303 0303 0518 0505 0404 0204
 SR_G6, 0303 0000 0418 0303 0303 0000 0505 0404 0204
 SR_G6, 0303 0000 0418 0303 0303 0000 0505 0404 0204
 SR_G6, 0303 0505 0418 0303 0303 0518 0505 0404 0204
 SR_G6, 0000 0000 0404 0303 0303 0000 0505 0404 0204
 SR_G6, 0303 0303 0204 0303 0105 0324 0505 0203 0404
 SR_G6, 0303 0303 0204 0303 0105 0324 0505 0203 0404
 SR_G6, 0000 0000 0000 0303 0105 0000 0505 0303 0404
 SR_G6, 0303 0303 0204 0303 0105 0324 0505 0203 0404
 SR_G6, 0303 0505 0808 0303 1112 0000 0505 0000 0404
 SR_G6, 0303 0505 0808 0000 0000 0000 0000 0000 0000
 SR_G6, 0303 0505 0808 0303 1212 0809 0505 0000 0404
 SR_G6, 0303 0505 0808 0303 1212 0809 0505 0000 0404
 SR_G6, 0303 0505 0808 0303 1212 0000 0505 0000 0404
 SR_G6, 0303 0505 0408 0303 0112 0518 0505 0303 0404
 SR_G6, 0303 0505 0408 0303 0112 0518 0505 0303 0404
 SR_G6, 0303 0505 0408 0303 0112 0518 0505 0303 0404
 SR_G6, 0303 0000 0407 0303 0101 0305 0505 0303 0304
 SR_G6, 0303 0000 0408 0303 0101 1818 0505 0303 0404
 SR_G6, 0303 0606 0416 0303 0101 0508 0505 0305 0404
 SR_G6, 0303 0505 0204 0303 0000 0308 0506 0103 0204
 SR_G6, 0303 0404 0506 0303 0101 0000 0505 0303 0304
 SR_G6, 0303 0406 0304 0303 0101 1728 0505 0303 0304
 SR_G6, 0303 0303 0415 0303 0000 0000 0505 0303 0304
 SR_G6, 0304 0606 0717 0303 0000 0000 0505 0304 0304
 SR_G6, 0303 0405 0407 0303 0101 0000 0505 0303 0304
 SR_G6, 0303 0505 0306 0303 0101 0305 0505 0303 0404
 SR_G6, 0303 0305 0215 0303 1919 0925 0505 0303 0404
 SR_G6, 0303 0305 0215 0303 1919 0925 0505 0303 0404
 SR_G6, 0303 0303 0202 0000 0000 0000 0000 0000 0000
 SR_G6, 0303 0000 0203 0303 0618 0000 0509 0303 0303
 SR_G6, 0303 0202 0203 0303 0101 0405 0505 0303 0404
 SR_G6, 0303 0404 0715 0303 0101 0305 0505 0103 0304
 SR_G6, 0303 0404 0715 0303 0101 0305 0505 0103 0304
 SR_G6, 0303 0404 0715 0303 0101 0305 0505 0103 0304
 SR_G6, 0303 0404 0715 0303 0101 0305 0505 0103 0304
 SR_G6, 0303 0505 0210 0303 0118 0000 0505 0203 0404
 SR_G6, 0303 0505 0210 0303 0114 0309 0505 0203 0404
 SR_G6, 0303 0505 0210 0303 0118 0309 0505 0203 0404
 SR_G6, 0303 0505 0210 0303 0118 0000 0505 0203 0404
 SR_G6, 0303 0505 0207 0303 0000 0505 0505 0103 0404
 SR_G6, 0303 0505 0207 0303 0606 0505 0505 0103 0404
Pop
  C_PB, 0303 0000 0509 0303 0101 2124 0708 0303 0303
  C_PB, 0000 0000 0509 0303 0101 2124 0708 0303 0303
  C_PB, 0000 0000 0509 0303 0101 2124 0708 0303 0303
Pop
  C_GC, 0204 0404 0307 0303 0101 0505 0505 0303 0202
  C_GC, 0204 0404 0307 0303 0101 0505 0505 0303 0202
  C_GC, 0303 0404 0304 0303 0107 0512 0506 0203 0304
  C_GC, 0303 0404 0304 0303 0107 0512 0506 0203 0304
  C_GC, 0304 0406 1515 0303 0101 0317 0505 0103 0405
  C_GC, 0404 0404 0307 0303 0101 0000 0505 0203 0202
  C_GC, 0404 0404 0307 0303 0101 0517 0505 0203 0202
  C_GC, 0404 0404 0307 0303 0101 0517 0505 0203 0202
Pop
  C_MO, 0303 0505 0203 0304 1010 0000 0507 0103 0304
  C_MO, 0000 0000 0000 0304 1010 0000 0507 0103 0304
  C_MO, 0000 0000 0000 0304 1010 0000 0507 0103 0304
  C_MO, 0303 0505 0203 0304 1010 0712 0507 0103 0304
  C_MO, 0303 0505 0409 0000 0000 0000 0000 0204 0305
  C_MO, 0303 0606 0304 0303 0000 0709 0506 0304 0303
  C_MO, 0505 0000 0213 0303 0107 0817 0305 0303 0203
  C_MO, 0303 0505 0309 0303 0404 0000 0505 0101 0303
  C_MO, 0505 0505 0413 0303 0707 0821 0306 0303 0203
  C_MO, 0204 0303 0316 0303 0608 0715 0610 0304 0204
  C_MO, 0000 0000 0000 0303 0101 0000 0506 0303 0204
  C_MO, 0303 0505 0309 0303 0404 0000 0505 0101 0303
  C_MO, 0000 0000 0404 0203 0101 0000 0404 0202 0303
  C_MO, 0303 0000 0404 0303 0101 0000 0505 0303 0203
  C_MO, 0303 0303 0416 0303 0101 0511 0508 0303 0204
  C_MO, 0303 0506 0406 0303 0101 0519 0505 0104 0204
Pop
  C_TR, 0303 0606 0304 0303 0101 0202 0608 0304 0204
  C_TR, 0305 0000 0305 0303 0101 0418 0506 0304 0303
  C_TR, 0303 0505 0607 0303 0511 1519 0506 0303 0404
  C_TR, 0000 0000 0000 0303 0511 0000 0510 0202 0304
  C_TR, 0305 0202 0406 0303 0101 0812 0506 0103 0203
  C_TR, 0000 0000 0000 0303 0607 0000 0506 0303 0304
  C_TR, 0305 0303 0304 0303 0607 0000 0506 0303 0304
  C_TR, 0303 0303 0404 0303 0307 0814 0606 0303 0304
  C_TR, 0205 0305 0613 0303 0101 0818 0505 0104 0404
  C_TR, 0205 0000 0101 0303 0101 0000 0505 0104 0404
  C_TR, 0205 0305 0613 0303 0101 0818 0505 0104 0404
  C_TR, 0205 0305 0613 0303 0101 0818 0505 0104 0404
  C_TR, 0205 0305 0613 0303 0101 0818 0505 0104 0404
  C_TR, 0000 0000 0000 0303 0101 0000 0505 0104 0404
  C_TR, 0205 0305 0613 0303 0101 0818 0505 0104 0404
  C_TR, 0000 0000 0000 0303 0101 2526 0505 0104 0404
  C_TR, 0205 0305 0613 0303 0101 0818 0505 0104 0404
Pop
   SCr, 0303 0205 0219 0303 0000 0529 0606 0303 0303
   SCr, 0303 0303 0203 0303 0512 0305 0508 0203 0304
   SCr, 0303 0505 0303 0303 0505 0509 0506 0303 0204
   SCr, 0000 0000 0000 0303 0101 0000 0505 0304 0204
   SCr, 0304 0304 0205 0303 0104 0000 0506 0204 0404
   SCr, 0304 0304 0205 0303 0104 0506 0506 0204 0404
   SCr, 0304 0304 0205 0303 0104 0506 0506 0204 0404
   SCr, 0303 0000 0219 0303 0304 0000 0606 0303 0303
   SCr, 0303 0000 0219 0303 0000 0505 0606 0303 0303
   SCr, 0303 0000 0219 0303 0304 0000 0606 0303 0303
   SCr, 0303 0000 0219 0303 0000 0505 0606 0303 0303
   SCr, 0303 0303 0415 0303 1313 0518 0509 0203 0303
   SCr, 0303 0303 0415 0303 1313 0518 0509 0203 0303
   SCr, 0303 0303 0204 0303 0000 0309 0505 0202 0204
Pop
SCl_E1, 0303 0606 0408 0303 0505 0000 0505 0202 0304
SCl_E1, 0303 0606 0408 0303 0505 0505 0505 0202 0304
SCl_E1, 0303 0606 0408 0303 0505 0505 0505 0202 0304
SCl_E1, 0303 0306 0319 0303 0606 0000 0708 0203 0404
Pop
SCl_E2, 0303 0404 0307 0303 0110 0508 0505 0303 0204
SCl_E2, 0303 0404 0307 0303 0110 0508 0505 0303 0204
SCl_E2, 0303 0404 0307 0303 0110 0508 0505 0303 0204
Pop
SCl_E3, 0303 0506 0304 0303 0304 0516 0607 0203 0303
SCl_E3, 0303 0506 0304 0303 0304 0516 0607 0203 0303
SCl_E3, 0303 0506 0304 0303 0304 0516 0607 0203 0303
SCl_E3, 0303 0506 0304 0303 0000 0516 0607 0203 0303
SCl_E3, 0303 0000 0307 0303 0101 0909 0505 0203 0303
Pop
SCl_LTG, 0303 0303 0407 0303 0101 1121 0505 0303 0203
Pop
 SCl_B, 0202 0606 0515 0303 0505 0519 0505 0103 0303
 SCl_B, 0202 0606 0515 0303 0505 0000 0505 0103 0303
 SCl_B, 0202 0606 0515 0303 0505 0000 0505 0103 0303
Pop
SCl_SSG4, 0303 0606 0202 0303 0101 0509 0507 0303 0203
SCl_SSG4, 0303 0606 0202 0303 0101 0509 0507 0303 0203
SCl_SSG4, 0303 0606 0202 0303 0101 0509 0507 0303 0203
SCl_SSG4, 0303 0606 0202 0303 0101 0000 0507 0303 0203
SCl_SSG4, 0303 0606 0202 0303 0101 0509 0507 0303 0203
SCl_SSG4, 0303 0606 0202 0303 0101 0509 0507 0303 0203
SCl_SSG4, 0303 0000 0203 0303 0101 0000 0505 0303 0303
SCl_SSG4, 0303 0000 0203 0303 0101 0809 0505 0303 0303
Pop
SCl_HC, 0303 0505 0204 0303 1212 0615 0708 0303 0304
SCl_HC, 0303 0505 0204 0303 1111 0615 0708 0303 0304
SCl_HC, 0303 0505 0204 0303 1111 0000 0708 0303 0304
SCl_HC, 0000 0000 0000 0000 0000 0000 0000 0000 0000
