

----------------------------------------------------
STRUCTURE by Pritchard, Stephens and Donnelly (2000)
     and Falush, Stephens and Pritchard (2003)
       Code by Pritchard, Falush and Hubisz
             Version 2.3.4 (Jul 2012)
----------------------------------------------------



Command line arguments:   bin\structure -m C:\Users\eschumacher\Documents\GitHub\Ten_Oaks\Data_Files\QUTO_wild\50-50\mainparams -e C:\Users\eschumacher\Documents\GitHub\Ten_Oaks\Data_Files\QUTO_wild\50-50\extraparams 
Input File:    C:\Users\eschumacher\Documents\GitHub\Ten_Oaks\Data_Files\QUTO_wild\project_data

Run parameters:
   136 individuals
   9 loci
   20 populations assumed
   50000 Burn-in period
   50000 Reps


--------------------------------------------
Proportion of membership of each pre-defined
 population in each of the 20 clusters

Given    Inferred Clusters                                                                                                                              Number of
 Pop       1      2      3      4      5      6      7      8      9     10     11     12     13     14     15     16     17     18     19     20      Individuals

  1:     0.259  0.020  0.065  0.017  0.016  0.015  0.025  0.036  0.023  0.030  0.009  0.013  0.047  0.018  0.131  0.031  0.012  0.193  0.018  0.023        1
  2:     0.007  0.007  0.004  0.006  0.005  0.460  0.005  0.006  0.012  0.008  0.004  0.005  0.006  0.004  0.006  0.010  0.421  0.008  0.011  0.005        4
  3:     0.028  0.019  0.013  0.726  0.016  0.007  0.004  0.017  0.017  0.016  0.011  0.005  0.009  0.006  0.025  0.015  0.008  0.024  0.024  0.009        4
  4:     0.087  0.007  0.013  0.027  0.008  0.006  0.008  0.019  0.012  0.017  0.004  0.537  0.041  0.007  0.106  0.013  0.005  0.059  0.010  0.012        5
  5:     0.069  0.120  0.064  0.124  0.010  0.061  0.024  0.024  0.032  0.022  0.014  0.010  0.031  0.050  0.049  0.032  0.134  0.052  0.060  0.017       71
  6:     0.005  0.006  0.004  0.003  0.012  0.004  0.004  0.007  0.008  0.043  0.005  0.011  0.733  0.003  0.124  0.010  0.004  0.005  0.005  0.005        2
  7:     0.025  0.007  0.004  0.008  0.005  0.018  0.608  0.034  0.052  0.021  0.034  0.005  0.015  0.006  0.032  0.060  0.014  0.018  0.006  0.028        5
  8:     0.033  0.053  0.007  0.011  0.046  0.012  0.015  0.041  0.069  0.177  0.014  0.044  0.066  0.037  0.046  0.074  0.009  0.049  0.012  0.185       10
  9:     0.036  0.025  0.010  0.071  0.045  0.006  0.009  0.042  0.058  0.021  0.015  0.109  0.029  0.020  0.035  0.049  0.013  0.025  0.037  0.345        8
 10:     0.033  0.006  0.013  0.012  0.020  0.014  0.042  0.229  0.070  0.076  0.034  0.110  0.018  0.016  0.046  0.067  0.110  0.034  0.036  0.013        9
 11:     0.015  0.011  0.043  0.010  0.028  0.008  0.005  0.046  0.046  0.023  0.543  0.022  0.021  0.007  0.020  0.047  0.010  0.016  0.075  0.006        3
 12:     0.021  0.011  0.019  0.039  0.019  0.017  0.554  0.016  0.033  0.099  0.006  0.008  0.014  0.009  0.033  0.036  0.006  0.028  0.006  0.027        1
 13:     0.031  0.010  0.006  0.006  0.021  0.013  0.051  0.337  0.020  0.167  0.027  0.008  0.043  0.008  0.077  0.020  0.028  0.083  0.034  0.012        3
 14:     0.049  0.006  0.005  0.005  0.006  0.008  0.041  0.074  0.031  0.039  0.005  0.043  0.320  0.009  0.136  0.033  0.013  0.036  0.079  0.062        1
 15:     0.005  0.021  0.004  0.005  0.004  0.004  0.005  0.005  0.006  0.006  0.890  0.005  0.008  0.003  0.006  0.006  0.003  0.005  0.005  0.005        2
 16:     0.028  0.026  0.009  0.008  0.012  0.022  0.025  0.069  0.019  0.111  0.010  0.008  0.238  0.007  0.077  0.019  0.019  0.206  0.060  0.027        4
 17:     0.006  0.004  0.040  0.006  0.872  0.004  0.003  0.006  0.006  0.006  0.004  0.004  0.006  0.004  0.006  0.005  0.004  0.005  0.004  0.004        3
--------------------------------------------

Allele-freq. divergence among pops (Net nucleotide distance),
computed using point estimates of P.

      1       2       3       4       5       6       7       8       9      10      11      12      13      14      15      16      17      18      19      20      
 1      -    0.1369  0.1141  0.1069  0.1132  0.1517  0.2157  0.0955  0.0312  0.0457  0.1925  0.1613  0.0869  0.1601  0.0166  0.0309  0.1555  0.0081  0.1715  0.0734  
 2   0.1369     -    0.2540  0.1998  0.2568  0.2435  0.2897  0.1684  0.1267  0.1493  0.2082  0.2685  0.1279  0.3023  0.1126  0.1262  0.2934  0.1136  0.2706  0.1701  
 3   0.1141  0.2540     -    0.1742  0.1931  0.2880  0.3820  0.2286  0.1461  0.1668  0.3280  0.2845  0.2268  0.2439  0.1367  0.1461  0.3048  0.1316  0.3240  0.1981  
 4   0.1069  0.1998  0.1742     -    0.1408  0.2646  0.4049  0.1480  0.1119  0.1298  0.3443  0.2346  0.2036  0.2692  0.1126  0.1122  0.2677  0.1253  0.2883  0.1423  
 5   0.1132  0.2568  0.1931  0.1408     -    0.2193  0.3733  0.1123  0.0904  0.0862  0.2874  0.2169  0.1302  0.2542  0.0950  0.0909  0.2592  0.1097  0.2437  0.1448  
 6   0.1517  0.2435  0.2880  0.2646  0.2193     -    0.2347  0.1462  0.0991  0.1185  0.2383  0.2226  0.1556  0.2763  0.1281  0.0994  0.1849  0.1342  0.1501  0.1759  
 7   0.2157  0.2897  0.3820  0.4049  0.3733  0.2347     -    0.2472  0.1860  0.2252  0.2932  0.2941  0.2142  0.3127  0.1897  0.1853  0.3593  0.1994  0.3293  0.1881  
 8   0.0955  0.1684  0.2286  0.1480  0.1123  0.1462  0.2472     -    0.0416  0.0355  0.1642  0.1564  0.0627  0.2006  0.0478  0.0418  0.1963  0.0702  0.1450  0.0844  
 9   0.0312  0.1267  0.1461  0.1119  0.0904  0.0991  0.1860  0.0416     -    0.0180  0.1377  0.0987  0.0458  0.1479  0.0129  0.0000  0.1235  0.0221  0.1079  0.0388  
10   0.0457  0.1493  0.1668  0.1298  0.0862  0.1185  0.2252  0.0355  0.0180     -    0.1520  0.1372  0.0553  0.1714  0.0221  0.0181  0.1585  0.0282  0.1247  0.0637  
11   0.1925  0.2082  0.3280  0.3443  0.2874  0.2383  0.2932  0.1642  0.1377  0.1520     -    0.2734  0.1828  0.2772  0.1595  0.1378  0.2625  0.1623  0.2301  0.1872  
12   0.1613  0.2685  0.2845  0.2346  0.2169  0.2226  0.2941  0.1564  0.0987  0.1372  0.2734     -    0.1545  0.2237  0.1379  0.0985  0.2104  0.1542  0.1838  0.1471  
13   0.0869  0.1279  0.2268  0.2036  0.1302  0.1556  0.2142  0.0627  0.0458  0.0553  0.1828  0.1545     -    0.2480  0.0367  0.0456  0.1975  0.0558  0.1448  0.0753  
14   0.1601  0.3023  0.2439  0.2692  0.2542  0.2763  0.3127  0.2006  0.1479  0.1714  0.2772  0.2237  0.2480     -    0.1612  0.1478  0.3091  0.1691  0.3150  0.1922  
15   0.0166  0.1126  0.1367  0.1126  0.0950  0.1281  0.1897  0.0478  0.0129  0.0221  0.1595  0.1379  0.0367  0.1612     -    0.0127  0.1612  0.0088  0.1332  0.0521  
16   0.0309  0.1262  0.1461  0.1122  0.0909  0.0994  0.1853  0.0418  0.0000  0.0181  0.1378  0.0985  0.0456  0.1478  0.0127     -    0.1237  0.0218  0.1082  0.0387  
17   0.1555  0.2934  0.3048  0.2677  0.2592  0.1849  0.3593  0.1963  0.1235  0.1585  0.2625  0.2104  0.1975  0.3091  0.1612  0.1237     -    0.1462  0.1386  0.1823  
18   0.0081  0.1136  0.1316  0.1253  0.1097  0.1342  0.1994  0.0702  0.0221  0.0282  0.1623  0.1542  0.0558  0.1691  0.0088  0.0218  0.1462     -    0.1454  0.0670  
19   0.1715  0.2706  0.3240  0.2883  0.2437  0.1501  0.3293  0.1450  0.1079  0.1247  0.2301  0.1838  0.1448  0.3150  0.1332  0.1082  0.1386  0.1454     -    0.1759  
20   0.0734  0.1701  0.1981  0.1423  0.1448  0.1759  0.1881  0.0844  0.0388  0.0637  0.1872  0.1471  0.0753  0.1922  0.0521  0.0387  0.1823  0.0670  0.1759     -    

Average distances (expected heterozygosity) between individuals in same cluster:
cluster  1  : 0.4495 
cluster  2  : 0.2365 
cluster  3  : 0.1938 
cluster  4  : 0.2983 
cluster  5  : 0.4153 
cluster  6  : 0.3848 
cluster  7  : 0.3194 
cluster  8  : 0.5111 
cluster  9  : 0.6118 
cluster 10  : 0.5640 
cluster 11  : 0.4053 
cluster 12  : 0.4647 
cluster 13  : 0.4660 
cluster 14  : 0.3225 
cluster 15  : 0.5045 
cluster 16  : 0.6108 
cluster 17  : 0.3005 
cluster 18  : 0.4705 
cluster 19  : 0.3347 
cluster 20  : 0.6090 

--------------------------------------------
Estimated Ln Prob of Data   = -2314.2
Mean value of ln likelihood = -1795.6
Variance of ln likelihood   = 1037.2
Mean value of alpha         = 0.0353

Mean value of Fst_1         = 0.3295
Mean value of Fst_2         = 0.6007
Mean value of Fst_3         = 0.6805
Mean value of Fst_4         = 0.5059
Mean value of Fst_5         = 0.4353
Mean value of Fst_6         = 0.4584
Mean value of Fst_7         = 0.5659
Mean value of Fst_8         = 0.3179
Mean value of Fst_9         = 0.0000
Mean value of Fst_10         = 0.2828
Mean value of Fst_11         = 0.4538
Mean value of Fst_12         = 0.3903
Mean value of Fst_13         = 0.3376
Mean value of Fst_14         = 0.5600
Mean value of Fst_15         = 0.3240
Mean value of Fst_16         = 0.0045
Mean value of Fst_17         = 0.5211
Mean value of Fst_18         = 0.3699
Mean value of Fst_19         = 0.4793
Mean value of Fst_20         = 0.2022


Inferred ancestry of individuals:
        Label (%Miss) Pop:  Inferred clusters
  1 QTo-W-0007   (11)    1 :  0.259 0.020 0.065 0.017 0.016 0.015 0.025 0.036 0.023 0.030 0.009 0.013 0.047 0.018 0.131 0.031 0.012 0.193 0.018 0.023 
  2 QTo-W-0009    (0)    2 :  0.005 0.016 0.004 0.011 0.004 0.895 0.004 0.004 0.006 0.004 0.004 0.004 0.004 0.004 0.004 0.005 0.007 0.005 0.007 0.004 
  3 QTo-W-0010    (0)    2 :  0.011 0.005 0.005 0.005 0.006 0.038 0.007 0.011 0.032 0.017 0.005 0.009 0.008 0.004 0.009 0.024 0.760 0.013 0.023 0.008 
  4 QTo-W-0011    (0)    2 :  0.006 0.005 0.005 0.004 0.004 0.904 0.005 0.004 0.005 0.005 0.004 0.004 0.005 0.004 0.005 0.005 0.010 0.006 0.008 0.004 
  5 QTo-W-0012   (22)    2 :  0.006 0.004 0.004 0.005 0.005 0.005 0.003 0.005 0.005 0.005 0.004 0.005 0.005 0.003 0.005 0.005 0.907 0.006 0.008 0.004 
  6 QTo-W-0020   (22)    3 :  0.004 0.006 0.004 0.920 0.004 0.004 0.003 0.004 0.005 0.004 0.003 0.004 0.004 0.003 0.004 0.004 0.006 0.004 0.003 0.006 
  7 QTo-W-0021   (22)    3 :  0.019 0.015 0.020 0.806 0.014 0.006 0.005 0.008 0.010 0.009 0.006 0.006 0.008 0.011 0.013 0.010 0.006 0.013 0.006 0.009 
  8 QTo-W-0023   (22)    3 :  0.014 0.047 0.015 0.788 0.021 0.007 0.004 0.008 0.012 0.010 0.005 0.004 0.007 0.005 0.011 0.009 0.008 0.012 0.006 0.009 
  9 QTo-W-0024   (11)    3 :  0.075 0.008 0.012 0.390 0.026 0.011 0.004 0.049 0.042 0.042 0.030 0.006 0.017 0.006 0.074 0.035 0.011 0.066 0.083 0.013 
 10 QTo-W-0033    (0)    4 :  0.005 0.004 0.005 0.015 0.005 0.012 0.005 0.005 0.008 0.005 0.004 0.859 0.008 0.006 0.007 0.009 0.007 0.006 0.020 0.006 
 11 QTo-W-0035   (11)    4 :  0.005 0.005 0.006 0.005 0.005 0.005 0.006 0.005 0.005 0.005 0.004 0.895 0.006 0.007 0.006 0.006 0.006 0.005 0.007 0.005 
 12 QTo-W-0036    (0)    4 :  0.004 0.004 0.004 0.004 0.004 0.004 0.005 0.004 0.005 0.004 0.003 0.919 0.005 0.005 0.004 0.004 0.005 0.004 0.005 0.004 
 13 QTo-W-0039   (11)    4 :  0.238 0.012 0.034 0.066 0.014 0.005 0.011 0.030 0.014 0.035 0.005 0.006 0.063 0.011 0.249 0.014 0.005 0.167 0.011 0.012 
 14 QTo-W-0041    (0)    4 :  0.185 0.009 0.018 0.044 0.012 0.005 0.015 0.049 0.031 0.038 0.004 0.005 0.125 0.008 0.261 0.031 0.004 0.113 0.009 0.035 
 15 QTo-W-0044    (0)    5 :  0.007 0.027 0.004 0.008 0.004 0.624 0.021 0.094 0.014 0.022 0.008 0.004 0.007 0.090 0.021 0.011 0.004 0.007 0.016 0.005 
 16 QTo-W-0047    (0)    5 :  0.007 0.004 0.004 0.004 0.005 0.887 0.005 0.006 0.007 0.006 0.004 0.004 0.004 0.004 0.005 0.009 0.011 0.006 0.014 0.004 
 17 QTo-W-0048   (11)    5 :  0.009 0.006 0.006 0.005 0.005 0.877 0.007 0.006 0.006 0.007 0.006 0.005 0.005 0.004 0.006 0.006 0.011 0.008 0.010 0.005 
 18 QTo-W-0049    (0)    5 :  0.008 0.004 0.004 0.004 0.004 0.035 0.006 0.006 0.007 0.010 0.005 0.008 0.005 0.004 0.007 0.008 0.840 0.007 0.022 0.005 
 19 QTo-W-0050   (22)    5 :  0.016 0.394 0.012 0.026 0.007 0.014 0.006 0.019 0.048 0.017 0.057 0.112 0.097 0.007 0.030 0.048 0.026 0.018 0.032 0.016 
 20 QTo-W-0052    (0)    5 :  0.014 0.005 0.008 0.004 0.004 0.024 0.655 0.022 0.013 0.016 0.018 0.006 0.006 0.135 0.014 0.013 0.013 0.014 0.008 0.008 
 21 QTo-W-0054    (0)    5 :  0.006 0.004 0.004 0.005 0.004 0.005 0.003 0.004 0.004 0.005 0.004 0.004 0.005 0.004 0.005 0.004 0.912 0.006 0.008 0.004 
 22 QTo-W-0056    (0)    5 :  0.005 0.004 0.004 0.004 0.004 0.036 0.006 0.005 0.006 0.006 0.004 0.004 0.004 0.004 0.005 0.006 0.881 0.005 0.006 0.004 
 23 QTo-W-0057    (0)    5 :  0.006 0.004 0.004 0.004 0.004 0.111 0.009 0.007 0.007 0.008 0.005 0.007 0.007 0.003 0.007 0.008 0.712 0.007 0.074 0.005 
 24 QTo-W-0058    (0)    5 :  0.005 0.004 0.005 0.004 0.004 0.005 0.003 0.004 0.004 0.004 0.004 0.004 0.005 0.003 0.004 0.004 0.916 0.006 0.007 0.004 
 25 QTo-W-0059    (0)    5 :  0.015 0.068 0.005 0.020 0.005 0.068 0.022 0.043 0.032 0.018 0.010 0.005 0.009 0.077 0.015 0.030 0.521 0.013 0.013 0.009 
 26 QTo-W-0060    (0)    5 :  0.006 0.004 0.004 0.005 0.005 0.064 0.006 0.006 0.007 0.005 0.004 0.006 0.008 0.004 0.007 0.006 0.816 0.007 0.026 0.005 
 27 QTo-W-0061    (0)    5 :  0.091 0.008 0.024 0.025 0.024 0.006 0.010 0.019 0.053 0.042 0.006 0.005 0.023 0.008 0.081 0.050 0.427 0.072 0.007 0.021 
 28 QTo-W-0062   (11)    5 :  0.006 0.006 0.005 0.005 0.005 0.006 0.004 0.005 0.005 0.005 0.004 0.005 0.006 0.004 0.006 0.006 0.897 0.005 0.010 0.005 
 29 QTo-W-0065   (11)    5 :  0.035 0.010 0.034 0.044 0.026 0.007 0.004 0.013 0.013 0.017 0.006 0.005 0.011 0.013 0.021 0.016 0.680 0.030 0.008 0.010 
 30 QTo-W-0067    (0)    5 :  0.027 0.007 0.021 0.034 0.013 0.050 0.007 0.012 0.016 0.012 0.004 0.007 0.016 0.009 0.023 0.019 0.685 0.020 0.013 0.007 
 31 QTo-W-0071    (0)    5 :  0.113 0.011 0.022 0.016 0.013 0.013 0.006 0.084 0.040 0.054 0.017 0.006 0.203 0.008 0.240 0.035 0.005 0.066 0.017 0.031 
 32 QTo-W-0072    (0)    5 :  0.028 0.579 0.014 0.215 0.010 0.004 0.010 0.018 0.011 0.012 0.004 0.006 0.011 0.008 0.021 0.010 0.003 0.021 0.003 0.013 
 33 QTo-W-0075    (0)    5 :  0.045 0.058 0.017 0.702 0.006 0.005 0.009 0.009 0.007 0.012 0.009 0.004 0.006 0.013 0.040 0.008 0.005 0.032 0.008 0.006 
 34 QTo-W-0076   (11)    5 :  0.019 0.014 0.008 0.745 0.016 0.010 0.004 0.030 0.015 0.018 0.009 0.010 0.012 0.007 0.019 0.015 0.007 0.013 0.015 0.011 
 35 QTo-W-0077   (11)    5 :  0.114 0.042 0.015 0.266 0.012 0.139 0.004 0.012 0.042 0.018 0.005 0.016 0.011 0.008 0.047 0.037 0.036 0.093 0.073 0.012 
 36 QTo-W-0079    (0)    5 :  0.004 0.005 0.005 0.931 0.004 0.003 0.003 0.004 0.003 0.004 0.003 0.004 0.003 0.003 0.004 0.004 0.005 0.004 0.003 0.004 
 37 QTo-W-0080   (11)    5 :  0.055 0.006 0.014 0.128 0.016 0.008 0.008 0.051 0.172 0.024 0.006 0.008 0.045 0.007 0.082 0.143 0.111 0.052 0.008 0.056 
 38 QTo-W-0081   (11)    5 :  0.033 0.007 0.012 0.766 0.016 0.006 0.004 0.018 0.013 0.012 0.004 0.013 0.007 0.008 0.031 0.012 0.007 0.015 0.009 0.007 
 39 QTo-W-0082    (0)    5 :  0.017 0.009 0.008 0.725 0.011 0.008 0.004 0.019 0.018 0.015 0.008 0.005 0.035 0.005 0.041 0.018 0.013 0.013 0.008 0.019 
 40 QTo-W-0087    (0)    5 :  0.009 0.024 0.007 0.871 0.007 0.005 0.003 0.005 0.006 0.006 0.004 0.004 0.005 0.004 0.008 0.006 0.008 0.007 0.006 0.006 
 41 QTo-W-0088   (11)    5 :  0.017 0.008 0.008 0.855 0.008 0.007 0.003 0.007 0.007 0.007 0.004 0.005 0.005 0.005 0.010 0.006 0.013 0.011 0.008 0.006 
 42 QTo-W-0089   (11)    5 :  0.019 0.008 0.010 0.853 0.008 0.004 0.003 0.008 0.007 0.008 0.004 0.010 0.005 0.007 0.012 0.008 0.005 0.008 0.005 0.006 
 43 QTo-W-0090    (0)    5 :  0.020 0.008 0.011 0.699 0.011 0.020 0.004 0.013 0.036 0.014 0.005 0.024 0.015 0.006 0.024 0.042 0.006 0.013 0.023 0.007 
 44 QTo-W-0093   (11)    5 :  0.062 0.189 0.007 0.176 0.014 0.011 0.011 0.037 0.065 0.040 0.029 0.004 0.040 0.005 0.083 0.055 0.033 0.078 0.038 0.022 
 45 QTo-W-0098    (0)    5 :  0.015 0.830 0.007 0.009 0.006 0.010 0.006 0.008 0.010 0.009 0.012 0.004 0.008 0.005 0.010 0.008 0.013 0.015 0.010 0.007 
 46 QTo-W-0101   (11)    5 :  0.024 0.757 0.012 0.012 0.007 0.011 0.008 0.011 0.013 0.011 0.014 0.005 0.015 0.007 0.015 0.014 0.015 0.026 0.014 0.009 
 47 QTo-W-0114    (0)    5 :  0.014 0.869 0.011 0.013 0.006 0.004 0.005 0.006 0.005 0.006 0.005 0.004 0.006 0.006 0.012 0.005 0.004 0.010 0.003 0.005 
 48 QTo-W-0116   (11)    5 :  0.006 0.896 0.005 0.006 0.004 0.005 0.005 0.007 0.005 0.006 0.008 0.004 0.006 0.005 0.006 0.005 0.005 0.006 0.005 0.004 
 49 QTo-W-0117   (22)    5 :  0.007 0.868 0.007 0.010 0.006 0.008 0.004 0.007 0.007 0.007 0.010 0.005 0.008 0.005 0.007 0.006 0.007 0.008 0.008 0.006 
 50 QTo-W-0118    (0)    5 :  0.004 0.920 0.004 0.005 0.004 0.004 0.003 0.005 0.004 0.004 0.006 0.003 0.005 0.004 0.005 0.004 0.003 0.005 0.004 0.003 
 51 QTo-W-0121   (11)    5 :  0.011 0.798 0.005 0.030 0.005 0.008 0.004 0.007 0.009 0.009 0.008 0.004 0.008 0.004 0.015 0.010 0.005 0.012 0.043 0.005 
 52 QTo-W-0124   (11)    5 :  0.006 0.005 0.005 0.004 0.005 0.011 0.004 0.006 0.006 0.006 0.005 0.006 0.006 0.004 0.006 0.005 0.020 0.006 0.881 0.004 
 53 QTo-W-0128    (0)    5 :  0.005 0.004 0.003 0.004 0.004 0.007 0.003 0.004 0.005 0.004 0.004 0.004 0.004 0.003 0.004 0.004 0.009 0.005 0.915 0.003 
 54 QTo-W-0129    (0)    5 :  0.006 0.004 0.004 0.004 0.004 0.009 0.004 0.006 0.010 0.006 0.004 0.005 0.006 0.003 0.006 0.010 0.011 0.006 0.888 0.004 
 55 QTo-W-0131   (11)    5 :  0.046 0.006 0.012 0.031 0.018 0.019 0.004 0.033 0.233 0.064 0.012 0.056 0.022 0.026 0.052 0.223 0.042 0.053 0.015 0.032 
 56 QTo-W-0133   (11)    5 :  0.162 0.009 0.020 0.014 0.020 0.056 0.103 0.027 0.050 0.057 0.145 0.009 0.014 0.012 0.089 0.045 0.016 0.128 0.015 0.009 
 57 QTo-W-0137    (0)    5 :  0.084 0.067 0.010 0.023 0.026 0.015 0.007 0.067 0.076 0.047 0.011 0.005 0.169 0.007 0.196 0.078 0.006 0.057 0.023 0.027 
 58 QTo-W-0138    (0)    5 :  0.072 0.004 0.029 0.003 0.006 0.081 0.015 0.023 0.066 0.063 0.008 0.008 0.015 0.016 0.022 0.063 0.140 0.069 0.284 0.012 
 59 QTo-W-0139    (0)    5 :  0.006 0.004 0.009 0.004 0.003 0.009 0.015 0.005 0.005 0.005 0.004 0.004 0.004 0.895 0.006 0.005 0.004 0.005 0.003 0.004 
 60 QTo-W-0140   (22)    5 :  0.006 0.005 0.006 0.005 0.004 0.005 0.005 0.004 0.005 0.005 0.004 0.006 0.005 0.907 0.005 0.005 0.005 0.005 0.004 0.004 
 61 QTo-W-0142    (0)    5 :  0.006 0.004 0.011 0.005 0.004 0.003 0.004 0.004 0.004 0.004 0.004 0.004 0.004 0.914 0.005 0.004 0.003 0.006 0.003 0.004 
 62 QTo-W-0144    (0)    5 :  0.122 0.008 0.009 0.007 0.012 0.007 0.006 0.027 0.080 0.021 0.051 0.016 0.135 0.009 0.058 0.078 0.228 0.088 0.025 0.013 
 63 QTo-W-0149   (22)    5 :  0.010 0.006 0.788 0.007 0.097 0.005 0.004 0.006 0.010 0.006 0.005 0.005 0.005 0.007 0.008 0.010 0.005 0.007 0.005 0.005 
 64 QTo-W-0151   (11)    5 :  0.020 0.005 0.800 0.031 0.006 0.004 0.005 0.006 0.009 0.012 0.005 0.005 0.007 0.006 0.010 0.010 0.014 0.024 0.005 0.017 
 65 QTo-W-0153   (22)    5 :  0.007 0.006 0.905 0.006 0.006 0.004 0.004 0.004 0.005 0.005 0.004 0.004 0.004 0.006 0.005 0.005 0.005 0.006 0.004 0.004 
 66 QTo-W-0154    (0)    5 :  0.040 0.022 0.686 0.009 0.009 0.004 0.013 0.021 0.012 0.011 0.011 0.005 0.020 0.040 0.036 0.011 0.004 0.031 0.004 0.012 
 67 QTo-W-0159   (11)    5 :  0.191 0.034 0.011 0.007 0.011 0.007 0.037 0.077 0.022 0.060 0.016 0.006 0.112 0.009 0.188 0.024 0.018 0.132 0.009 0.027 
 68 QTo-W-0161   (11)    5 :  0.041 0.023 0.623 0.008 0.009 0.004 0.011 0.030 0.013 0.018 0.007 0.007 0.046 0.028 0.046 0.018 0.005 0.032 0.006 0.026 
 69 QTo-W-0162    (0)    5 :  0.042 0.177 0.022 0.020 0.008 0.005 0.010 0.065 0.144 0.039 0.039 0.015 0.074 0.014 0.077 0.136 0.004 0.055 0.005 0.051 
 70 QTo-W-0163   (11)    5 :  0.106 0.006 0.016 0.182 0.030 0.006 0.011 0.028 0.066 0.052 0.011 0.013 0.014 0.033 0.057 0.076 0.025 0.073 0.007 0.190 
 71 QTo-W-0167   (11)    5 :  0.029 0.200 0.008 0.019 0.006 0.135 0.074 0.036 0.044 0.025 0.020 0.034 0.181 0.009 0.069 0.044 0.011 0.025 0.008 0.021 
 72 QTo-W-0170    (0)    5 :  0.071 0.033 0.008 0.007 0.007 0.022 0.072 0.090 0.055 0.060 0.020 0.008 0.163 0.007 0.181 0.060 0.006 0.080 0.011 0.040 
 73 QTo-W-0171   (22)    5 :  0.065 0.013 0.017 0.015 0.019 0.011 0.006 0.064 0.067 0.052 0.047 0.029 0.115 0.014 0.105 0.062 0.064 0.052 0.154 0.029 
 74 QTo-W-0172   (22)    5 :  0.029 0.066 0.008 0.006 0.009 0.008 0.072 0.044 0.194 0.038 0.070 0.031 0.041 0.025 0.050 0.205 0.007 0.059 0.010 0.026 
 75 QTo-W-0173   (11)    5 :  0.139 0.018 0.017 0.011 0.014 0.020 0.044 0.080 0.022 0.062 0.007 0.005 0.165 0.010 0.219 0.023 0.008 0.087 0.008 0.040 
 76 QTo-W-0174    (0)    5 :  0.260 0.212 0.019 0.033 0.009 0.013 0.027 0.025 0.021 0.029 0.006 0.009 0.019 0.010 0.077 0.024 0.011 0.173 0.008 0.015 
 77 QTo-W-0175    (0)    5 :  0.164 0.007 0.034 0.012 0.011 0.010 0.004 0.029 0.125 0.066 0.009 0.009 0.017 0.006 0.046 0.159 0.054 0.115 0.110 0.012 
 78 QTo-W-0182   (22)    5 :  0.012 0.009 0.006 0.016 0.009 0.604 0.005 0.015 0.018 0.012 0.006 0.005 0.010 0.004 0.015 0.015 0.009 0.014 0.208 0.007 
 79 QTo-W-0184    (0)    5 :  0.083 0.028 0.013 0.034 0.010 0.016 0.038 0.095 0.063 0.036 0.007 0.057 0.050 0.008 0.101 0.083 0.011 0.083 0.012 0.173 
 80 QTo-W-0188    (0)    5 :  0.126 0.012 0.006 0.004 0.005 0.020 0.161 0.078 0.047 0.062 0.081 0.005 0.067 0.007 0.140 0.040 0.016 0.086 0.007 0.030 
 81 QTo-W-0192   (11)    5 :  0.472 0.009 0.013 0.009 0.009 0.036 0.005 0.006 0.013 0.008 0.005 0.005 0.007 0.006 0.065 0.010 0.008 0.303 0.006 0.006 
 82 QTo-W-0193    (0)    5 :  0.479 0.006 0.009 0.006 0.006 0.006 0.004 0.008 0.019 0.011 0.004 0.004 0.006 0.005 0.065 0.019 0.018 0.312 0.006 0.007 
 83 QTo-W-0194    (0)    5 :  0.490 0.006 0.010 0.006 0.005 0.023 0.004 0.004 0.008 0.006 0.004 0.004 0.005 0.004 0.066 0.010 0.017 0.317 0.005 0.005 
 84 QTo-W-0196   (11)    5 :  0.301 0.010 0.016 0.011 0.013 0.007 0.009 0.023 0.012 0.078 0.009 0.005 0.008 0.012 0.205 0.009 0.009 0.252 0.006 0.008 
 85 QTo-W-0197    (0)    5 :  0.293 0.007 0.009 0.041 0.009 0.005 0.008 0.017 0.010 0.072 0.008 0.004 0.006 0.010 0.214 0.010 0.006 0.243 0.021 0.006 
 86 QTo-W-0200   (11)    6 :  0.005 0.006 0.004 0.003 0.012 0.004 0.003 0.006 0.008 0.043 0.005 0.011 0.734 0.003 0.125 0.010 0.004 0.005 0.005 0.004 
 87 QTo-W-0201   (22)    6 :  0.005 0.005 0.004 0.003 0.013 0.004 0.004 0.007 0.007 0.043 0.005 0.010 0.733 0.003 0.124 0.009 0.004 0.006 0.005 0.006 
 88 QTo-W-0205    (0)    7 :  0.004 0.004 0.003 0.003 0.003 0.004 0.928 0.003 0.004 0.004 0.006 0.003 0.004 0.004 0.004 0.004 0.003 0.004 0.003 0.004 
 89 QTo-W-0208    (0)    7 :  0.027 0.009 0.007 0.030 0.010 0.071 0.115 0.083 0.134 0.053 0.017 0.011 0.023 0.013 0.053 0.154 0.049 0.040 0.013 0.089 
 90 QTo-W-0211    (0)    7 :  0.081 0.013 0.005 0.004 0.004 0.006 0.161 0.075 0.113 0.042 0.139 0.005 0.038 0.005 0.091 0.132 0.008 0.038 0.004 0.036 
 91 QTo-W-0212   (11)    7 :  0.005 0.004 0.003 0.003 0.003 0.006 0.924 0.004 0.004 0.004 0.004 0.004 0.004 0.003 0.004 0.004 0.005 0.005 0.005 0.004 
 92 QTo-W-0213    (0)    7 :  0.006 0.004 0.003 0.003 0.003 0.004 0.912 0.005 0.005 0.005 0.005 0.003 0.006 0.003 0.008 0.005 0.004 0.005 0.004 0.007 
 93 QTo-W-0216   (11)    8 :  0.011 0.005 0.008 0.007 0.185 0.008 0.004 0.009 0.014 0.561 0.005 0.005 0.009 0.005 0.043 0.014 0.007 0.066 0.009 0.024 
 94 QTo-W-0220    (0)    8 :  0.010 0.004 0.006 0.006 0.169 0.021 0.004 0.009 0.020 0.558 0.005 0.005 0.007 0.004 0.043 0.019 0.009 0.066 0.006 0.028 
 95 QTo-W-0224   (11)    8 :  0.014 0.019 0.006 0.010 0.010 0.041 0.006 0.119 0.088 0.127 0.050 0.041 0.080 0.035 0.051 0.114 0.021 0.129 0.016 0.027 
 96 QTo-W-0225   (11)    8 :  0.060 0.005 0.004 0.008 0.006 0.006 0.018 0.008 0.011 0.008 0.005 0.004 0.011 0.004 0.011 0.011 0.016 0.010 0.007 0.785 
 97 QTo-W-0227   (11)    8 :  0.041 0.005 0.009 0.012 0.034 0.010 0.005 0.061 0.066 0.382 0.026 0.059 0.071 0.010 0.050 0.064 0.006 0.052 0.013 0.024 
 98 QTo-W-0229    (0)    8 :  0.060 0.003 0.005 0.038 0.008 0.003 0.004 0.009 0.008 0.007 0.003 0.003 0.020 0.005 0.011 0.009 0.007 0.005 0.004 0.787 
 99 QTo-W-0231    (0)    8 :  0.009 0.003 0.003 0.006 0.012 0.007 0.032 0.029 0.359 0.013 0.005 0.068 0.008 0.008 0.008 0.383 0.006 0.007 0.019 0.015 
100 QTo-W-0238   (22)    8 :  0.061 0.027 0.015 0.008 0.017 0.007 0.037 0.077 0.024 0.064 0.012 0.015 0.246 0.035 0.140 0.023 0.007 0.099 0.014 0.071 
101 QTo-W-0240    (0)    8 :  0.036 0.017 0.009 0.006 0.015 0.008 0.026 0.074 0.082 0.028 0.008 0.228 0.196 0.018 0.078 0.078 0.007 0.029 0.026 0.031 
102 QTo-W-0242    (0)    8 :  0.028 0.440 0.007 0.009 0.007 0.004 0.011 0.012 0.021 0.018 0.025 0.016 0.012 0.245 0.028 0.028 0.004 0.023 0.004 0.058 
103 QTo-W-0244    (0)    9 :  0.011 0.048 0.005 0.008 0.008 0.004 0.009 0.040 0.018 0.027 0.017 0.599 0.080 0.012 0.025 0.016 0.003 0.046 0.004 0.019 
104 QTo-W-0245   (11)    9 :  0.022 0.010 0.014 0.012 0.006 0.010 0.010 0.034 0.104 0.023 0.014 0.177 0.059 0.019 0.040 0.087 0.005 0.027 0.016 0.312 
105 QTo-W-0251    (0)    9 :  0.051 0.086 0.012 0.253 0.306 0.005 0.011 0.020 0.050 0.023 0.032 0.005 0.011 0.005 0.043 0.030 0.004 0.041 0.004 0.009 
106 QTo-W-0253    (0)    9 :  0.034 0.018 0.004 0.015 0.006 0.005 0.007 0.038 0.033 0.021 0.006 0.005 0.018 0.006 0.037 0.024 0.004 0.012 0.004 0.704 
107 QTo-W-0256   (11)    9 :  0.028 0.006 0.007 0.078 0.009 0.009 0.005 0.040 0.068 0.018 0.005 0.026 0.018 0.006 0.026 0.074 0.045 0.019 0.229 0.284 
108 QTo-W-0258    (0)    9 :  0.017 0.004 0.007 0.181 0.013 0.005 0.004 0.148 0.121 0.035 0.006 0.020 0.029 0.031 0.041 0.095 0.034 0.017 0.027 0.164 
109 QTo-W-0259    (0)    9 :  0.052 0.020 0.027 0.015 0.004 0.004 0.009 0.008 0.030 0.008 0.012 0.015 0.008 0.047 0.024 0.025 0.006 0.012 0.005 0.671 
110 QTo-W-0260   (22)    9 :  0.068 0.011 0.009 0.005 0.005 0.005 0.021 0.010 0.040 0.016 0.025 0.024 0.011 0.036 0.040 0.041 0.006 0.025 0.004 0.600 
111 QTo-W-0274   (11)   10 :  0.009 0.006 0.006 0.010 0.013 0.006 0.004 0.589 0.028 0.152 0.005 0.005 0.010 0.004 0.066 0.039 0.005 0.012 0.007 0.024 
112 QTo-W-0275    (0)   10 :  0.045 0.006 0.045 0.004 0.067 0.012 0.010 0.035 0.112 0.019 0.093 0.063 0.027 0.006 0.021 0.091 0.217 0.038 0.083 0.007 
113 QTo-W-0278    (0)   10 :  0.124 0.007 0.023 0.036 0.026 0.007 0.084 0.064 0.068 0.100 0.084 0.028 0.020 0.020 0.075 0.069 0.008 0.126 0.011 0.019 
114 QTo-W-0283   (11)   10 :  0.022 0.006 0.006 0.012 0.007 0.027 0.114 0.018 0.082 0.017 0.007 0.468 0.016 0.009 0.019 0.081 0.038 0.022 0.013 0.015 
115 QTo-W-0284    (0)   10 :  0.017 0.007 0.005 0.009 0.036 0.016 0.138 0.026 0.111 0.016 0.010 0.377 0.012 0.013 0.020 0.125 0.019 0.020 0.009 0.012 
116 QTo-W-0287   (22)   10 :  0.006 0.005 0.005 0.014 0.007 0.008 0.004 0.625 0.010 0.169 0.005 0.011 0.009 0.007 0.076 0.012 0.006 0.008 0.009 0.005 
117 QTo-W-0289   (22)   10 :  0.007 0.007 0.005 0.009 0.008 0.007 0.005 0.636 0.010 0.168 0.008 0.005 0.009 0.005 0.074 0.008 0.007 0.009 0.009 0.005 
118 QTo-W-0293    (0)   10 :  0.041 0.005 0.014 0.004 0.005 0.036 0.005 0.059 0.186 0.035 0.085 0.010 0.049 0.025 0.047 0.157 0.015 0.049 0.159 0.014 
119 QTo-W-0295   (11)   10 :  0.025 0.005 0.006 0.007 0.008 0.006 0.018 0.011 0.021 0.012 0.010 0.024 0.015 0.059 0.016 0.021 0.674 0.026 0.020 0.017 
120 QTo-W-0296   (11)   11 :  0.011 0.009 0.067 0.006 0.007 0.007 0.004 0.008 0.009 0.007 0.794 0.005 0.007 0.009 0.009 0.008 0.011 0.009 0.008 0.006 
121 QTo-W-0298    (0)   11 :  0.008 0.009 0.057 0.005 0.005 0.006 0.005 0.009 0.009 0.006 0.821 0.004 0.006 0.009 0.008 0.006 0.008 0.008 0.006 0.005 
122 QTo-W-0300   (11)   11 :  0.026 0.013 0.006 0.019 0.071 0.010 0.005 0.120 0.121 0.057 0.013 0.057 0.049 0.004 0.042 0.126 0.012 0.029 0.210 0.008 
123 QTo-W-0302    (0)   12 :  0.021 0.011 0.019 0.039 0.019 0.017 0.554 0.016 0.033 0.099 0.006 0.008 0.014 0.009 0.033 0.036 0.006 0.028 0.006 0.027 
124 QTo-W-0305    (0)   13 :  0.007 0.007 0.004 0.006 0.023 0.006 0.006 0.510 0.022 0.200 0.024 0.011 0.019 0.012 0.082 0.017 0.005 0.023 0.010 0.006 
125 QTo-W-0308   (11)   13 :  0.009 0.009 0.005 0.007 0.034 0.009 0.006 0.460 0.017 0.197 0.042 0.006 0.028 0.007 0.084 0.021 0.006 0.032 0.012 0.007 
126 QTo-W-0309   (11)   13 :  0.077 0.013 0.008 0.004 0.006 0.023 0.141 0.042 0.021 0.105 0.014 0.006 0.082 0.005 0.064 0.020 0.072 0.194 0.079 0.023 
127 QTo-W-0311    (0)   14 :  0.049 0.006 0.005 0.005 0.006 0.008 0.041 0.074 0.031 0.039 0.005 0.043 0.320 0.009 0.136 0.033 0.013 0.036 0.079 0.062 
128 QTo-W-0312    (0)   15 :  0.005 0.036 0.003 0.007 0.004 0.004 0.005 0.005 0.006 0.006 0.875 0.005 0.008 0.003 0.006 0.006 0.003 0.005 0.004 0.005 
129 QTo-W-0315   (11)   15 :  0.005 0.006 0.004 0.003 0.004 0.004 0.005 0.005 0.006 0.005 0.905 0.006 0.009 0.003 0.005 0.005 0.004 0.005 0.005 0.005 
130 QTo-W-0318    (0)   16 :  0.017 0.024 0.006 0.004 0.012 0.006 0.033 0.091 0.012 0.122 0.014 0.006 0.310 0.010 0.084 0.014 0.013 0.199 0.015 0.009 
131 QTo-W-0322   (11)   16 :  0.010 0.024 0.005 0.005 0.017 0.008 0.016 0.080 0.015 0.109 0.007 0.009 0.353 0.007 0.087 0.010 0.010 0.202 0.019 0.010 
132 QTo-W-0326   (22)   16 :  0.037 0.040 0.009 0.006 0.011 0.053 0.026 0.050 0.022 0.096 0.009 0.009 0.156 0.005 0.074 0.022 0.022 0.195 0.132 0.025 
133 QTo-W-0327   (11)   16 :  0.048 0.016 0.015 0.019 0.009 0.022 0.026 0.054 0.026 0.119 0.008 0.008 0.135 0.005 0.061 0.030 0.031 0.228 0.074 0.065 
134 QTo-W-0328    (0)   17 :  0.005 0.004 0.108 0.006 0.809 0.004 0.003 0.006 0.006 0.005 0.003 0.004 0.006 0.004 0.006 0.005 0.004 0.005 0.004 0.004 
135 QTo-W-0329    (0)   17 :  0.005 0.004 0.005 0.005 0.916 0.004 0.003 0.005 0.005 0.005 0.003 0.004 0.006 0.004 0.005 0.005 0.004 0.005 0.004 0.004 
136 QTo-W-0330   (11)   17 :  0.006 0.005 0.006 0.008 0.893 0.005 0.003 0.007 0.007 0.007 0.004 0.005 0.007 0.005 0.007 0.005 0.005 0.006 0.005 0.005 


Estimated Allele Frequencies in each cluster
First column gives estimated ancestral frequencies


Locus 1 : 
4 alleles
0.7% missing data
 149   (0.850) 0.931 0.994 0.992 0.994 0.977 0.985 0.181 0.956 0.850 0.957 0.569 0.933 0.964 0.970 0.950 0.851 0.994 0.966 0.980 0.439 
 147   (0.054) 0.016 0.002 0.003 0.002 0.008 0.006 0.242 0.012 0.054 0.016 0.413 0.010 0.012 0.017 0.017 0.053 0.002 0.011 0.006 0.092 
 155   (0.055) 0.014 0.003 0.003 0.002 0.009 0.006 0.574 0.017 0.055 0.017 0.012 0.047 0.014 0.007 0.018 0.056 0.002 0.013 0.006 0.018 
 161   (0.040) 0.038 0.002 0.002 0.002 0.006 0.004 0.003 0.015 0.040 0.010 0.006 0.010 0.010 0.006 0.016 0.040 0.002 0.010 0.008 0.451 

Locus 2 : 
6 alleles
12.5% missing data
 179   (0.374) 0.742 0.214 0.954 0.967 0.883 0.045 0.029 0.382 0.374 0.580 0.062 0.062 0.248 0.701 0.549 0.371 0.054 0.598 0.054 0.409 
 176   (0.174) 0.076 0.011 0.012 0.008 0.029 0.893 0.934 0.101 0.174 0.091 0.033 0.051 0.125 0.203 0.120 0.174 0.146 0.065 0.037 0.086 
 173   (0.237) 0.111 0.013 0.018 0.015 0.047 0.036 0.018 0.147 0.237 0.111 0.047 0.798 0.255 0.053 0.139 0.238 0.774 0.091 0.872 0.236 
 164   (0.028) 0.007 0.001 0.002 0.001 0.005 0.005 0.002 0.010 0.028 0.010 0.004 0.005 0.010 0.005 0.008 0.027 0.018 0.007 0.005 0.012 
 182   (0.140) 0.041 0.759 0.010 0.006 0.027 0.015 0.013 0.232 0.140 0.177 0.850 0.071 0.333 0.031 0.145 0.140 0.006 0.222 0.026 0.069 
 170   (0.048) 0.023 0.002 0.003 0.002 0.009 0.005 0.004 0.128 0.048 0.031 0.006 0.013 0.029 0.007 0.039 0.049 0.002 0.018 0.006 0.188 

Locus 3 : 
17 alleles
0.0% missing data
 220   (0.158) 0.109 0.009 0.012 0.007 0.064 0.403 0.529 0.163 0.158 0.304 0.043 0.369 0.076 0.027 0.121 0.159 0.079 0.178 0.463 0.093 
 222   (0.190) 0.170 0.014 0.122 0.226 0.391 0.022 0.020 0.215 0.190 0.136 0.225 0.078 0.222 0.546 0.252 0.192 0.019 0.145 0.049 0.274 
 218   (0.185) 0.267 0.008 0.014 0.159 0.425 0.397 0.019 0.253 0.185 0.268 0.028 0.067 0.175 0.023 0.174 0.183 0.692 0.319 0.389 0.125 
 226   (0.080) 0.040 0.943 0.006 0.582 0.019 0.134 0.007 0.030 0.080 0.026 0.014 0.013 0.026 0.021 0.036 0.080 0.006 0.030 0.011 0.110 
 258   (0.063) 0.056 0.003 0.006 0.007 0.015 0.008 0.010 0.040 0.063 0.045 0.311 0.011 0.039 0.009 0.062 0.064 0.004 0.040 0.039 0.028 
 224   (0.046) 0.010 0.007 0.003 0.002 0.008 0.007 0.005 0.012 0.046 0.019 0.202 0.401 0.187 0.006 0.045 0.046 0.002 0.010 0.006 0.023 
 228   (0.061) 0.169 0.006 0.006 0.007 0.037 0.007 0.391 0.049 0.061 0.067 0.020 0.010 0.072 0.008 0.184 0.061 0.005 0.149 0.012 0.031 
 256   (0.018) 0.004 0.001 0.001 0.001 0.003 0.002 0.001 0.004 0.018 0.005 0.002 0.002 0.003 0.002 0.004 0.017 0.185 0.003 0.002 0.005 
 264   (0.016) 0.003 0.001 0.001 0.001 0.002 0.001 0.001 0.003 0.016 0.004 0.002 0.002 0.003 0.330 0.004 0.016 0.001 0.003 0.002 0.004 
 230   (0.026) 0.005 0.001 0.820 0.001 0.005 0.002 0.002 0.006 0.026 0.006 0.123 0.003 0.005 0.003 0.005 0.025 0.001 0.006 0.003 0.007 
 260   (0.032) 0.009 0.003 0.003 0.001 0.007 0.003 0.003 0.013 0.032 0.012 0.005 0.021 0.020 0.005 0.015 0.034 0.001 0.010 0.004 0.014 
 262   (0.018) 0.005 0.001 0.001 0.001 0.003 0.002 0.003 0.005 0.018 0.007 0.006 0.004 0.004 0.003 0.006 0.018 0.001 0.005 0.002 0.006 
 234   (0.021) 0.115 0.001 0.002 0.001 0.003 0.002 0.001 0.005 0.021 0.005 0.003 0.003 0.004 0.002 0.019 0.021 0.001 0.080 0.002 0.006 
 232   (0.024) 0.005 0.001 0.001 0.001 0.006 0.002 0.002 0.008 0.024 0.038 0.004 0.005 0.150 0.003 0.034 0.024 0.001 0.006 0.003 0.008 
 250   (0.020) 0.015 0.001 0.001 0.001 0.003 0.002 0.001 0.005 0.020 0.005 0.002 0.002 0.004 0.002 0.006 0.019 0.001 0.003 0.002 0.172 
 216   (0.014) 0.012 0.001 0.001 0.001 0.002 0.001 0.002 0.003 0.014 0.005 0.004 0.004 0.003 0.007 0.008 0.014 0.001 0.006 0.001 0.085 
 266   (0.029) 0.006 0.001 0.002 0.001 0.008 0.003 0.002 0.186 0.029 0.048 0.004 0.005 0.008 0.003 0.024 0.029 0.001 0.006 0.008 0.008 

Locus 4 : 
2 alleles
1.5% missing data
 137   (0.974) 0.995 0.999 0.999 0.999 0.969 0.997 0.998 0.993 0.974 0.892 0.997 0.997 0.995 0.997 0.989 0.974 0.999 0.985 0.997 0.991 
 139   (0.026) 0.005 0.001 0.001 0.001 0.031 0.003 0.002 0.007 0.026 0.108 0.003 0.003 0.005 0.003 0.011 0.026 0.001 0.015 0.003 0.009 

Locus 5 : 
17 alleles
11.8% missing data
 187   (0.283) 0.489 0.737 0.160 0.017 0.057 0.047 0.872 0.278 0.283 0.271 0.050 0.205 0.819 0.053 0.524 0.289 0.013 0.545 0.077 0.559 
 243   (0.027) 0.084 0.002 0.002 0.003 0.005 0.627 0.002 0.008 0.027 0.009 0.003 0.004 0.005 0.003 0.017 0.027 0.001 0.062 0.007 0.008 
 203   (0.095) 0.042 0.007 0.006 0.398 0.017 0.015 0.008 0.044 0.095 0.035 0.012 0.015 0.020 0.010 0.037 0.095 0.948 0.027 0.022 0.236 
 201   (0.099) 0.141 0.034 0.008 0.411 0.025 0.036 0.008 0.060 0.099 0.058 0.013 0.020 0.028 0.011 0.159 0.098 0.004 0.120 0.710 0.038 
 197   (0.067) 0.019 0.003 0.004 0.145 0.015 0.008 0.005 0.191 0.067 0.126 0.010 0.682 0.021 0.007 0.045 0.067 0.003 0.021 0.011 0.020 
 195   (0.064) 0.014 0.004 0.004 0.004 0.011 0.057 0.056 0.275 0.064 0.073 0.009 0.011 0.015 0.873 0.045 0.064 0.005 0.016 0.011 0.024 
 247   (0.027) 0.005 0.001 0.001 0.001 0.005 0.157 0.002 0.008 0.027 0.008 0.003 0.004 0.005 0.003 0.006 0.026 0.001 0.005 0.005 0.007 
 235   (0.034) 0.015 0.003 0.002 0.004 0.009 0.004 0.003 0.015 0.034 0.013 0.005 0.005 0.017 0.004 0.027 0.034 0.002 0.012 0.006 0.014 
 249   (0.021) 0.004 0.193 0.001 0.001 0.003 0.002 0.001 0.006 0.021 0.006 0.002 0.003 0.004 0.002 0.005 0.020 0.001 0.003 0.003 0.005 
 199   (0.065) 0.069 0.004 0.008 0.006 0.045 0.009 0.015 0.035 0.065 0.048 0.851 0.013 0.020 0.008 0.045 0.065 0.005 0.066 0.013 0.020 
 245   (0.040) 0.044 0.002 0.011 0.002 0.008 0.015 0.004 0.017 0.040 0.032 0.005 0.007 0.008 0.005 0.019 0.040 0.009 0.033 0.082 0.012 
 219   (0.034) 0.008 0.002 0.756 0.002 0.137 0.004 0.002 0.011 0.034 0.010 0.006 0.007 0.007 0.003 0.008 0.033 0.002 0.007 0.006 0.009 
 217   (0.035) 0.008 0.002 0.028 0.002 0.583 0.004 0.003 0.011 0.035 0.010 0.005 0.005 0.007 0.004 0.009 0.034 0.001 0.007 0.004 0.010 
 229   (0.024) 0.036 0.001 0.001 0.001 0.004 0.003 0.002 0.007 0.024 0.008 0.003 0.004 0.005 0.003 0.010 0.024 0.001 0.027 0.003 0.007 
 215   (0.032) 0.008 0.002 0.002 0.002 0.068 0.004 0.015 0.012 0.032 0.272 0.004 0.005 0.006 0.004 0.023 0.032 0.001 0.033 0.005 0.015 
 205   (0.025) 0.005 0.001 0.001 0.001 0.004 0.003 0.002 0.008 0.025 0.008 0.003 0.005 0.004 0.002 0.007 0.025 0.001 0.005 0.003 0.007 
 227   (0.029) 0.011 0.001 0.002 0.001 0.005 0.006 0.002 0.016 0.029 0.013 0.014 0.005 0.010 0.005 0.014 0.029 0.001 0.011 0.031 0.009 

Locus 6 : 
25 alleles
30.9% missing data
 214   (0.058) 0.017 0.003 0.006 0.005 0.028 0.350 0.006 0.023 0.058 0.108 0.016 0.022 0.018 0.012 0.029 0.058 0.114 0.031 0.012 0.023 
 222   (0.071) 0.036 0.005 0.010 0.026 0.020 0.474 0.008 0.042 0.071 0.039 0.016 0.130 0.088 0.012 0.078 0.071 0.070 0.029 0.436 0.030 
 206   (0.059) 0.218 0.007 0.009 0.008 0.018 0.011 0.020 0.036 0.059 0.042 0.051 0.016 0.030 0.012 0.076 0.060 0.390 0.149 0.015 0.032 
 218   (0.084) 0.185 0.005 0.130 0.010 0.022 0.019 0.087 0.051 0.084 0.124 0.032 0.021 0.084 0.028 0.083 0.083 0.379 0.278 0.058 0.040 
 216   (0.058) 0.046 0.006 0.127 0.428 0.017 0.009 0.025 0.029 0.058 0.057 0.015 0.014 0.028 0.011 0.038 0.058 0.003 0.046 0.012 0.333 
 208   (0.038) 0.013 0.002 0.005 0.223 0.009 0.006 0.004 0.017 0.038 0.017 0.008 0.139 0.015 0.006 0.021 0.038 0.002 0.015 0.007 0.042 
 238   (0.043) 0.016 0.555 0.006 0.160 0.022 0.006 0.004 0.014 0.043 0.021 0.110 0.009 0.017 0.008 0.024 0.043 0.002 0.013 0.007 0.016 
 204   (0.022) 0.005 0.001 0.002 0.002 0.004 0.003 0.002 0.006 0.022 0.008 0.004 0.449 0.007 0.003 0.005 0.022 0.001 0.005 0.003 0.007 
 234   (0.048) 0.045 0.003 0.007 0.007 0.012 0.007 0.135 0.032 0.048 0.030 0.018 0.011 0.040 0.008 0.068 0.048 0.003 0.032 0.008 0.081 
 242   (0.034) 0.028 0.002 0.005 0.004 0.009 0.005 0.004 0.018 0.034 0.024 0.007 0.009 0.244 0.005 0.072 0.034 0.002 0.014 0.007 0.070 
 210   (0.129) 0.240 0.388 0.094 0.036 0.039 0.049 0.662 0.453 0.129 0.210 0.624 0.062 0.085 0.494 0.260 0.132 0.009 0.239 0.031 0.062 
 246   (0.024) 0.018 0.002 0.007 0.003 0.011 0.004 0.003 0.009 0.024 0.022 0.006 0.008 0.008 0.006 0.021 0.024 0.009 0.016 0.004 0.012 
 258   (0.030) 0.025 0.002 0.006 0.026 0.009 0.005 0.005 0.023 0.030 0.024 0.011 0.007 0.045 0.005 0.054 0.030 0.002 0.021 0.006 0.016 
 240   (0.019) 0.006 0.001 0.004 0.033 0.006 0.004 0.002 0.006 0.019 0.009 0.004 0.007 0.006 0.003 0.007 0.019 0.001 0.006 0.005 0.007 
 256   (0.019) 0.004 0.001 0.002 0.001 0.004 0.002 0.002 0.004 0.019 0.006 0.004 0.004 0.005 0.002 0.005 0.019 0.001 0.004 0.223 0.006 
 254   (0.017) 0.004 0.001 0.002 0.001 0.004 0.003 0.001 0.005 0.017 0.006 0.004 0.004 0.004 0.002 0.005 0.016 0.001 0.005 0.092 0.006 
 236   (0.058) 0.026 0.004 0.553 0.005 0.013 0.013 0.006 0.023 0.058 0.029 0.020 0.020 0.020 0.353 0.026 0.058 0.004 0.026 0.036 0.085 
 248   (0.024) 0.011 0.001 0.003 0.002 0.006 0.003 0.002 0.008 0.024 0.017 0.008 0.006 0.209 0.004 0.044 0.024 0.002 0.010 0.004 0.008 
 252   (0.019) 0.016 0.001 0.004 0.001 0.005 0.003 0.002 0.007 0.019 0.011 0.005 0.004 0.005 0.003 0.008 0.019 0.001 0.011 0.009 0.007 
 224   (0.033) 0.012 0.002 0.004 0.003 0.023 0.008 0.006 0.015 0.033 0.097 0.009 0.008 0.011 0.006 0.021 0.033 0.002 0.018 0.005 0.069 
 230   (0.028) 0.008 0.002 0.004 0.003 0.398 0.004 0.003 0.009 0.028 0.011 0.006 0.008 0.007 0.004 0.009 0.028 0.001 0.007 0.004 0.009 
 228   (0.019) 0.005 0.001 0.002 0.007 0.004 0.003 0.002 0.015 0.019 0.010 0.004 0.006 0.006 0.005 0.009 0.019 0.001 0.004 0.005 0.017 
 266   (0.022) 0.005 0.001 0.003 0.002 0.006 0.003 0.002 0.053 0.022 0.020 0.005 0.005 0.006 0.003 0.011 0.022 0.001 0.006 0.003 0.008 
 212   (0.025) 0.006 0.001 0.003 0.002 0.306 0.004 0.006 0.007 0.025 0.010 0.006 0.030 0.006 0.004 0.008 0.025 0.001 0.007 0.004 0.008 
 232   (0.017) 0.004 0.001 0.002 0.001 0.008 0.002 0.001 0.096 0.017 0.048 0.007 0.003 0.006 0.002 0.019 0.017 0.001 0.007 0.003 0.006 

Locus 7 : 
7 alleles
1.5% missing data
 108   (0.630) 0.887 0.976 0.978 0.395 0.175 0.767 0.967 0.324 0.630 0.598 0.939 0.432 0.537 0.954 0.742 0.632 0.982 0.857 0.921 0.581 
 116   (0.032) 0.008 0.001 0.002 0.001 0.005 0.199 0.002 0.011 0.032 0.010 0.007 0.005 0.008 0.005 0.009 0.032 0.001 0.008 0.018 0.009 
 110   (0.160) 0.061 0.016 0.010 0.596 0.052 0.018 0.019 0.536 0.160 0.185 0.028 0.180 0.048 0.023 0.122 0.160 0.008 0.059 0.027 0.246 
 114   (0.075) 0.017 0.003 0.005 0.003 0.369 0.007 0.005 0.025 0.075 0.026 0.012 0.366 0.175 0.008 0.045 0.074 0.004 0.016 0.017 0.022 
 112   (0.062) 0.011 0.003 0.003 0.003 0.392 0.006 0.004 0.094 0.062 0.171 0.009 0.010 0.221 0.007 0.072 0.061 0.002 0.052 0.012 0.019 
 104   (0.022) 0.012 0.001 0.001 0.001 0.004 0.002 0.001 0.004 0.022 0.005 0.003 0.003 0.004 0.002 0.005 0.021 0.001 0.004 0.002 0.117 
 118   (0.020) 0.004 0.001 0.001 0.001 0.003 0.002 0.002 0.006 0.020 0.005 0.002 0.004 0.005 0.002 0.004 0.020 0.001 0.004 0.002 0.006 

Locus 8 : 
5 alleles
2.2% missing data
 160   (0.169) 0.198 0.058 0.056 0.007 0.035 0.353 0.237 0.123 0.169 0.092 0.424 0.057 0.043 0.022 0.085 0.168 0.554 0.162 0.384 0.054 
 162   (0.631) 0.676 0.924 0.912 0.983 0.899 0.626 0.740 0.807 0.631 0.633 0.306 0.436 0.898 0.100 0.785 0.632 0.437 0.716 0.592 0.615 
 164   (0.092) 0.026 0.006 0.013 0.004 0.015 0.010 0.009 0.027 0.092 0.035 0.018 0.487 0.024 0.839 0.033 0.092 0.004 0.027 0.011 0.128 
 166   (0.020) 0.005 0.003 0.004 0.001 0.003 0.002 0.001 0.007 0.020 0.007 0.004 0.003 0.007 0.003 0.008 0.020 0.001 0.005 0.002 0.009 
 158   (0.088) 0.094 0.009 0.015 0.005 0.047 0.009 0.012 0.036 0.088 0.232 0.249 0.017 0.028 0.036 0.088 0.088 0.004 0.089 0.010 0.195 

Locus 9 : 
4 alleles
0.0% missing data
 229   (0.486) 0.782 0.620 0.968 0.942 0.542 0.381 0.162 0.219 0.486 0.366 0.257 0.574 0.223 0.492 0.533 0.490 0.514 0.611 0.107 0.399 
 226   (0.379) 0.165 0.372 0.024 0.051 0.433 0.606 0.053 0.726 0.379 0.564 0.712 0.076 0.656 0.049 0.397 0.376 0.475 0.320 0.874 0.366 
 223   (0.115) 0.046 0.006 0.007 0.006 0.022 0.011 0.777 0.048 0.115 0.062 0.018 0.348 0.116 0.457 0.061 0.114 0.010 0.065 0.017 0.229 
 232   (0.020) 0.007 0.001 0.001 0.001 0.003 0.002 0.008 0.007 0.020 0.008 0.013 0.003 0.005 0.002 0.008 0.020 0.001 0.005 0.002 0.007 

Values of parameters used in structure:
DATAFILE=C:\Users\eschumacher\Documents\GitHub\Ten_Oaks\Data_Files\QUTO_wild\project_data,	OUTFILE=C:\Users\eschumacher\Documents\GitHub\Ten_Oaks\Data_Files\QUTO_wild\50-50\Results\50-50_run_96,	NUMINDS=136,	NUMLOCI=9,	MISSING=-9,	LABEL=1,	POPDATA=1,	POPFLAG=0,	PHENOTYPE=0,	EXTRACOLS=0,	MAXPOPS=20,	BURNIN=50000,	NUMREPS=50000,	USEPOPINFO=0,	INFERALPHA=1,	INFERLAMBDA=0,	POPSPECIFICLAMBDA=0,	POPALPHAS=0,	COMPUTEPROB=1,	NOADMIX=0,	ADMBURNIN=2500,	UPDATEFREQ=1,	PRINTLIKES=0,	INTERMEDSAVE=0,	PRINTKLD=0,	PRINTNET=0,	PRINTLAMBDA=0,	ANCESTDIST=0,	NUMBOXES=1000,	ANCESTPINT=0.90000,	GENSBACK=2,	MIGRPRIOR=0.05000,	PRINTQHAT=0,	PRINTQSUM=0,	ALPHA=1.0000,	FREQSCORR=1,	FPRIORMEAN=0.0100,	FPRIORSD=0.0500,	ONEFST=0,	LAMBDA=1.0000,	UNIFPRIORALPHA=1,	ALPHAMAX=10.0000,	ALPHAPRIORA=1.0000,	ALPHAPRIORB=2.0000,	ALPHAPROPSD=0.0250,	STARTATPOPINFO=0,	RANDOMIZE=1,	LINKAGE=0,	METROFREQ=10,	REPORTHITRATE=0,	MARKOVPHASE=-1,	PHASED=0,	PLOIDY=2,	PHASEINFO=0	LOCPRIOR=0, 	LOCPRIORINIT=1.000000, 	LOCDATA=0, 	LOCISPOP=0, 	LOCPRIORSTEP=0.100000, 	MAXLOCPRIOR=20.000000, 	SEED=1689806015,	
[STRAT parameters]:    NUMSIMSTATS=1000,	PHENOTYPECOL=-9,	POOLFREQ=10,	LOCUSxONLY=0,	EMERROR=0.00100,	MISSINGPHENO=-9,	