

----------------------------------------------------
STRUCTURE by Pritchard, Stephens and Donnelly (2000)
     and Falush, Stephens and Pritchard (2003)
       Code by Pritchard, Falush and Hubisz
             Version 2.3.4 (Jul 2012)
----------------------------------------------------



Command line arguments:   bin\structure -m C:\Users\eschumacher\Documents\GitHub\Ten_Oaks\Data_Files\QUTO_wild\50-50\mainparams -e C:\Users\eschumacher\Documents\GitHub\Ten_Oaks\Data_Files\QUTO_wild\50-50\extraparams 
Input File:    C:\Users\eschumacher\Documents\GitHub\Ten_Oaks\Data_Files\QUTO_wild\project_data

Run parameters:
   136 individuals
   9 loci
   16 populations assumed
   50000 Burn-in period
   50000 Reps


--------------------------------------------
Proportion of membership of each pre-defined
 population in each of the 16 clusters

Given    Inferred Clusters                                                                                                  Number of
 Pop       1      2      3      4      5      6      7      8      9     10     11     12     13     14     15     16      Individuals

  1:     0.014  0.037  0.014  0.018  0.085  0.029  0.086  0.011  0.051  0.018  0.019  0.019  0.014  0.413  0.051  0.122        1
  2:     0.446  0.012  0.462  0.008  0.005  0.005  0.006  0.005  0.007  0.004  0.006  0.010  0.006  0.008  0.006  0.006        4
  3:     0.008  0.019  0.012  0.798  0.011  0.004  0.022  0.014  0.022  0.006  0.009  0.016  0.006  0.023  0.016  0.015        4
  4:     0.006  0.018  0.009  0.042  0.026  0.009  0.103  0.004  0.042  0.007  0.011  0.008  0.550  0.096  0.056  0.014        5
  5:     0.145  0.045  0.106  0.137  0.069  0.027  0.047  0.017  0.040  0.054  0.018  0.129  0.013  0.091  0.033  0.031       71
  6:     0.004  0.015  0.005  0.004  0.004  0.005  0.129  0.005  0.051  0.003  0.011  0.008  0.113  0.020  0.246  0.378        2
  7:     0.018  0.080  0.014  0.010  0.005  0.637  0.042  0.030  0.026  0.006  0.045  0.007  0.007  0.037  0.026  0.010        5
  8:     0.011  0.124  0.012  0.011  0.009  0.016  0.070  0.016  0.203  0.041  0.201  0.056  0.071  0.034  0.059  0.070       10
  9:     0.015  0.080  0.015  0.081  0.011  0.011  0.036  0.019  0.023  0.024  0.438  0.025  0.128  0.019  0.041  0.035        8
 10:     0.117  0.094  0.035  0.013  0.014  0.050  0.196  0.048  0.040  0.021  0.019  0.006  0.138  0.051  0.127  0.030        9
 11:     0.011  0.123  0.034  0.013  0.040  0.005  0.050  0.568  0.019  0.007  0.006  0.010  0.044  0.014  0.035  0.019        3
 12:     0.006  0.035  0.011  0.044  0.023  0.602  0.019  0.006  0.126  0.011  0.028  0.011  0.010  0.019  0.015  0.034        1
 13:     0.034  0.020  0.016  0.007  0.007  0.066  0.347  0.021  0.107  0.010  0.008  0.009  0.008  0.073  0.225  0.041        3
 14:     0.016  0.045  0.026  0.004  0.006  0.028  0.238  0.006  0.087  0.009  0.074  0.007  0.083  0.149  0.205  0.017        1
 15:     0.004  0.006  0.004  0.005  0.004  0.005  0.005  0.910  0.006  0.003  0.005  0.022  0.005  0.005  0.006  0.004        2
 16:     0.029  0.028  0.040  0.009  0.011  0.038  0.176  0.011  0.196  0.007  0.034  0.043  0.012  0.069  0.247  0.050        4
 17:     0.005  0.006  0.005  0.008  0.049  0.003  0.008  0.004  0.006  0.005  0.005  0.004  0.005  0.007  0.215  0.666        3
--------------------------------------------

Allele-freq. divergence among pops (Net nucleotide distance),
computed using point estimates of P.

      1       2       3       4       5       6       7       8       9      10      11      12      13      14      15      16      
 1      -    0.1186  0.1251  0.2533  0.2857  0.3294  0.1728  0.2405  0.1452  0.2972  0.1652  0.2778  0.1846  0.1454  0.1745  0.1827  
 2   0.1186     -    0.0834  0.1036  0.1315  0.1728  0.0270  0.1248  0.0180  0.1464  0.0368  0.1202  0.0738  0.0320  0.0281  0.0396  
 3   0.1251  0.0834     -    0.2428  0.2721  0.2362  0.1087  0.1968  0.0990  0.2678  0.1474  0.2273  0.1596  0.1341  0.1134  0.1432  
 4   0.2533  0.1036  0.2428     -    0.1580  0.3774  0.1324  0.3173  0.1214  0.2585  0.1357  0.1886  0.2092  0.1133  0.1368  0.1093  
 5   0.2857  0.1315  0.2721  0.1580     -    0.3518  0.1801  0.2989  0.1385  0.2316  0.1906  0.2368  0.2510  0.1074  0.1786  0.1410  
 6   0.3294  0.1728  0.2362  0.3774  0.3518     -    0.1981  0.2709  0.1948  0.2948  0.1842  0.2687  0.2541  0.2000  0.2122  0.2703  
 7   0.1728  0.0270  0.1087  0.1324  0.1801  0.1981     -    0.1409  0.0270  0.1866  0.0611  0.1225  0.1205  0.0599  0.0061  0.0493  
 8   0.2405  0.1248  0.1968  0.3173  0.2989  0.2709  0.1409     -    0.1392  0.2601  0.1753  0.1919  0.2329  0.1822  0.1524  0.2061  
 9   0.1452  0.0180  0.0990  0.1214  0.1385  0.1948  0.0270  0.1392     -    0.1643  0.0630  0.1272  0.1175  0.0313  0.0291  0.0356  
10   0.2972  0.1464  0.2678  0.2585  0.2316  0.2948  0.1866  0.2601  0.1643     -    0.1942  0.2901  0.2079  0.1677  0.2026  0.2029  
11   0.1652  0.0368  0.1474  0.1357  0.1906  0.1842  0.0611  0.1753  0.0630  0.1942     -    0.1672  0.1142  0.0827  0.0628  0.0876  
12   0.2778  0.1202  0.2273  0.1886  0.2368  0.2687  0.1225  0.1919  0.1272  0.2901  0.1672     -    0.2330  0.1303  0.1264  0.1770  
13   0.1846  0.0738  0.1596  0.2092  0.2510  0.2541  0.1205  0.2329  0.1175  0.2079  0.1142  0.2330     -    0.1378  0.1205  0.1389  
14   0.1454  0.0320  0.1341  0.1133  0.1074  0.2000  0.0599  0.1822  0.0313  0.1677  0.0827  0.1303  0.1378     -    0.0625  0.0525  
15   0.1745  0.0281  0.1134  0.1368  0.1786  0.2122  0.0061  0.1524  0.0291  0.2026  0.0628  0.1264  0.1205  0.0625     -    0.0299  
16   0.1827  0.0396  0.1432  0.1093  0.1410  0.2703  0.0493  0.2061  0.0356  0.2029  0.0876  0.1770  0.1389  0.0525  0.0299     -    

Average distances (expected heterozygosity) between individuals in same cluster:
cluster  1  : 0.3173 
cluster  2  : 0.6152 
cluster  3  : 0.4182 
cluster  4  : 0.3075 
cluster  5  : 0.2148 
cluster  6  : 0.3389 
cluster  7  : 0.5075 
cluster  8  : 0.4216 
cluster  9  : 0.5380 
cluster 10  : 0.3266 
cluster 11  : 0.6093 
cluster 12  : 0.2482 
cluster 13  : 0.5007 
cluster 14  : 0.4293 
cluster 15  : 0.5133 
cluster 16  : 0.5012 

--------------------------------------------
Estimated Ln Prob of Data   = -2179.8
Mean value of ln likelihood = -1831.5
Variance of ln likelihood   = 696.6
Mean value of alpha         = 0.0356

Mean value of Fst_1         = 0.4873
Mean value of Fst_2         = 0.0001
Mean value of Fst_3         = 0.4029
Mean value of Fst_4         = 0.4813
Mean value of Fst_5         = 0.6609
Mean value of Fst_6         = 0.5356
Mean value of Fst_7         = 0.2906
Mean value of Fst_8         = 0.4257
Mean value of Fst_9         = 0.2709
Mean value of Fst_10         = 0.5563
Mean value of Fst_11         = 0.1850
Mean value of Fst_12         = 0.5683
Mean value of Fst_13         = 0.3238
Mean value of Fst_14         = 0.2923
Mean value of Fst_15         = 0.3372
Mean value of Fst_16         = 0.3283


Inferred ancestry of individuals:
        Label (%Miss) Pop:  Inferred clusters
  1 QTo-W-0007   (11)    1 :  0.014 0.037 0.014 0.018 0.085 0.029 0.086 0.011 0.051 0.018 0.019 0.019 0.014 0.413 0.051 0.122 
  2 QTo-W-0009    (0)    2 :  0.007 0.007 0.893 0.017 0.004 0.005 0.005 0.004 0.005 0.004 0.005 0.024 0.004 0.006 0.005 0.005 
  3 QTo-W-0010    (0)    2 :  0.840 0.029 0.030 0.005 0.005 0.007 0.008 0.006 0.014 0.005 0.010 0.005 0.009 0.012 0.008 0.008 
  4 QTo-W-0011    (0)    2 :  0.010 0.006 0.919 0.004 0.005 0.006 0.004 0.005 0.005 0.005 0.004 0.005 0.005 0.007 0.005 0.005 
  5 QTo-W-0012   (22)    2 :  0.926 0.005 0.006 0.005 0.004 0.003 0.005 0.004 0.005 0.003 0.005 0.004 0.005 0.007 0.005 0.006 
  6 QTo-W-0020   (22)    3 :  0.006 0.004 0.003 0.935 0.005 0.003 0.004 0.003 0.004 0.003 0.005 0.006 0.004 0.004 0.004 0.004 
  7 QTo-W-0021   (22)    3 :  0.005 0.010 0.006 0.859 0.019 0.005 0.010 0.005 0.009 0.010 0.009 0.014 0.006 0.014 0.009 0.011 
  8 QTo-W-0023   (22)    3 :  0.008 0.009 0.007 0.857 0.011 0.004 0.008 0.005 0.010 0.005 0.007 0.034 0.005 0.012 0.008 0.011 
  9 QTo-W-0024   (11)    3 :  0.013 0.054 0.032 0.539 0.011 0.005 0.066 0.041 0.067 0.006 0.014 0.009 0.007 0.062 0.042 0.032 
 10 QTo-W-0033    (0)    4 :  0.007 0.008 0.017 0.013 0.005 0.005 0.006 0.004 0.007 0.005 0.007 0.004 0.892 0.008 0.006 0.005 
 11 QTo-W-0035   (11)    4 :  0.007 0.006 0.006 0.005 0.006 0.006 0.005 0.004 0.006 0.007 0.005 0.005 0.914 0.006 0.005 0.005 
 12 QTo-W-0036    (0)    4 :  0.005 0.005 0.005 0.004 0.005 0.005 0.004 0.003 0.005 0.005 0.004 0.004 0.932 0.005 0.004 0.004 
 13 QTo-W-0039   (11)    4 :  0.005 0.024 0.008 0.126 0.076 0.013 0.228 0.005 0.091 0.012 0.012 0.017 0.006 0.239 0.109 0.030 
 14 QTo-W-0041    (0)    4 :  0.004 0.048 0.007 0.061 0.038 0.014 0.271 0.005 0.100 0.007 0.028 0.011 0.006 0.221 0.155 0.024 
 15 QTo-W-0044    (0)    5 :  0.005 0.014 0.618 0.012 0.004 0.040 0.040 0.007 0.009 0.159 0.006 0.045 0.005 0.006 0.026 0.005 
 16 QTo-W-0047    (0)    5 :  0.021 0.010 0.892 0.005 0.005 0.007 0.006 0.005 0.009 0.005 0.004 0.006 0.005 0.009 0.005 0.006 
 17 QTo-W-0048   (11)    5 :  0.015 0.007 0.892 0.006 0.007 0.009 0.006 0.005 0.007 0.005 0.004 0.006 0.006 0.011 0.006 0.007 
 18 QTo-W-0049    (0)    5 :  0.894 0.006 0.028 0.004 0.005 0.006 0.006 0.004 0.008 0.003 0.005 0.004 0.008 0.008 0.005 0.006 
 19 QTo-W-0050   (22)    5 :  0.030 0.075 0.032 0.019 0.010 0.006 0.025 0.065 0.019 0.007 0.024 0.475 0.133 0.021 0.040 0.019 
 20 QTo-W-0052    (0)    5 :  0.013 0.013 0.007 0.005 0.009 0.713 0.017 0.014 0.011 0.142 0.008 0.005 0.005 0.015 0.013 0.008 
 21 QTo-W-0054    (0)    5 :  0.933 0.005 0.006 0.004 0.005 0.003 0.005 0.004 0.005 0.003 0.004 0.004 0.004 0.006 0.004 0.005 
 22 QTo-W-0056    (0)    5 :  0.920 0.005 0.021 0.003 0.004 0.005 0.004 0.004 0.005 0.004 0.004 0.003 0.004 0.005 0.004 0.004 
 23 QTo-W-0057    (0)    5 :  0.778 0.006 0.139 0.004 0.004 0.009 0.007 0.005 0.007 0.004 0.005 0.004 0.007 0.007 0.008 0.006 
 24 QTo-W-0058    (0)    5 :  0.934 0.005 0.006 0.004 0.005 0.003 0.005 0.004 0.005 0.003 0.004 0.004 0.004 0.006 0.004 0.004 
 25 QTo-W-0059    (0)    5 :  0.576 0.026 0.042 0.025 0.005 0.026 0.026 0.010 0.010 0.108 0.012 0.089 0.006 0.015 0.017 0.007 
 26 QTo-W-0060    (0)    5 :  0.871 0.007 0.053 0.005 0.005 0.006 0.006 0.004 0.005 0.004 0.005 0.004 0.006 0.008 0.006 0.005 
 27 QTo-W-0061    (0)    5 :  0.458 0.088 0.006 0.043 0.033 0.013 0.056 0.006 0.077 0.010 0.019 0.008 0.005 0.102 0.042 0.034 
 28 QTo-W-0062   (11)    5 :  0.919 0.005 0.008 0.006 0.006 0.004 0.005 0.005 0.006 0.004 0.006 0.005 0.005 0.006 0.005 0.005 
 29 QTo-W-0065   (11)    5 :  0.713 0.014 0.007 0.053 0.042 0.004 0.018 0.006 0.025 0.013 0.010 0.010 0.005 0.034 0.016 0.031 
 30 QTo-W-0067    (0)    5 :  0.754 0.012 0.030 0.031 0.029 0.007 0.016 0.004 0.016 0.008 0.009 0.008 0.008 0.035 0.016 0.016 
 31 QTo-W-0071    (0)    5 :  0.006 0.034 0.010 0.016 0.017 0.005 0.293 0.012 0.124 0.008 0.011 0.010 0.007 0.229 0.206 0.013 
 32 QTo-W-0072    (0)    5 :  0.004 0.011 0.004 0.216 0.015 0.009 0.019 0.005 0.014 0.008 0.013 0.624 0.007 0.024 0.017 0.011 
 33 QTo-W-0075    (0)    5 :  0.005 0.007 0.006 0.786 0.016 0.010 0.019 0.010 0.015 0.016 0.005 0.070 0.004 0.015 0.009 0.007 
 34 QTo-W-0076   (11)    5 :  0.008 0.013 0.012 0.797 0.009 0.004 0.034 0.010 0.016 0.008 0.011 0.016 0.011 0.014 0.021 0.015 
 35 QTo-W-0077   (11)    5 :  0.027 0.037 0.327 0.303 0.021 0.005 0.013 0.005 0.019 0.007 0.015 0.048 0.013 0.106 0.011 0.044 
 36 QTo-W-0079    (0)    5 :  0.006 0.004 0.003 0.941 0.005 0.003 0.004 0.003 0.004 0.003 0.005 0.005 0.003 0.004 0.004 0.004 
 37 QTo-W-0080   (11)    5 :  0.131 0.233 0.008 0.145 0.018 0.009 0.068 0.006 0.048 0.008 0.115 0.006 0.012 0.104 0.063 0.026 
 38 QTo-W-0081   (11)    5 :  0.008 0.011 0.008 0.853 0.012 0.004 0.021 0.005 0.012 0.008 0.008 0.006 0.011 0.013 0.011 0.012 
 39 QTo-W-0082    (0)    5 :  0.015 0.020 0.007 0.763 0.006 0.004 0.044 0.008 0.018 0.006 0.022 0.009 0.005 0.030 0.031 0.012 
 40 QTo-W-0087    (0)    5 :  0.009 0.005 0.006 0.910 0.006 0.003 0.005 0.004 0.006 0.004 0.005 0.016 0.003 0.007 0.005 0.006 
 41 QTo-W-0088   (11)    5 :  0.013 0.007 0.007 0.896 0.008 0.004 0.007 0.004 0.008 0.005 0.006 0.008 0.004 0.011 0.007 0.007 
 42 QTo-W-0089   (11)    5 :  0.005 0.007 0.004 0.895 0.009 0.004 0.011 0.004 0.007 0.007 0.006 0.009 0.010 0.009 0.007 0.007 
 43 QTo-W-0090    (0)    5 :  0.007 0.050 0.029 0.762 0.010 0.004 0.019 0.005 0.014 0.008 0.010 0.008 0.031 0.018 0.015 0.008 
 44 QTo-W-0093   (11)    5 :  0.037 0.073 0.024 0.265 0.009 0.015 0.082 0.047 0.070 0.006 0.027 0.219 0.006 0.045 0.060 0.016 
 45 QTo-W-0098    (0)    5 :  0.013 0.009 0.010 0.009 0.008 0.007 0.009 0.013 0.008 0.005 0.006 0.859 0.004 0.019 0.009 0.011 
 46 QTo-W-0101   (11)    5 :  0.015 0.014 0.013 0.012 0.012 0.009 0.013 0.016 0.012 0.006 0.008 0.807 0.006 0.029 0.013 0.015 
 47 QTo-W-0114    (0)    5 :  0.004 0.006 0.004 0.012 0.011 0.005 0.007 0.005 0.007 0.006 0.005 0.899 0.004 0.011 0.006 0.007 
 48 QTo-W-0116   (11)    5 :  0.005 0.005 0.005 0.006 0.005 0.004 0.007 0.009 0.006 0.005 0.004 0.917 0.004 0.006 0.007 0.005 
 49 QTo-W-0117   (22)    5 :  0.007 0.007 0.008 0.009 0.008 0.004 0.008 0.010 0.008 0.005 0.005 0.894 0.005 0.008 0.008 0.007 
 50 QTo-W-0118    (0)    5 :  0.004 0.004 0.004 0.004 0.004 0.004 0.005 0.006 0.005 0.004 0.004 0.935 0.003 0.004 0.005 0.004 
 51 QTo-W-0121   (11)    5 :  0.005 0.010 0.027 0.038 0.006 0.004 0.013 0.008 0.010 0.004 0.006 0.837 0.005 0.010 0.010 0.006 
 52 QTo-W-0124   (11)    5 :  0.062 0.007 0.849 0.004 0.004 0.005 0.014 0.006 0.007 0.004 0.005 0.005 0.008 0.007 0.007 0.005 
 53 QTo-W-0128    (0)    5 :  0.027 0.006 0.895 0.005 0.004 0.004 0.018 0.004 0.005 0.003 0.004 0.004 0.006 0.005 0.005 0.004 
 54 QTo-W-0129    (0)    5 :  0.021 0.016 0.880 0.005 0.004 0.004 0.017 0.005 0.009 0.003 0.006 0.005 0.007 0.006 0.006 0.005 
 55 QTo-W-0131   (11)    5 :  0.045 0.480 0.019 0.039 0.014 0.004 0.028 0.014 0.094 0.028 0.032 0.006 0.083 0.050 0.022 0.041 
 56 QTo-W-0133   (11)    5 :  0.020 0.049 0.034 0.015 0.031 0.129 0.049 0.178 0.079 0.013 0.008 0.009 0.010 0.276 0.028 0.072 
 57 QTo-W-0137    (0)    5 :  0.006 0.070 0.013 0.029 0.010 0.007 0.229 0.013 0.113 0.007 0.020 0.074 0.006 0.197 0.183 0.022 
 58 QTo-W-0138    (0)    5 :  0.285 0.052 0.261 0.003 0.033 0.013 0.021 0.012 0.095 0.020 0.019 0.005 0.012 0.086 0.013 0.069 
 59 QTo-W-0139    (0)    5 :  0.005 0.005 0.007 0.004 0.008 0.014 0.005 0.004 0.005 0.917 0.004 0.004 0.005 0.006 0.004 0.004 
 60 QTo-W-0140   (22)    5 :  0.005 0.005 0.004 0.005 0.006 0.005 0.005 0.005 0.005 0.925 0.005 0.005 0.006 0.006 0.005 0.005 
 61 QTo-W-0142    (0)    5 :  0.003 0.004 0.003 0.005 0.010 0.004 0.004 0.003 0.004 0.933 0.004 0.004 0.004 0.005 0.004 0.004 
 62 QTo-W-0144    (0)    5 :  0.237 0.130 0.012 0.007 0.014 0.007 0.030 0.060 0.023 0.008 0.022 0.009 0.035 0.227 0.052 0.128 
 63 QTo-W-0149   (22)    5 :  0.005 0.012 0.005 0.008 0.821 0.004 0.007 0.005 0.008 0.007 0.006 0.006 0.005 0.010 0.026 0.064 
 64 QTo-W-0151   (11)    5 :  0.015 0.012 0.004 0.035 0.816 0.007 0.008 0.005 0.017 0.007 0.017 0.005 0.005 0.030 0.007 0.011 
 65 QTo-W-0153   (22)    5 :  0.005 0.005 0.004 0.006 0.923 0.004 0.005 0.005 0.006 0.007 0.004 0.006 0.004 0.007 0.005 0.005 
 66 QTo-W-0154    (0)    5 :  0.004 0.011 0.004 0.011 0.722 0.015 0.050 0.011 0.018 0.044 0.011 0.024 0.006 0.037 0.020 0.013 
 67 QTo-W-0159   (11)    5 :  0.016 0.018 0.007 0.008 0.017 0.043 0.282 0.017 0.108 0.011 0.010 0.033 0.007 0.240 0.149 0.035 
 68 QTo-W-0161   (11)    5 :  0.005 0.016 0.005 0.009 0.667 0.014 0.061 0.008 0.023 0.033 0.024 0.026 0.009 0.057 0.029 0.016 
 69 QTo-W-0162    (0)    5 :  0.005 0.261 0.004 0.022 0.049 0.012 0.065 0.053 0.072 0.012 0.074 0.224 0.028 0.058 0.049 0.012 
 70 QTo-W-0163   (11)    5 :  0.028 0.082 0.006 0.235 0.020 0.013 0.040 0.012 0.084 0.043 0.193 0.005 0.014 0.135 0.027 0.064 
 71 QTo-W-0167   (11)    5 :  0.013 0.053 0.072 0.019 0.009 0.131 0.075 0.025 0.037 0.012 0.029 0.311 0.046 0.060 0.085 0.022 
 72 QTo-W-0170    (0)    5 :  0.007 0.064 0.020 0.007 0.007 0.070 0.245 0.018 0.112 0.006 0.018 0.035 0.011 0.192 0.177 0.009 
 73 QTo-W-0171   (22)    5 :  0.091 0.093 0.045 0.014 0.015 0.006 0.156 0.092 0.083 0.012 0.049 0.014 0.048 0.123 0.132 0.026 
 74 QTo-W-0172   (22)    5 :  0.007 0.420 0.008 0.007 0.009 0.084 0.043 0.101 0.052 0.030 0.025 0.075 0.049 0.033 0.044 0.012 
 75 QTo-W-0173   (11)    5 :  0.008 0.018 0.013 0.010 0.018 0.044 0.286 0.007 0.119 0.010 0.012 0.017 0.006 0.232 0.177 0.022 
 76 QTo-W-0174    (0)    5 :  0.014 0.017 0.009 0.039 0.031 0.025 0.071 0.006 0.048 0.010 0.013 0.256 0.009 0.342 0.020 0.091 
 77 QTo-W-0175    (0)    5 :  0.113 0.192 0.034 0.014 0.034 0.004 0.032 0.024 0.124 0.010 0.019 0.006 0.013 0.219 0.018 0.142 
 78 QTo-W-0182   (22)    5 :  0.009 0.008 0.891 0.008 0.006 0.005 0.011 0.005 0.008 0.005 0.006 0.007 0.005 0.007 0.011 0.008 
 79 QTo-W-0184    (0)    5 :  0.012 0.099 0.013 0.043 0.020 0.042 0.104 0.008 0.102 0.010 0.179 0.033 0.060 0.145 0.093 0.035 
 80 QTo-W-0188    (0)    5 :  0.014 0.033 0.014 0.005 0.009 0.182 0.200 0.075 0.105 0.009 0.013 0.012 0.006 0.190 0.103 0.030 
 81 QTo-W-0192   (11)    5 :  0.010 0.012 0.023 0.009 0.010 0.005 0.008 0.005 0.009 0.006 0.006 0.008 0.004 0.653 0.007 0.224 
 82 QTo-W-0193    (0)    5 :  0.016 0.014 0.005 0.006 0.011 0.005 0.007 0.005 0.011 0.005 0.005 0.007 0.004 0.668 0.006 0.226 
 83 QTo-W-0194    (0)    5 :  0.017 0.009 0.015 0.006 0.010 0.005 0.006 0.004 0.009 0.004 0.004 0.006 0.004 0.668 0.006 0.228 
 84 QTo-W-0196   (11)    5 :  0.010 0.023 0.007 0.044 0.060 0.019 0.110 0.021 0.292 0.025 0.009 0.016 0.005 0.267 0.034 0.059 
 85 QTo-W-0197    (0)    5 :  0.007 0.022 0.017 0.146 0.050 0.017 0.118 0.017 0.272 0.016 0.009 0.013 0.004 0.220 0.031 0.042 
 86 QTo-W-0200   (11)    6 :  0.004 0.015 0.005 0.004 0.004 0.004 0.129 0.005 0.052 0.003 0.009 0.008 0.114 0.020 0.247 0.378 
 87 QTo-W-0201   (22)    6 :  0.004 0.014 0.005 0.004 0.004 0.005 0.129 0.006 0.050 0.003 0.013 0.008 0.113 0.019 0.245 0.379 
 88 QTo-W-0205    (0)    7 :  0.003 0.004 0.003 0.003 0.003 0.944 0.004 0.005 0.004 0.004 0.004 0.004 0.003 0.004 0.004 0.003 
 89 QTo-W-0208    (0)    7 :  0.072 0.158 0.053 0.038 0.008 0.197 0.067 0.018 0.057 0.015 0.187 0.011 0.017 0.037 0.048 0.017 
 90 QTo-W-0211    (0)    7 :  0.007 0.231 0.005 0.004 0.006 0.180 0.126 0.118 0.059 0.005 0.022 0.013 0.006 0.128 0.069 0.020 
 91 QTo-W-0212   (11)    7 :  0.005 0.004 0.005 0.003 0.004 0.939 0.004 0.004 0.004 0.004 0.004 0.004 0.004 0.005 0.004 0.004 
 92 QTo-W-0213    (0)    7 :  0.004 0.005 0.004 0.003 0.003 0.926 0.008 0.004 0.005 0.003 0.007 0.004 0.004 0.009 0.006 0.003 
 93 QTo-W-0216   (11)    8 :  0.007 0.021 0.008 0.007 0.008 0.005 0.009 0.006 0.617 0.005 0.007 0.006 0.005 0.012 0.013 0.265 
 94 QTo-W-0220    (0)    8 :  0.010 0.028 0.019 0.005 0.006 0.004 0.010 0.005 0.611 0.004 0.014 0.004 0.006 0.009 0.011 0.253 
 95 QTo-W-0224   (11)    8 :  0.032 0.141 0.030 0.009 0.007 0.007 0.204 0.057 0.149 0.043 0.030 0.016 0.050 0.018 0.189 0.016 
 96 QTo-W-0225   (11)    8 :  0.016 0.012 0.008 0.009 0.005 0.018 0.011 0.004 0.010 0.004 0.865 0.005 0.005 0.010 0.011 0.007 
 97 QTo-W-0227   (11)    8 :  0.007 0.080 0.012 0.013 0.013 0.006 0.114 0.033 0.421 0.011 0.020 0.007 0.104 0.030 0.054 0.075 
 98 QTo-W-0229    (0)    8 :  0.007 0.010 0.003 0.035 0.005 0.004 0.012 0.003 0.006 0.006 0.868 0.003 0.004 0.007 0.011 0.016 
 99 QTo-W-0231    (0)    8 :  0.006 0.766 0.011 0.006 0.003 0.031 0.006 0.005 0.009 0.007 0.022 0.003 0.103 0.004 0.007 0.010 
100 QTo-W-0238   (22)    8 :  0.008 0.027 0.009 0.008 0.017 0.041 0.214 0.011 0.121 0.039 0.082 0.023 0.023 0.160 0.188 0.031 
101 QTo-W-0240    (0)    8 :  0.009 0.126 0.013 0.006 0.013 0.027 0.101 0.009 0.056 0.020 0.039 0.022 0.384 0.067 0.086 0.020 
102 QTo-W-0242    (0)    8 :  0.003 0.026 0.003 0.008 0.010 0.012 0.019 0.025 0.027 0.271 0.058 0.470 0.020 0.021 0.016 0.010 
103 QTo-W-0244    (0)    9 :  0.003 0.020 0.004 0.007 0.005 0.009 0.052 0.019 0.033 0.011 0.022 0.043 0.677 0.011 0.075 0.010 
104 QTo-W-0245   (11)    9 :  0.005 0.099 0.013 0.011 0.015 0.011 0.040 0.016 0.033 0.021 0.406 0.012 0.241 0.012 0.054 0.010 
105 QTo-W-0251    (0)    9 :  0.004 0.077 0.004 0.363 0.014 0.012 0.018 0.045 0.019 0.005 0.010 0.070 0.006 0.051 0.085 0.217 
106 QTo-W-0253    (0)    9 :  0.004 0.030 0.005 0.017 0.004 0.009 0.024 0.006 0.034 0.007 0.784 0.026 0.006 0.011 0.026 0.007 
107 QTo-W-0256   (11)    9 :  0.063 0.101 0.077 0.083 0.007 0.007 0.036 0.007 0.024 0.006 0.495 0.007 0.037 0.013 0.025 0.011 
108 QTo-W-0258    (0)    9 :  0.032 0.136 0.011 0.141 0.006 0.004 0.099 0.007 0.013 0.045 0.408 0.005 0.021 0.012 0.051 0.009 
109 QTo-W-0259    (0)    9 :  0.005 0.052 0.004 0.017 0.027 0.011 0.007 0.013 0.011 0.058 0.737 0.024 0.012 0.011 0.006 0.007 
110 QTo-W-0260   (22)    9 :  0.005 0.126 0.005 0.005 0.009 0.027 0.014 0.038 0.015 0.040 0.638 0.011 0.023 0.027 0.010 0.009 
111 QTo-W-0274   (11)   10 :  0.005 0.030 0.007 0.010 0.006 0.004 0.500 0.006 0.045 0.005 0.037 0.006 0.005 0.011 0.310 0.014 
112 QTo-W-0275    (0)   10 :  0.263 0.162 0.037 0.004 0.048 0.011 0.020 0.104 0.032 0.006 0.009 0.007 0.094 0.086 0.041 0.075 
113 QTo-W-0278    (0)   10 :  0.009 0.075 0.008 0.050 0.029 0.104 0.054 0.099 0.119 0.020 0.025 0.008 0.035 0.232 0.053 0.082 
114 QTo-W-0283   (11)   10 :  0.043 0.090 0.025 0.014 0.006 0.137 0.015 0.008 0.012 0.009 0.018 0.006 0.566 0.022 0.012 0.016 
115 QTo-W-0284    (0)   10 :  0.021 0.157 0.015 0.010 0.005 0.158 0.015 0.012 0.014 0.012 0.015 0.007 0.478 0.021 0.021 0.037 
116 QTo-W-0287   (22)   10 :  0.007 0.010 0.007 0.012 0.005 0.005 0.538 0.005 0.042 0.011 0.008 0.006 0.012 0.006 0.321 0.007 
117 QTo-W-0289   (22)   10 :  0.007 0.007 0.007 0.009 0.005 0.006 0.543 0.008 0.037 0.005 0.007 0.008 0.005 0.007 0.333 0.008 
118 QTo-W-0293    (0)   10 :  0.018 0.292 0.200 0.004 0.017 0.006 0.061 0.183 0.050 0.051 0.034 0.006 0.014 0.017 0.040 0.008 
119 QTo-W-0295   (11)   10 :  0.680 0.021 0.008 0.007 0.008 0.018 0.016 0.009 0.011 0.067 0.021 0.005 0.029 0.060 0.012 0.026 
120 QTo-W-0296   (11)   11 :  0.011 0.009 0.007 0.007 0.063 0.004 0.007 0.831 0.007 0.009 0.005 0.009 0.005 0.010 0.008 0.007 
121 QTo-W-0298    (0)   11 :  0.007 0.007 0.006 0.005 0.051 0.005 0.007 0.859 0.006 0.009 0.005 0.009 0.004 0.009 0.006 0.006 
122 QTo-W-0300   (11)   11 :  0.015 0.355 0.090 0.028 0.006 0.006 0.134 0.013 0.045 0.004 0.009 0.013 0.123 0.022 0.090 0.046 
123 QTo-W-0302    (0)   12 :  0.006 0.035 0.011 0.044 0.023 0.602 0.019 0.006 0.126 0.011 0.028 0.011 0.010 0.019 0.015 0.034 
124 QTo-W-0305    (0)   13 :  0.005 0.015 0.008 0.008 0.005 0.006 0.488 0.017 0.078 0.017 0.007 0.005 0.011 0.008 0.299 0.022 
125 QTo-W-0308   (11)   13 :  0.007 0.017 0.010 0.008 0.006 0.007 0.467 0.025 0.088 0.008 0.007 0.008 0.006 0.010 0.296 0.029 
126 QTo-W-0309   (11)   13 :  0.089 0.027 0.031 0.004 0.011 0.186 0.086 0.022 0.155 0.005 0.010 0.015 0.008 0.200 0.078 0.072 
127 QTo-W-0311    (0)   14 :  0.016 0.045 0.026 0.004 0.006 0.028 0.238 0.006 0.087 0.009 0.074 0.007 0.083 0.149 0.205 0.017 
128 QTo-W-0312    (0)   15 :  0.003 0.006 0.004 0.007 0.004 0.005 0.005 0.896 0.006 0.003 0.005 0.038 0.004 0.004 0.006 0.004 
129 QTo-W-0315   (11)   15 :  0.004 0.006 0.005 0.004 0.004 0.005 0.005 0.925 0.006 0.003 0.006 0.006 0.005 0.005 0.006 0.005 
130 QTo-W-0318    (0)   16 :  0.016 0.021 0.007 0.004 0.006 0.039 0.240 0.014 0.189 0.009 0.010 0.043 0.010 0.026 0.327 0.038 
131 QTo-W-0322   (11)   16 :  0.011 0.025 0.009 0.005 0.006 0.025 0.226 0.010 0.182 0.008 0.014 0.051 0.014 0.017 0.333 0.064 
132 QTo-W-0326   (22)   16 :  0.036 0.025 0.106 0.008 0.012 0.042 0.132 0.011 0.197 0.005 0.028 0.054 0.013 0.107 0.179 0.046 
133 QTo-W-0327   (11)   16 :  0.052 0.039 0.039 0.021 0.021 0.046 0.106 0.009 0.218 0.005 0.082 0.025 0.010 0.125 0.151 0.052 
134 QTo-W-0328    (0)   17 :  0.005 0.006 0.005 0.007 0.134 0.003 0.008 0.004 0.007 0.004 0.005 0.004 0.005 0.006 0.196 0.603 
135 QTo-W-0329    (0)   17 :  0.005 0.005 0.004 0.006 0.006 0.003 0.006 0.003 0.005 0.005 0.004 0.004 0.004 0.005 0.227 0.706 
136 QTo-W-0330   (11)   17 :  0.006 0.006 0.005 0.009 0.008 0.003 0.010 0.004 0.007 0.005 0.005 0.005 0.006 0.008 0.223 0.688 


Estimated Allele Frequencies in each cluster
First column gives estimated ancestral frequencies


Locus 1 : 
4 alleles
0.7% missing data
 149   (0.832) 0.993 0.832 0.987 0.993 0.991 0.220 0.971 0.603 0.958 0.971 0.459 0.993 0.918 0.972 0.971 0.972 
 147   (0.069) 0.003 0.070 0.005 0.003 0.004 0.238 0.010 0.378 0.016 0.017 0.090 0.003 0.014 0.010 0.010 0.011 
 155   (0.057) 0.002 0.057 0.004 0.002 0.003 0.538 0.011 0.013 0.015 0.006 0.017 0.003 0.055 0.012 0.010 0.010 
 161   (0.041) 0.002 0.041 0.003 0.002 0.002 0.004 0.008 0.007 0.011 0.005 0.434 0.002 0.013 0.006 0.008 0.007 

Locus 2 : 
6 alleles
12.5% missing data
 179   (0.375) 0.061 0.375 0.036 0.968 0.950 0.032 0.432 0.069 0.596 0.680 0.355 0.233 0.071 0.715 0.443 0.812 
 176   (0.135) 0.165 0.135 0.547 0.006 0.011 0.926 0.096 0.030 0.073 0.214 0.065 0.013 0.057 0.088 0.077 0.035 
 173   (0.253) 0.741 0.253 0.395 0.015 0.020 0.019 0.132 0.073 0.110 0.061 0.322 0.016 0.762 0.123 0.133 0.089 
 164   (0.027) 0.023 0.027 0.004 0.001 0.002 0.002 0.006 0.004 0.008 0.005 0.011 0.001 0.006 0.005 0.006 0.006 
 182   (0.163) 0.007 0.163 0.014 0.008 0.014 0.016 0.271 0.817 0.180 0.031 0.070 0.734 0.092 0.048 0.292 0.046 
 170   (0.047) 0.002 0.047 0.004 0.002 0.004 0.005 0.063 0.006 0.033 0.008 0.177 0.003 0.012 0.021 0.049 0.012 

Locus 3 : 
17 alleles
0.0% missing data
 220   (0.152) 0.111 0.152 0.433 0.007 0.016 0.533 0.146 0.045 0.274 0.027 0.102 0.010 0.336 0.148 0.117 0.109 
 222   (0.174) 0.018 0.174 0.018 0.220 0.139 0.021 0.265 0.227 0.132 0.547 0.304 0.014 0.091 0.181 0.270 0.236 
 218   (0.158) 0.671 0.158 0.432 0.178 0.018 0.020 0.200 0.027 0.282 0.021 0.112 0.009 0.079 0.263 0.271 0.351 
 226   (0.063) 0.006 0.063 0.073 0.552 0.005 0.007 0.014 0.012 0.019 0.029 0.097 0.926 0.011 0.022 0.015 0.015 
 258   (0.064) 0.005 0.064 0.011 0.009 0.005 0.014 0.055 0.297 0.052 0.012 0.024 0.003 0.014 0.060 0.041 0.025 
 224   (0.065) 0.003 0.065 0.007 0.003 0.004 0.009 0.027 0.195 0.023 0.007 0.032 0.016 0.367 0.013 0.056 0.072 
 228   (0.075) 0.006 0.075 0.007 0.020 0.019 0.373 0.120 0.030 0.124 0.011 0.028 0.008 0.014 0.145 0.084 0.043 
 256   (0.022) 0.171 0.022 0.002 0.001 0.001 0.002 0.003 0.003 0.005 0.002 0.006 0.001 0.003 0.004 0.003 0.004 
 264   (0.019) 0.001 0.019 0.001 0.001 0.001 0.001 0.003 0.002 0.004 0.315 0.005 0.001 0.003 0.003 0.003 0.003 
 230   (0.030) 0.001 0.030 0.002 0.001 0.777 0.002 0.004 0.124 0.007 0.003 0.008 0.001 0.004 0.005 0.004 0.005 
 260   (0.037) 0.001 0.037 0.003 0.002 0.006 0.004 0.012 0.008 0.014 0.005 0.016 0.005 0.033 0.010 0.011 0.007 
 262   (0.022) 0.001 0.022 0.002 0.001 0.002 0.004 0.004 0.009 0.007 0.004 0.007 0.002 0.005 0.004 0.004 0.004 
 234   (0.023) 0.001 0.023 0.002 0.001 0.001 0.001 0.003 0.003 0.005 0.002 0.006 0.001 0.003 0.124 0.003 0.045 
 232   (0.022) 0.001 0.022 0.002 0.001 0.001 0.001 0.022 0.004 0.031 0.002 0.007 0.001 0.020 0.005 0.044 0.069 
 250   (0.021) 0.001 0.021 0.002 0.001 0.001 0.001 0.003 0.003 0.004 0.002 0.160 0.001 0.003 0.003 0.003 0.003 
 216   (0.022) 0.001 0.022 0.002 0.001 0.001 0.003 0.004 0.007 0.006 0.007 0.078 0.001 0.005 0.005 0.004 0.004 
 266   (0.032) 0.001 0.032 0.003 0.001 0.002 0.002 0.114 0.004 0.013 0.003 0.009 0.001 0.007 0.005 0.068 0.006 

Locus 4 : 
2 alleles
1.5% missing data
 137   (0.973) 0.999 0.973 0.998 0.999 0.999 0.998 0.996 0.997 0.907 0.998 0.993 0.999 0.996 0.996 0.996 0.958 
 139   (0.027) 0.001 0.027 0.002 0.001 0.001 0.002 0.004 0.003 0.093 0.002 0.007 0.001 0.004 0.004 0.004 0.042 

Locus 5 : 
17 alleles
11.8% missing data
 187   (0.287) 0.015 0.287 0.033 0.018 0.181 0.854 0.497 0.056 0.366 0.050 0.518 0.740 0.279 0.568 0.512 0.301 
 243   (0.037) 0.002 0.037 0.422 0.003 0.002 0.003 0.007 0.005 0.009 0.003 0.010 0.002 0.006 0.091 0.006 0.037 
 203   (0.083) 0.924 0.083 0.010 0.364 0.005 0.008 0.024 0.011 0.028 0.008 0.257 0.006 0.014 0.018 0.020 0.016 
 201   (0.115) 0.006 0.115 0.335 0.445 0.018 0.010 0.093 0.017 0.098 0.012 0.054 0.046 0.033 0.072 0.048 0.032 
 197   (0.064) 0.003 0.064 0.006 0.141 0.004 0.005 0.136 0.010 0.077 0.007 0.018 0.003 0.583 0.011 0.072 0.015 
 195   (0.055) 0.006 0.055 0.023 0.003 0.004 0.065 0.140 0.009 0.022 0.874 0.029 0.005 0.010 0.010 0.086 0.010 
 247   (0.023) 0.002 0.023 0.101 0.001 0.002 0.002 0.005 0.003 0.007 0.002 0.006 0.001 0.004 0.004 0.004 0.004 
 235   (0.033) 0.002 0.033 0.004 0.004 0.003 0.003 0.021 0.005 0.016 0.004 0.016 0.003 0.006 0.020 0.019 0.008 
 249   (0.023) 0.001 0.023 0.002 0.001 0.001 0.002 0.004 0.003 0.006 0.002 0.006 0.177 0.004 0.004 0.004 0.003 
 199   (0.066) 0.006 0.066 0.007 0.007 0.012 0.018 0.019 0.821 0.043 0.007 0.020 0.004 0.016 0.087 0.029 0.051 
 245   (0.031) 0.025 0.031 0.025 0.002 0.010 0.003 0.010 0.006 0.038 0.006 0.011 0.002 0.007 0.045 0.007 0.034 
 219   (0.041) 0.003 0.041 0.004 0.002 0.718 0.003 0.009 0.008 0.011 0.004 0.011 0.002 0.010 0.009 0.036 0.069 
 217   (0.035) 0.002 0.035 0.003 0.003 0.032 0.003 0.007 0.005 0.009 0.004 0.010 0.002 0.006 0.007 0.132 0.301 
 229   (0.025) 0.001 0.025 0.002 0.001 0.002 0.002 0.005 0.003 0.007 0.002 0.007 0.001 0.004 0.041 0.004 0.017 
 215   (0.036) 0.001 0.036 0.003 0.002 0.003 0.018 0.007 0.004 0.247 0.004 0.011 0.002 0.006 0.006 0.007 0.094 
 205   (0.019) 0.001 0.019 0.002 0.001 0.001 0.002 0.004 0.002 0.005 0.002 0.005 0.001 0.007 0.003 0.003 0.003 
 227   (0.026) 0.001 0.026 0.019 0.001 0.002 0.002 0.012 0.031 0.011 0.010 0.010 0.002 0.005 0.005 0.010 0.005 

Locus 6 : 
25 alleles
30.9% missing data
 214   (0.060) 0.121 0.060 0.210 0.005 0.009 0.006 0.023 0.019 0.093 0.011 0.022 0.004 0.027 0.015 0.021 0.037 
 222   (0.065) 0.089 0.065 0.485 0.029 0.013 0.007 0.070 0.016 0.047 0.010 0.027 0.005 0.141 0.059 0.063 0.016 
 206   (0.059) 0.365 0.059 0.008 0.009 0.011 0.024 0.054 0.041 0.045 0.011 0.027 0.007 0.017 0.240 0.033 0.082 
 218   (0.083) 0.366 0.083 0.018 0.011 0.133 0.103 0.065 0.033 0.147 0.026 0.036 0.006 0.023 0.234 0.080 0.104 
 216   (0.054) 0.003 0.054 0.006 0.401 0.122 0.029 0.022 0.016 0.061 0.010 0.328 0.009 0.015 0.025 0.023 0.019 
 208   (0.035) 0.002 0.035 0.004 0.205 0.005 0.004 0.011 0.008 0.019 0.005 0.041 0.003 0.130 0.013 0.013 0.009 
 238   (0.044) 0.002 0.044 0.004 0.169 0.005 0.004 0.016 0.111 0.019 0.007 0.015 0.527 0.010 0.017 0.017 0.014 
 204   (0.022) 0.001 0.022 0.002 0.002 0.002 0.002 0.004 0.005 0.006 0.002 0.007 0.001 0.362 0.004 0.005 0.004 
 234   (0.050) 0.003 0.050 0.006 0.007 0.008 0.121 0.056 0.016 0.034 0.007 0.080 0.004 0.012 0.053 0.043 0.013 
 242   (0.039) 0.002 0.039 0.004 0.004 0.006 0.004 0.057 0.009 0.031 0.005 0.069 0.002 0.028 0.029 0.084 0.083 
 210   (0.127) 0.010 0.127 0.028 0.054 0.115 0.647 0.354 0.612 0.239 0.511 0.058 0.407 0.079 0.159 0.230 0.056 
 246   (0.031) 0.010 0.031 0.004 0.005 0.009 0.004 0.011 0.008 0.024 0.006 0.012 0.002 0.012 0.017 0.011 0.013 
 258   (0.030) 0.002 0.030 0.004 0.029 0.004 0.004 0.048 0.009 0.026 0.004 0.012 0.003 0.007 0.038 0.038 0.008 
 240   (0.019) 0.001 0.019 0.004 0.038 0.003 0.002 0.005 0.005 0.007 0.003 0.007 0.002 0.008 0.005 0.005 0.004 
 256   (0.022) 0.003 0.022 0.116 0.002 0.003 0.002 0.006 0.005 0.006 0.003 0.007 0.001 0.004 0.004 0.004 0.004 
 254   (0.021) 0.001 0.021 0.052 0.002 0.002 0.002 0.005 0.005 0.008 0.003 0.007 0.001 0.005 0.004 0.004 0.005 
 236   (0.047) 0.005 0.047 0.020 0.004 0.516 0.005 0.017 0.028 0.026 0.344 0.084 0.003 0.021 0.017 0.014 0.014 
 248   (0.026) 0.003 0.026 0.003 0.002 0.004 0.002 0.025 0.010 0.018 0.003 0.009 0.002 0.024 0.016 0.060 0.091 
 252   (0.017) 0.003 0.017 0.003 0.002 0.009 0.002 0.005 0.007 0.014 0.003 0.006 0.001 0.005 0.016 0.004 0.012 
 224   (0.031) 0.002 0.031 0.005 0.004 0.004 0.008 0.010 0.008 0.078 0.005 0.081 0.002 0.008 0.008 0.010 0.032 
 230   (0.028) 0.001 0.028 0.003 0.005 0.004 0.003 0.006 0.008 0.008 0.004 0.009 0.002 0.010 0.006 0.090 0.204 
 228   (0.019) 0.001 0.019 0.002 0.006 0.002 0.002 0.010 0.004 0.007 0.005 0.031 0.001 0.006 0.004 0.006 0.004 
 266   (0.023) 0.001 0.023 0.003 0.002 0.003 0.002 0.037 0.005 0.010 0.003 0.010 0.002 0.005 0.005 0.024 0.006 
 212   (0.027) 0.001 0.027 0.003 0.002 0.004 0.007 0.006 0.007 0.009 0.004 0.009 0.002 0.038 0.006 0.068 0.157 
 232   (0.023) 0.001 0.023 0.002 0.002 0.002 0.002 0.078 0.005 0.018 0.003 0.007 0.001 0.005 0.004 0.050 0.007 

Locus 7 : 
7 alleles
1.5% missing data
 108   (0.627) 0.980 0.627 0.821 0.431 0.976 0.962 0.500 0.934 0.735 0.956 0.548 0.974 0.434 0.921 0.423 0.382 
 116   (0.030) 0.001 0.030 0.150 0.001 0.002 0.002 0.006 0.010 0.008 0.005 0.009 0.001 0.005 0.004 0.006 0.005 
 110   (0.157) 0.009 0.157 0.013 0.560 0.011 0.022 0.344 0.029 0.085 0.021 0.290 0.017 0.182 0.042 0.227 0.045 
 114   (0.073) 0.005 0.073 0.007 0.003 0.006 0.005 0.029 0.012 0.024 0.007 0.020 0.003 0.346 0.015 0.135 0.258 
 112   (0.068) 0.003 0.068 0.006 0.003 0.004 0.005 0.116 0.009 0.139 0.006 0.018 0.003 0.024 0.011 0.204 0.303 
 104   (0.021) 0.001 0.021 0.001 0.001 0.001 0.001 0.003 0.003 0.005 0.002 0.108 0.001 0.003 0.003 0.003 0.003 
 118   (0.024) 0.001 0.024 0.002 0.001 0.001 0.002 0.003 0.003 0.005 0.002 0.007 0.001 0.007 0.003 0.004 0.004 

Locus 8 : 
5 alleles
2.2% missing data
 160   (0.163) 0.535 0.163 0.378 0.007 0.060 0.238 0.095 0.406 0.063 0.022 0.052 0.064 0.072 0.228 0.065 0.104 
 162   (0.634) 0.457 0.634 0.607 0.980 0.895 0.733 0.833 0.328 0.652 0.109 0.645 0.914 0.470 0.692 0.882 0.805 
 164   (0.089) 0.004 0.089 0.007 0.004 0.012 0.010 0.022 0.020 0.031 0.820 0.118 0.006 0.433 0.016 0.021 0.016 
 166   (0.021) 0.001 0.021 0.002 0.001 0.007 0.002 0.005 0.006 0.008 0.002 0.010 0.004 0.005 0.005 0.005 0.004 
 158   (0.093) 0.004 0.093 0.007 0.008 0.026 0.018 0.045 0.241 0.247 0.046 0.176 0.012 0.020 0.058 0.027 0.071 

Locus 9 : 
4 alleles
0.0% missing data
 229   (0.527) 0.498 0.528 0.239 0.934 0.968 0.199 0.289 0.278 0.443 0.501 0.402 0.610 0.572 0.760 0.286 0.519 
 226   (0.329) 0.490 0.329 0.750 0.058 0.023 0.065 0.644 0.692 0.478 0.046 0.376 0.381 0.109 0.190 0.635 0.446 
 223   (0.124) 0.011 0.123 0.010 0.007 0.007 0.727 0.060 0.020 0.072 0.451 0.215 0.008 0.316 0.043 0.075 0.031 
 232   (0.020) 0.001 0.020 0.001 0.001 0.001 0.009 0.007 0.009 0.007 0.002 0.006 0.001 0.003 0.007 0.005 0.004 

Values of parameters used in structure:
DATAFILE=C:\Users\eschumacher\Documents\GitHub\Ten_Oaks\Data_Files\QUTO_wild\project_data,	OUTFILE=C:\Users\eschumacher\Documents\GitHub\Ten_Oaks\Data_Files\QUTO_wild\50-50\Results\50-50_run_78,	NUMINDS=136,	NUMLOCI=9,	MISSING=-9,	LABEL=1,	POPDATA=1,	POPFLAG=0,	PHENOTYPE=0,	EXTRACOLS=0,	MAXPOPS=16,	BURNIN=50000,	NUMREPS=50000,	USEPOPINFO=0,	INFERALPHA=1,	INFERLAMBDA=0,	POPSPECIFICLAMBDA=0,	POPALPHAS=0,	COMPUTEPROB=1,	NOADMIX=0,	ADMBURNIN=2500,	UPDATEFREQ=1,	PRINTLIKES=0,	INTERMEDSAVE=0,	PRINTKLD=0,	PRINTNET=0,	PRINTLAMBDA=0,	ANCESTDIST=0,	NUMBOXES=1000,	ANCESTPINT=0.90000,	GENSBACK=2,	MIGRPRIOR=0.05000,	PRINTQHAT=0,	PRINTQSUM=0,	ALPHA=1.0000,	FREQSCORR=1,	FPRIORMEAN=0.0100,	FPRIORSD=0.0500,	ONEFST=0,	LAMBDA=1.0000,	UNIFPRIORALPHA=1,	ALPHAMAX=10.0000,	ALPHAPRIORA=1.0000,	ALPHAPRIORB=2.0000,	ALPHAPROPSD=0.0250,	STARTATPOPINFO=0,	RANDOMIZE=1,	LINKAGE=0,	METROFREQ=10,	REPORTHITRATE=0,	MARKOVPHASE=-1,	PHASED=0,	PLOIDY=2,	PHASEINFO=0	LOCPRIOR=0, 	LOCPRIORINIT=1.000000, 	LOCDATA=0, 	LOCISPOP=0, 	LOCPRIORSTEP=0.100000, 	MAXLOCPRIOR=20.000000, 	SEED=1689804513,	
[STRAT parameters]:    NUMSIMSTATS=1000,	PHENOTYPECOL=-9,	POOLFREQ=10,	LOCUSxONLY=0,	EMERROR=0.00100,	MISSINGPHENO=-9,	