

----------------------------------------------------
STRUCTURE by Pritchard, Stephens and Donnelly (2000)
     and Falush, Stephens and Pritchard (2003)
       Code by Pritchard, Falush and Hubisz
             Version 2.3.4 (Jul 2012)
----------------------------------------------------



Command line arguments:   bin\structure -m C:\Users\eschumacher\Documents\GitHub\Ten_Oaks\Data_Files\QUTO_wild\50-50\mainparams -e C:\Users\eschumacher\Documents\GitHub\Ten_Oaks\Data_Files\QUTO_wild\50-50\extraparams 
Input File:    C:\Users\eschumacher\Documents\GitHub\Ten_Oaks\Data_Files\QUTO_wild\project_data

Run parameters:
   136 individuals
   9 loci
   15 populations assumed
   50000 Burn-in period
   50000 Reps


--------------------------------------------
Proportion of membership of each pre-defined
 population in each of the 15 clusters

Given    Inferred Clusters                                                                                           Number of
 Pop       1      2      3      4      5      6      7      8      9     10     11     12     13     14     15      Individuals

  1:     0.018  0.018  0.018  0.105  0.033  0.018  0.023  0.323  0.025  0.011  0.015  0.339  0.020  0.014  0.020        1
  2:     0.006  0.004  0.006  0.005  0.005  0.008  0.010  0.007  0.009  0.004  0.462  0.008  0.006  0.451  0.006        4
  3:     0.006  0.006  0.013  0.013  0.004  0.800  0.015  0.029  0.020  0.013  0.012  0.036  0.015  0.008  0.010        4
  4:     0.553  0.007  0.013  0.015  0.008  0.034  0.008  0.190  0.011  0.005  0.009  0.118  0.011  0.006  0.013        5
  5:     0.016  0.055  0.014  0.069  0.030  0.138  0.131  0.098  0.034  0.020  0.109  0.099  0.018  0.145  0.024       71
  6:     0.035  0.003  0.359  0.005  0.006  0.004  0.007  0.021  0.097  0.121  0.005  0.007  0.216  0.004  0.111        2
  7:     0.008  0.007  0.007  0.005  0.650  0.012  0.008  0.067  0.041  0.033  0.014  0.052  0.025  0.019  0.053        5
  8:     0.109  0.044  0.087  0.010  0.017  0.013  0.057  0.063  0.174  0.022  0.013  0.032  0.125  0.011  0.223       10
  9:     0.129  0.025  0.048  0.019  0.011  0.086  0.026  0.022  0.051  0.019  0.017  0.017  0.044  0.019  0.467        8
 10:     0.159  0.022  0.022  0.024  0.045  0.012  0.006  0.038  0.128  0.053  0.040  0.051  0.254  0.121  0.024        9
 11:     0.071  0.008  0.032  0.070  0.005  0.015  0.014  0.015  0.059  0.539  0.047  0.018  0.087  0.012  0.008        3
 12:     0.011  0.011  0.028  0.027  0.644  0.046  0.012  0.030  0.074  0.007  0.012  0.027  0.027  0.007  0.036        1
 13:     0.008  0.011  0.032  0.008  0.071  0.007  0.010  0.065  0.137  0.030  0.017  0.057  0.498  0.041  0.009        3
 14:     0.071  0.010  0.059  0.005  0.031  0.005  0.008  0.414  0.030  0.009  0.030  0.136  0.076  0.019  0.097        1
 15:     0.005  0.003  0.005  0.004  0.005  0.004  0.020  0.006  0.006  0.918  0.004  0.005  0.006  0.004  0.006        2
 16:     0.011  0.007  0.159  0.013  0.042  0.010  0.041  0.070  0.069  0.014  0.043  0.060  0.392  0.030  0.039        4
 17:     0.005  0.005  0.730  0.199  0.003  0.007  0.004  0.007  0.007  0.004  0.005  0.006  0.008  0.005  0.005        3
--------------------------------------------

Allele-freq. divergence among pops (Net nucleotide distance),
computed using point estimates of P.

      1       2       3       4       5       6       7       8       9      10      11      12      13      14      15      
 1      -    0.1963  0.1387  0.2077  0.2356  0.1952  0.2274  0.1273  0.0830  0.2005  0.1507  0.1276  0.1322  0.1766  0.0960  
 2   0.1963     -    0.2186  0.2031  0.2828  0.2537  0.2859  0.1651  0.1510  0.2422  0.2625  0.1589  0.2217  0.2940  0.1796  
 3   0.1387  0.2186     -    0.1262  0.2708  0.1248  0.1807  0.0709  0.0382  0.1774  0.1487  0.0768  0.0583  0.2015  0.0838  
 4   0.2077  0.2031  0.1262     -    0.3134  0.1327  0.2123  0.0929  0.1140  0.2412  0.2390  0.0800  0.1928  0.2542  0.1490  
 5   0.2356  0.2828  0.2708  0.3134     -    0.3668  0.2594  0.1710  0.1906  0.2465  0.2279  0.1910  0.2198  0.3219  0.1677  
 6   0.1952  0.2537  0.1248  0.1327  0.3668     -    0.1908  0.1220  0.1070  0.2899  0.2417  0.1080  0.1682  0.2523  0.1315  
 7   0.2274  0.2859  0.1807  0.2123  0.2594  0.1908     -    0.1153  0.1372  0.1730  0.2282  0.1296  0.1422  0.2791  0.1556  
 8   0.1273  0.1651  0.0709  0.0929  0.1710  0.1220  0.1153     -    0.0393  0.1496  0.1246  0.0103  0.0819  0.1617  0.0580  
 9   0.0830  0.1510  0.0382  0.1140  0.1906  0.1070  0.1372  0.0393     -    0.1086  0.0856  0.0412  0.0302  0.1340  0.0394  
10   0.2005  0.2422  0.1774  0.2412  0.2465  0.2899  0.1730  0.1496  0.1086     -    0.1760  0.1579  0.1202  0.2236  0.1417  
11   0.1507  0.2625  0.1487  0.2390  0.2279  0.2417  0.2282  0.1246  0.0856  0.1760     -    0.1328  0.1198  0.1263  0.1344  
12   0.1276  0.1589  0.0768  0.0800  0.1910  0.1080  0.1296  0.0103  0.0412  0.1579  0.1328     -    0.0987  0.1458  0.0707  
13   0.1322  0.2217  0.0583  0.1928  0.2198  0.1682  0.1422  0.0819  0.0302  0.1202  0.1198  0.0987     -    0.1899  0.0731  
14   0.1766  0.2940  0.2015  0.2542  0.3219  0.2523  0.2791  0.1617  0.1340  0.2236  0.1263  0.1458  0.1899     -    0.1598  
15   0.0960  0.1796  0.0838  0.1490  0.1677  0.1315  0.1556  0.0580  0.0394  0.1417  0.1344  0.0707  0.0731  0.1598     -    

Average distances (expected heterozygosity) between individuals in same cluster:
cluster  1  : 0.5250 
cluster  2  : 0.3341 
cluster  3  : 0.5007 
cluster  4  : 0.2899 
cluster  5  : 0.3494 
cluster  6  : 0.3106 
cluster  7  : 0.2472 
cluster  8  : 0.4330 
cluster  9  : 0.6004 
cluster 10  : 0.4583 
cluster 11  : 0.4189 
cluster 12  : 0.4355 
cluster 13  : 0.5050 
cluster 14  : 0.3151 
cluster 15  : 0.6189 

--------------------------------------------
Estimated Ln Prob of Data   = -2229.7
Mean value of ln likelihood = -1833.1
Variance of ln likelihood   = 793.2
Mean value of alpha         = 0.0360

Mean value of Fst_1         = 0.2861
Mean value of Fst_2         = 0.5430
Mean value of Fst_3         = 0.3516
Mean value of Fst_4         = 0.5617
Mean value of Fst_5         = 0.5241
Mean value of Fst_6         = 0.4723
Mean value of Fst_7         = 0.5812
Mean value of Fst_8         = 0.2776
Mean value of Fst_9         = 0.1546
Mean value of Fst_10         = 0.3828
Mean value of Fst_11         = 0.4001
Mean value of Fst_12         = 0.2815
Mean value of Fst_13         = 0.2941
Mean value of Fst_14         = 0.4949
Mean value of Fst_15         = 0.1487


Inferred ancestry of individuals:
        Label (%Miss) Pop:  Inferred clusters
  1 QTo-W-0007   (11)    1 :  0.018 0.018 0.018 0.105 0.033 0.018 0.023 0.323 0.025 0.011 0.015 0.339 0.020 0.014 0.020 
  2 QTo-W-0009    (0)    2 :  0.004 0.005 0.005 0.005 0.005 0.017 0.026 0.006 0.006 0.004 0.893 0.007 0.004 0.008 0.005 
  3 QTo-W-0010    (0)    2 :  0.011 0.004 0.008 0.006 0.007 0.006 0.005 0.011 0.021 0.005 0.027 0.011 0.010 0.854 0.012 
  4 QTo-W-0011    (0)    2 :  0.005 0.005 0.005 0.005 0.006 0.005 0.005 0.006 0.005 0.004 0.921 0.007 0.004 0.011 0.004 
  5 QTo-W-0012   (22)    2 :  0.005 0.003 0.005 0.004 0.003 0.005 0.005 0.006 0.005 0.004 0.007 0.006 0.005 0.932 0.004 
  6 QTo-W-0020   (22)    3 :  0.004 0.003 0.004 0.005 0.003 0.938 0.006 0.004 0.004 0.003 0.004 0.005 0.005 0.007 0.006 
  7 QTo-W-0021   (22)    3 :  0.006 0.011 0.010 0.021 0.005 0.856 0.015 0.018 0.009 0.006 0.006 0.014 0.008 0.006 0.009 
  8 QTo-W-0023   (22)    3 :  0.005 0.005 0.013 0.013 0.004 0.867 0.031 0.009 0.008 0.005 0.006 0.012 0.007 0.007 0.007 
  9 QTo-W-0024   (11)    3 :  0.009 0.007 0.024 0.013 0.005 0.539 0.009 0.084 0.059 0.037 0.031 0.112 0.042 0.013 0.016 
 10 QTo-W-0033    (0)    4 :  0.897 0.005 0.005 0.005 0.005 0.014 0.004 0.008 0.007 0.004 0.016 0.006 0.007 0.007 0.008 
 11 QTo-W-0035   (11)    4 :  0.918 0.007 0.005 0.006 0.006 0.006 0.005 0.006 0.006 0.005 0.007 0.006 0.005 0.007 0.006 
 12 QTo-W-0036    (0)    4 :  0.938 0.005 0.005 0.005 0.005 0.004 0.004 0.005 0.004 0.004 0.005 0.004 0.004 0.005 0.004 
 13 QTo-W-0039   (11)    4 :  0.006 0.012 0.023 0.042 0.012 0.095 0.016 0.417 0.016 0.006 0.008 0.319 0.012 0.005 0.010 
 14 QTo-W-0041    (0)    4 :  0.005 0.008 0.026 0.019 0.014 0.054 0.010 0.512 0.019 0.005 0.007 0.255 0.026 0.004 0.036 
 15 QTo-W-0044    (0)    5 :  0.005 0.164 0.005 0.004 0.043 0.011 0.045 0.008 0.029 0.007 0.623 0.007 0.036 0.005 0.007 
 16 QTo-W-0047    (0)    5 :  0.006 0.004 0.006 0.006 0.007 0.005 0.005 0.007 0.008 0.005 0.910 0.008 0.006 0.012 0.005 
 17 QTo-W-0048   (11)    5 :  0.006 0.006 0.006 0.007 0.009 0.006 0.007 0.009 0.007 0.005 0.900 0.009 0.006 0.014 0.005 
 18 QTo-W-0049    (0)    5 :  0.009 0.004 0.005 0.004 0.006 0.004 0.004 0.006 0.009 0.005 0.029 0.007 0.006 0.897 0.005 
 19 QTo-W-0050   (22)    5 :  0.135 0.007 0.031 0.011 0.006 0.024 0.489 0.029 0.029 0.096 0.032 0.015 0.029 0.032 0.034 
 20 QTo-W-0052    (0)    5 :  0.006 0.147 0.005 0.008 0.707 0.004 0.005 0.012 0.014 0.022 0.010 0.016 0.020 0.016 0.008 
 21 QTo-W-0054    (0)    5 :  0.004 0.003 0.004 0.005 0.003 0.004 0.004 0.006 0.004 0.004 0.006 0.006 0.004 0.938 0.004 
 22 QTo-W-0056    (0)    5 :  0.004 0.004 0.004 0.004 0.006 0.004 0.004 0.005 0.005 0.005 0.025 0.006 0.004 0.916 0.004 
 23 QTo-W-0057    (0)    5 :  0.007 0.004 0.005 0.004 0.008 0.004 0.004 0.009 0.006 0.005 0.159 0.006 0.006 0.769 0.005 
 24 QTo-W-0058    (0)    5 :  0.004 0.004 0.004 0.005 0.004 0.004 0.004 0.005 0.004 0.004 0.005 0.006 0.004 0.937 0.004 
 25 QTo-W-0059    (0)    5 :  0.007 0.113 0.006 0.006 0.030 0.026 0.092 0.011 0.022 0.011 0.044 0.014 0.025 0.582 0.011 
 26 QTo-W-0060    (0)    5 :  0.006 0.004 0.005 0.005 0.006 0.005 0.005 0.009 0.005 0.004 0.071 0.007 0.006 0.858 0.005 
 27 QTo-W-0061    (0)    5 :  0.008 0.009 0.032 0.034 0.011 0.042 0.009 0.150 0.053 0.007 0.006 0.122 0.016 0.482 0.020 
 28 QTo-W-0062   (11)    5 :  0.006 0.004 0.005 0.006 0.004 0.005 0.005 0.006 0.005 0.006 0.008 0.006 0.005 0.923 0.005 
 29 QTo-W-0065   (11)    5 :  0.005 0.014 0.027 0.040 0.004 0.053 0.010 0.033 0.017 0.007 0.009 0.041 0.010 0.720 0.011 
 30 QTo-W-0067    (0)    5 :  0.008 0.010 0.011 0.027 0.008 0.036 0.009 0.041 0.012 0.004 0.039 0.031 0.008 0.748 0.008 
 31 QTo-W-0071    (0)    5 :  0.006 0.006 0.011 0.012 0.007 0.016 0.011 0.598 0.017 0.014 0.011 0.230 0.037 0.005 0.018 
 32 QTo-W-0072    (0)    5 :  0.007 0.007 0.008 0.015 0.010 0.225 0.625 0.021 0.013 0.005 0.004 0.024 0.018 0.004 0.013 
 33 QTo-W-0075    (0)    5 :  0.005 0.016 0.006 0.016 0.010 0.785 0.076 0.016 0.010 0.009 0.006 0.026 0.008 0.004 0.007 
 34 QTo-W-0076   (11)    5 :  0.010 0.007 0.015 0.011 0.005 0.819 0.016 0.018 0.018 0.011 0.013 0.013 0.027 0.008 0.011 
 35 QTo-W-0077   (11)    5 :  0.014 0.008 0.013 0.023 0.005 0.298 0.053 0.050 0.023 0.006 0.319 0.138 0.008 0.028 0.015 
 36 QTo-W-0079    (0)    5 :  0.004 0.003 0.004 0.004 0.003 0.947 0.005 0.004 0.004 0.003 0.003 0.004 0.004 0.005 0.004 
 37 QTo-W-0080   (11)    5 :  0.014 0.008 0.022 0.020 0.016 0.191 0.007 0.174 0.115 0.008 0.007 0.114 0.037 0.147 0.122 
 38 QTo-W-0081   (11)    5 :  0.011 0.007 0.013 0.012 0.004 0.867 0.006 0.013 0.013 0.004 0.007 0.017 0.011 0.008 0.007 
 39 QTo-W-0082    (0)    5 :  0.006 0.006 0.012 0.008 0.004 0.781 0.010 0.065 0.015 0.008 0.007 0.027 0.014 0.016 0.020 
 40 QTo-W-0087    (0)    5 :  0.004 0.004 0.006 0.006 0.003 0.916 0.015 0.006 0.005 0.004 0.005 0.007 0.005 0.008 0.005 
 41 QTo-W-0088   (11)    5 :  0.005 0.006 0.006 0.009 0.004 0.902 0.009 0.009 0.007 0.004 0.007 0.010 0.006 0.011 0.006 
 42 QTo-W-0089   (11)    5 :  0.009 0.008 0.007 0.010 0.004 0.903 0.008 0.010 0.007 0.005 0.005 0.008 0.008 0.004 0.006 
 43 QTo-W-0090    (0)    5 :  0.027 0.007 0.011 0.011 0.004 0.787 0.008 0.035 0.028 0.005 0.032 0.015 0.011 0.007 0.011 
 44 QTo-W-0093   (11)    5 :  0.006 0.006 0.029 0.009 0.017 0.261 0.229 0.127 0.042 0.049 0.026 0.073 0.053 0.037 0.036 
 45 QTo-W-0098    (0)    5 :  0.004 0.005 0.006 0.011 0.008 0.009 0.869 0.014 0.008 0.013 0.011 0.015 0.008 0.012 0.007 
 46 QTo-W-0101   (11)    5 :  0.006 0.007 0.009 0.014 0.009 0.011 0.818 0.022 0.011 0.017 0.013 0.026 0.012 0.018 0.008 
 47 QTo-W-0114    (0)    5 :  0.004 0.007 0.006 0.012 0.005 0.011 0.904 0.011 0.006 0.005 0.003 0.011 0.006 0.004 0.005 
 48 QTo-W-0116   (11)    5 :  0.004 0.005 0.005 0.006 0.004 0.007 0.920 0.006 0.005 0.010 0.005 0.006 0.007 0.005 0.005 
 49 QTo-W-0117   (22)    5 :  0.005 0.005 0.008 0.008 0.005 0.008 0.898 0.008 0.007 0.010 0.008 0.008 0.009 0.007 0.006 
 50 QTo-W-0118    (0)    5 :  0.003 0.004 0.004 0.004 0.004 0.005 0.939 0.005 0.004 0.006 0.004 0.005 0.005 0.004 0.004 
 51 QTo-W-0121   (11)    5 :  0.006 0.005 0.007 0.006 0.004 0.043 0.835 0.013 0.009 0.009 0.030 0.012 0.010 0.006 0.007 
 52 QTo-W-0124   (11)    5 :  0.007 0.004 0.005 0.005 0.005 0.004 0.005 0.007 0.007 0.006 0.879 0.006 0.007 0.048 0.006 
 53 QTo-W-0128    (0)    5 :  0.006 0.003 0.004 0.004 0.004 0.004 0.004 0.006 0.006 0.005 0.915 0.005 0.005 0.025 0.004 
 54 QTo-W-0129    (0)    5 :  0.009 0.004 0.005 0.004 0.004 0.005 0.005 0.008 0.009 0.006 0.893 0.007 0.007 0.027 0.006 
 55 QTo-W-0131   (11)    5 :  0.196 0.031 0.029 0.019 0.005 0.046 0.007 0.074 0.284 0.018 0.026 0.115 0.026 0.051 0.073 
 56 QTo-W-0133   (11)    5 :  0.012 0.013 0.026 0.064 0.149 0.016 0.009 0.189 0.052 0.180 0.035 0.212 0.012 0.022 0.011 
 57 QTo-W-0137    (0)    5 :  0.006 0.007 0.022 0.011 0.007 0.031 0.067 0.505 0.039 0.015 0.016 0.197 0.049 0.006 0.024 
 58 QTo-W-0138    (0)    5 :  0.012 0.022 0.011 0.033 0.014 0.004 0.005 0.088 0.106 0.011 0.297 0.130 0.020 0.233 0.015 
 59 QTo-W-0139    (0)    5 :  0.005 0.922 0.004 0.007 0.014 0.004 0.004 0.006 0.005 0.004 0.007 0.006 0.004 0.005 0.004 
 60 QTo-W-0140   (22)    5 :  0.006 0.929 0.004 0.006 0.005 0.005 0.005 0.006 0.005 0.004 0.004 0.005 0.004 0.005 0.005 
 61 QTo-W-0142    (0)    5 :  0.004 0.938 0.004 0.009 0.004 0.005 0.004 0.005 0.004 0.004 0.003 0.005 0.004 0.003 0.004 
 62 QTo-W-0144    (0)    5 :  0.034 0.009 0.052 0.022 0.008 0.008 0.009 0.128 0.086 0.097 0.016 0.188 0.032 0.270 0.041 
 63 QTo-W-0149   (22)    5 :  0.006 0.007 0.070 0.847 0.004 0.008 0.006 0.008 0.008 0.006 0.005 0.010 0.005 0.006 0.006 
 64 QTo-W-0151   (11)    5 :  0.005 0.007 0.008 0.835 0.007 0.032 0.005 0.017 0.010 0.006 0.005 0.022 0.010 0.017 0.015 
 65 QTo-W-0153   (22)    5 :  0.005 0.007 0.006 0.922 0.004 0.007 0.006 0.007 0.005 0.005 0.005 0.008 0.004 0.005 0.005 
 66 QTo-W-0154    (0)    5 :  0.006 0.050 0.009 0.732 0.015 0.009 0.023 0.053 0.011 0.011 0.004 0.047 0.014 0.004 0.011 
 67 QTo-W-0159   (11)    5 :  0.007 0.011 0.014 0.014 0.042 0.007 0.036 0.477 0.014 0.018 0.007 0.301 0.028 0.015 0.011 
 68 QTo-W-0161   (11)    5 :  0.010 0.056 0.013 0.637 0.011 0.008 0.033 0.095 0.016 0.011 0.005 0.055 0.018 0.005 0.027 
 69 QTo-W-0162    (0)    5 :  0.064 0.016 0.039 0.052 0.016 0.028 0.239 0.097 0.128 0.069 0.004 0.059 0.064 0.005 0.120 
 70 QTo-W-0163   (11)    5 :  0.016 0.045 0.040 0.024 0.014 0.222 0.006 0.091 0.083 0.012 0.006 0.150 0.029 0.029 0.233 
 71 QTo-W-0167   (11)    5 :  0.050 0.012 0.032 0.009 0.158 0.020 0.327 0.108 0.027 0.034 0.069 0.047 0.036 0.014 0.058 
 72 QTo-W-0170    (0)    5 :  0.010 0.006 0.021 0.007 0.098 0.009 0.040 0.451 0.030 0.026 0.019 0.187 0.053 0.007 0.035 
 73 QTo-W-0171   (22)    5 :  0.049 0.015 0.023 0.022 0.007 0.015 0.013 0.283 0.086 0.093 0.048 0.156 0.028 0.109 0.051 
 74 QTo-W-0172   (22)    5 :  0.090 0.042 0.024 0.011 0.119 0.007 0.104 0.070 0.201 0.170 0.009 0.040 0.051 0.008 0.054 
 75 QTo-W-0173   (11)    5 :  0.006 0.010 0.017 0.014 0.051 0.009 0.017 0.549 0.013 0.007 0.014 0.241 0.031 0.008 0.013 
 76 QTo-W-0174    (0)    5 :  0.010 0.010 0.011 0.034 0.029 0.041 0.236 0.231 0.023 0.007 0.010 0.314 0.014 0.015 0.016 
 77 QTo-W-0175    (0)    5 :  0.026 0.008 0.013 0.035 0.005 0.013 0.006 0.163 0.248 0.018 0.030 0.326 0.012 0.082 0.015 
 78 QTo-W-0182   (22)    5 :  0.005 0.004 0.007 0.006 0.005 0.008 0.007 0.008 0.009 0.006 0.898 0.008 0.012 0.009 0.006 
 79 QTo-W-0184    (0)    5 :  0.063 0.009 0.018 0.022 0.046 0.038 0.040 0.104 0.068 0.010 0.013 0.137 0.127 0.014 0.292 
 80 QTo-W-0188    (0)    5 :  0.006 0.010 0.007 0.007 0.204 0.004 0.012 0.332 0.024 0.071 0.013 0.270 0.011 0.015 0.014 
 81 QTo-W-0192   (11)    5 :  0.005 0.006 0.008 0.011 0.006 0.010 0.009 0.250 0.009 0.005 0.023 0.635 0.006 0.010 0.006 
 82 QTo-W-0193    (0)    5 :  0.005 0.005 0.006 0.011 0.005 0.007 0.006 0.258 0.009 0.004 0.005 0.650 0.006 0.018 0.006 
 83 QTo-W-0194    (0)    5 :  0.004 0.005 0.006 0.009 0.004 0.006 0.006 0.256 0.007 0.004 0.015 0.651 0.006 0.017 0.005 
 84 QTo-W-0196   (11)    5 :  0.006 0.038 0.041 0.045 0.022 0.029 0.017 0.245 0.075 0.023 0.007 0.401 0.030 0.009 0.010 
 85 QTo-W-0197    (0)    5 :  0.005 0.031 0.037 0.019 0.017 0.131 0.017 0.228 0.075 0.019 0.015 0.365 0.028 0.006 0.008 
 86 QTo-W-0200   (11)    6 :  0.035 0.003 0.361 0.005 0.005 0.004 0.007 0.022 0.098 0.119 0.005 0.007 0.218 0.004 0.108 
 87 QTo-W-0201   (22)    6 :  0.035 0.003 0.357 0.005 0.006 0.004 0.007 0.020 0.097 0.124 0.005 0.006 0.215 0.004 0.113 
 88 QTo-W-0205    (0)    7 :  0.004 0.005 0.003 0.003 0.946 0.003 0.004 0.005 0.004 0.006 0.004 0.004 0.004 0.003 0.004 
 89 QTo-W-0208    (0)    7 :  0.018 0.016 0.018 0.010 0.219 0.048 0.012 0.060 0.106 0.021 0.053 0.034 0.099 0.075 0.209 
 90 QTo-W-0211    (0)    7 :  0.010 0.005 0.006 0.006 0.217 0.004 0.014 0.251 0.086 0.129 0.005 0.206 0.012 0.008 0.040 
 91 QTo-W-0212   (11)    7 :  0.004 0.004 0.003 0.004 0.942 0.003 0.004 0.005 0.004 0.004 0.006 0.005 0.004 0.005 0.004 
 92 QTo-W-0213    (0)    7 :  0.004 0.004 0.003 0.003 0.928 0.003 0.004 0.012 0.005 0.005 0.004 0.009 0.004 0.004 0.008 
 93 QTo-W-0216   (11)    8 :  0.006 0.006 0.291 0.010 0.005 0.008 0.006 0.011 0.392 0.006 0.010 0.011 0.203 0.009 0.028 
 94 QTo-W-0220    (0)    8 :  0.006 0.005 0.277 0.007 0.005 0.006 0.004 0.007 0.402 0.005 0.018 0.011 0.199 0.011 0.035 
 95 QTo-W-0224   (11)    8 :  0.075 0.042 0.049 0.009 0.008 0.009 0.018 0.026 0.151 0.068 0.039 0.017 0.409 0.035 0.046 
 96 QTo-W-0225   (11)    8 :  0.005 0.004 0.008 0.005 0.018 0.010 0.005 0.016 0.013 0.005 0.007 0.009 0.010 0.017 0.871 
 97 QTo-W-0227   (11)    8 :  0.068 0.016 0.081 0.014 0.006 0.014 0.007 0.027 0.349 0.069 0.012 0.027 0.227 0.007 0.074 
 98 QTo-W-0229    (0)    8 :  0.004 0.005 0.013 0.006 0.004 0.047 0.003 0.011 0.013 0.004 0.003 0.007 0.010 0.007 0.862 
 99 QTo-W-0231    (0)    8 :  0.421 0.006 0.034 0.004 0.037 0.009 0.003 0.007 0.316 0.010 0.016 0.008 0.008 0.005 0.114 
100 QTo-W-0238   (22)    8 :  0.019 0.037 0.064 0.020 0.051 0.009 0.031 0.368 0.020 0.015 0.009 0.136 0.122 0.008 0.089 
101 QTo-W-0240    (0)    8 :  0.469 0.021 0.044 0.013 0.028 0.007 0.021 0.131 0.056 0.011 0.012 0.065 0.053 0.008 0.061 
102 QTo-W-0242    (0)    8 :  0.016 0.299 0.011 0.009 0.012 0.008 0.471 0.027 0.024 0.025 0.003 0.028 0.011 0.003 0.053 
103 QTo-W-0244    (0)    9 :  0.681 0.011 0.042 0.006 0.010 0.007 0.046 0.017 0.021 0.021 0.004 0.011 0.104 0.003 0.016 
104 QTo-W-0245   (11)    9 :  0.196 0.023 0.021 0.013 0.012 0.011 0.010 0.019 0.043 0.020 0.012 0.012 0.051 0.006 0.551 
105 QTo-W-0251    (0)    9 :  0.008 0.005 0.277 0.084 0.014 0.308 0.086 0.045 0.045 0.046 0.004 0.052 0.011 0.005 0.011 
106 QTo-W-0253    (0)    9 :  0.006 0.006 0.007 0.005 0.010 0.019 0.021 0.013 0.023 0.006 0.004 0.008 0.047 0.003 0.822 
107 QTo-W-0256   (11)    9 :  0.052 0.007 0.012 0.007 0.007 0.108 0.007 0.028 0.070 0.007 0.084 0.015 0.032 0.077 0.487 
108 QTo-W-0258    (0)    9 :  0.036 0.051 0.013 0.009 0.004 0.211 0.004 0.028 0.125 0.009 0.014 0.012 0.099 0.045 0.339 
109 QTo-W-0259    (0)    9 :  0.016 0.053 0.004 0.022 0.008 0.015 0.026 0.011 0.021 0.012 0.004 0.010 0.005 0.005 0.785 
110 QTo-W-0260   (22)    9 :  0.035 0.041 0.006 0.010 0.026 0.005 0.011 0.014 0.061 0.030 0.005 0.016 0.006 0.005 0.728 
111 QTo-W-0274   (11)   10 :  0.006 0.005 0.012 0.006 0.004 0.012 0.006 0.010 0.191 0.006 0.007 0.011 0.672 0.006 0.045 
112 QTo-W-0275    (0)   10 :  0.103 0.006 0.077 0.081 0.012 0.004 0.007 0.050 0.111 0.115 0.040 0.074 0.021 0.288 0.012 
113 QTo-W-0278    (0)   10 :  0.040 0.020 0.037 0.063 0.100 0.041 0.007 0.137 0.109 0.107 0.008 0.198 0.100 0.007 0.024 
114 QTo-W-0283   (11)   10 :  0.643 0.009 0.008 0.006 0.114 0.011 0.007 0.015 0.054 0.007 0.026 0.028 0.013 0.037 0.022 
115 QTo-W-0284    (0)   10 :  0.575 0.013 0.027 0.016 0.145 0.009 0.008 0.014 0.078 0.011 0.017 0.027 0.018 0.022 0.022 
116 QTo-W-0287   (22)   10 :  0.011 0.010 0.009 0.005 0.004 0.014 0.006 0.006 0.189 0.005 0.009 0.006 0.710 0.008 0.008 
117 QTo-W-0289   (22)   10 :  0.006 0.005 0.010 0.005 0.006 0.009 0.008 0.006 0.191 0.007 0.007 0.007 0.719 0.007 0.006 
118 QTo-W-0293    (0)   10 :  0.021 0.054 0.011 0.022 0.006 0.004 0.006 0.077 0.212 0.212 0.235 0.047 0.023 0.015 0.054 
119 QTo-W-0295   (11)   10 :  0.031 0.071 0.009 0.010 0.017 0.007 0.005 0.030 0.016 0.011 0.008 0.057 0.010 0.695 0.022 
120 QTo-W-0296   (11)   11 :  0.005 0.008 0.006 0.102 0.004 0.006 0.011 0.010 0.008 0.793 0.008 0.014 0.008 0.011 0.005 
121 QTo-W-0298    (0)   11 :  0.004 0.010 0.005 0.094 0.005 0.005 0.013 0.008 0.008 0.809 0.006 0.012 0.009 0.007 0.004 
122 QTo-W-0300   (11)   11 :  0.204 0.005 0.084 0.012 0.006 0.036 0.018 0.026 0.161 0.016 0.128 0.028 0.244 0.017 0.015 
123 QTo-W-0302    (0)   12 :  0.011 0.011 0.028 0.027 0.644 0.046 0.012 0.030 0.074 0.007 0.012 0.027 0.027 0.007 0.036 
124 QTo-W-0305    (0)   13 :  0.010 0.019 0.018 0.006 0.005 0.007 0.006 0.007 0.186 0.026 0.008 0.007 0.682 0.005 0.007 
125 QTo-W-0308   (11)   13 :  0.006 0.008 0.023 0.008 0.006 0.008 0.008 0.010 0.179 0.038 0.010 0.010 0.672 0.007 0.008 
126 QTo-W-0309   (11)   13 :  0.007 0.005 0.054 0.012 0.202 0.005 0.018 0.178 0.046 0.025 0.033 0.153 0.138 0.111 0.013 
127 QTo-W-0311    (0)   14 :  0.071 0.010 0.059 0.005 0.031 0.005 0.008 0.414 0.030 0.009 0.030 0.136 0.076 0.019 0.097 
128 QTo-W-0312    (0)   15 :  0.005 0.003 0.005 0.004 0.005 0.006 0.033 0.006 0.006 0.905 0.004 0.005 0.005 0.003 0.005 
129 QTo-W-0315   (11)   15 :  0.005 0.003 0.006 0.004 0.005 0.003 0.007 0.005 0.006 0.930 0.005 0.005 0.006 0.004 0.006 
130 QTo-W-0318    (0)   16 :  0.010 0.010 0.196 0.007 0.039 0.004 0.039 0.026 0.064 0.018 0.007 0.029 0.522 0.019 0.010 
131 QTo-W-0322   (11)   16 :  0.010 0.008 0.228 0.006 0.025 0.005 0.041 0.025 0.066 0.011 0.009 0.014 0.521 0.010 0.020 
132 QTo-W-0326   (22)   16 :  0.014 0.006 0.109 0.013 0.047 0.007 0.061 0.121 0.070 0.013 0.109 0.091 0.264 0.037 0.036 
133 QTo-W-0327   (11)   16 :  0.010 0.005 0.101 0.026 0.058 0.024 0.024 0.107 0.077 0.012 0.046 0.107 0.262 0.054 0.088 
134 QTo-W-0328    (0)   17 :  0.005 0.004 0.684 0.250 0.003 0.006 0.004 0.006 0.007 0.004 0.005 0.006 0.007 0.004 0.004 
135 QTo-W-0329    (0)   17 :  0.004 0.004 0.761 0.176 0.003 0.006 0.004 0.006 0.006 0.004 0.005 0.005 0.006 0.005 0.005 
136 QTo-W-0330   (11)   17 :  0.005 0.006 0.746 0.170 0.003 0.010 0.005 0.008 0.009 0.005 0.006 0.007 0.010 0.006 0.005 


Estimated Allele Frequencies in each cluster
First column gives estimated ancestral frequencies


Locus 1 : 
4 alleles
0.7% missing data
 149   (0.834) 0.874 0.969 0.971 0.988 0.251 0.993 0.993 0.970 0.904 0.628 0.987 0.970 0.974 0.993 0.505 
 147   (0.071) 0.029 0.018 0.012 0.005 0.228 0.003 0.003 0.010 0.039 0.349 0.005 0.010 0.010 0.003 0.094 
 155   (0.055) 0.084 0.007 0.010 0.004 0.518 0.002 0.002 0.014 0.035 0.016 0.004 0.014 0.009 0.002 0.022 
 161   (0.039) 0.013 0.006 0.007 0.003 0.003 0.002 0.002 0.006 0.022 0.007 0.003 0.006 0.007 0.002 0.379 

Locus 2 : 
6 alleles
12.5% missing data
 179   (0.392) 0.081 0.675 0.706 0.928 0.034 0.965 0.232 0.622 0.501 0.087 0.037 0.715 0.329 0.063 0.359 
 176   (0.153) 0.067 0.224 0.035 0.014 0.922 0.007 0.014 0.137 0.094 0.038 0.539 0.090 0.042 0.156 0.080 
 173   (0.234) 0.748 0.058 0.077 0.025 0.017 0.016 0.015 0.149 0.192 0.083 0.404 0.127 0.094 0.747 0.292 
 164   (0.033) 0.007 0.005 0.007 0.003 0.003 0.002 0.002 0.006 0.018 0.005 0.004 0.006 0.007 0.026 0.014 
 182   (0.138) 0.084 0.030 0.164 0.024 0.018 0.007 0.735 0.069 0.149 0.779 0.012 0.045 0.453 0.006 0.070 
 170   (0.049) 0.013 0.007 0.011 0.005 0.005 0.003 0.002 0.016 0.047 0.008 0.004 0.018 0.074 0.002 0.184 

Locus 3 : 
17 alleles
0.0% missing data
 220   (0.153) 0.325 0.027 0.100 0.025 0.525 0.007 0.009 0.106 0.228 0.053 0.436 0.119 0.227 0.112 0.119 
 222   (0.174) 0.096 0.546 0.270 0.186 0.023 0.231 0.013 0.321 0.146 0.219 0.018 0.169 0.167 0.020 0.262 
 218   (0.182) 0.095 0.025 0.381 0.053 0.022 0.178 0.008 0.132 0.231 0.033 0.432 0.274 0.318 0.667 0.125 
 226   (0.068) 0.013 0.032 0.017 0.007 0.008 0.545 0.926 0.020 0.034 0.014 0.071 0.022 0.013 0.006 0.093 
 258   (0.063) 0.020 0.012 0.014 0.009 0.021 0.009 0.003 0.099 0.058 0.266 0.012 0.089 0.014 0.005 0.028 
 224   (0.057) 0.327 0.007 0.066 0.005 0.009 0.003 0.017 0.012 0.043 0.201 0.006 0.010 0.032 0.003 0.048 
 228   (0.073) 0.015 0.013 0.047 0.016 0.370 0.016 0.010 0.224 0.056 0.038 0.007 0.166 0.028 0.007 0.030 
 256   (0.019) 0.003 0.002 0.003 0.001 0.001 0.001 0.001 0.003 0.008 0.002 0.001 0.003 0.002 0.172 0.005 
 264   (0.013) 0.002 0.304 0.002 0.001 0.001 0.001 0.000 0.002 0.010 0.002 0.001 0.002 0.002 0.001 0.004 
 230   (0.036) 0.006 0.005 0.006 0.681 0.002 0.002 0.001 0.006 0.017 0.111 0.003 0.006 0.005 0.001 0.010 
 260   (0.028) 0.060 0.005 0.010 0.005 0.003 0.001 0.004 0.010 0.022 0.007 0.002 0.008 0.009 0.001 0.022 
 262   (0.023) 0.009 0.006 0.005 0.002 0.006 0.001 0.003 0.005 0.015 0.015 0.002 0.005 0.005 0.001 0.009 
 234   (0.022) 0.003 0.002 0.003 0.002 0.001 0.001 0.001 0.046 0.010 0.003 0.002 0.111 0.003 0.001 0.006 
 232   (0.025) 0.009 0.003 0.062 0.002 0.002 0.001 0.001 0.004 0.044 0.027 0.002 0.004 0.034 0.001 0.020 
 250   (0.026) 0.004 0.003 0.004 0.002 0.002 0.001 0.001 0.003 0.014 0.004 0.002 0.004 0.003 0.001 0.136 
 216   (0.016) 0.005 0.007 0.002 0.001 0.002 0.001 0.001 0.002 0.011 0.004 0.001 0.003 0.002 0.001 0.075 
 266   (0.024) 0.008 0.002 0.007 0.002 0.002 0.001 0.001 0.004 0.052 0.004 0.003 0.004 0.134 0.001 0.008 

Locus 4 : 
2 alleles
1.5% missing data
 137   (0.973) 0.996 0.998 0.956 0.998 0.998 0.999 0.999 0.996 0.933 0.997 0.998 0.996 0.976 0.999 0.991 
 139   (0.027) 0.004 0.002 0.044 0.002 0.002 0.001 0.001 0.004 0.067 0.003 0.002 0.004 0.024 0.001 0.009 

Locus 5 : 
17 alleles
11.8% missing data
 187   (0.240) 0.256 0.051 0.275 0.175 0.843 0.014 0.741 0.652 0.217 0.096 0.029 0.519 0.450 0.012 0.527 
 243   (0.046) 0.009 0.004 0.008 0.004 0.003 0.003 0.002 0.037 0.025 0.006 0.409 0.090 0.009 0.002 0.014 
 203   (0.083) 0.017 0.008 0.015 0.007 0.009 0.368 0.007 0.020 0.054 0.012 0.009 0.020 0.028 0.931 0.208 
 201   (0.101) 0.060 0.013 0.035 0.011 0.008 0.438 0.045 0.086 0.082 0.017 0.339 0.107 0.055 0.006 0.052 
 197   (0.076) 0.536 0.008 0.019 0.006 0.006 0.144 0.004 0.012 0.124 0.015 0.007 0.014 0.156 0.003 0.027 
 195   (0.056) 0.012 0.864 0.010 0.005 0.065 0.005 0.005 0.009 0.085 0.009 0.025 0.010 0.142 0.006 0.028 
 247   (0.029) 0.006 0.003 0.005 0.002 0.002 0.001 0.001 0.004 0.016 0.004 0.102 0.005 0.006 0.001 0.008 
 235   (0.041) 0.008 0.004 0.009 0.005 0.004 0.006 0.003 0.041 0.024 0.007 0.004 0.022 0.012 0.003 0.020 
 249   (0.028) 0.005 0.003 0.004 0.002 0.002 0.001 0.176 0.004 0.017 0.004 0.002 0.004 0.005 0.001 0.008 
 199   (0.058) 0.017 0.007 0.043 0.042 0.017 0.006 0.004 0.048 0.048 0.757 0.006 0.065 0.020 0.006 0.019 
 245   (0.042) 0.011 0.006 0.008 0.010 0.004 0.002 0.002 0.035 0.050 0.007 0.028 0.068 0.011 0.018 0.014 
 219   (0.050) 0.013 0.005 0.102 0.622 0.004 0.002 0.002 0.009 0.028 0.010 0.005 0.009 0.010 0.004 0.014 
 217   (0.037) 0.007 0.003 0.352 0.096 0.003 0.003 0.002 0.006 0.019 0.006 0.003 0.007 0.007 0.001 0.011 
 229   (0.025) 0.005 0.003 0.005 0.002 0.002 0.001 0.001 0.017 0.011 0.004 0.002 0.040 0.005 0.001 0.008 
 215   (0.044) 0.009 0.005 0.099 0.004 0.025 0.003 0.002 0.008 0.158 0.006 0.004 0.008 0.073 0.002 0.019 
 205   (0.021) 0.025 0.002 0.005 0.002 0.002 0.001 0.001 0.003 0.017 0.003 0.002 0.003 0.004 0.001 0.011 
 227   (0.021) 0.005 0.010 0.004 0.003 0.002 0.001 0.001 0.010 0.025 0.034 0.023 0.008 0.007 0.001 0.012 

Locus 6 : 
25 alleles
30.9% missing data
 214   (0.057) 0.063 0.011 0.042 0.008 0.007 0.005 0.004 0.013 0.091 0.019 0.207 0.016 0.042 0.118 0.029 
 222   (0.061) 0.135 0.011 0.021 0.011 0.007 0.032 0.004 0.125 0.038 0.016 0.485 0.048 0.027 0.082 0.026 
 206   (0.059) 0.018 0.011 0.019 0.013 0.027 0.008 0.007 0.142 0.046 0.044 0.008 0.221 0.014 0.370 0.030 
 218   (0.072) 0.023 0.025 0.058 0.129 0.099 0.011 0.005 0.122 0.081 0.036 0.017 0.212 0.142 0.370 0.034 
 216   (0.072) 0.021 0.014 0.030 0.134 0.036 0.401 0.009 0.027 0.057 0.022 0.008 0.026 0.040 0.004 0.282 
 208   (0.039) 0.111 0.006 0.010 0.007 0.005 0.202 0.003 0.012 0.023 0.010 0.004 0.013 0.015 0.002 0.056 
 238   (0.060) 0.014 0.010 0.021 0.010 0.006 0.163 0.526 0.031 0.037 0.112 0.006 0.019 0.014 0.003 0.021 
 204   (0.019) 0.326 0.002 0.005 0.002 0.002 0.001 0.001 0.003 0.010 0.004 0.002 0.003 0.004 0.001 0.006 
 234   (0.036) 0.010 0.005 0.011 0.007 0.123 0.008 0.003 0.100 0.026 0.015 0.004 0.051 0.012 0.002 0.069 
 242   (0.032) 0.014 0.004 0.085 0.005 0.004 0.004 0.002 0.064 0.037 0.033 0.004 0.024 0.044 0.002 0.071 
 210   (0.130) 0.090 0.509 0.063 0.136 0.632 0.051 0.412 0.158 0.212 0.531 0.029 0.207 0.362 0.010 0.067 
 246   (0.030) 0.019 0.006 0.013 0.010 0.003 0.006 0.002 0.021 0.028 0.009 0.004 0.023 0.008 0.012 0.015 
 258   (0.025) 0.006 0.004 0.008 0.005 0.005 0.032 0.002 0.084 0.015 0.011 0.003 0.033 0.009 0.001 0.012 
 240   (0.024) 0.008 0.004 0.007 0.004 0.002 0.041 0.002 0.006 0.011 0.006 0.005 0.006 0.005 0.001 0.009 
 256   (0.019) 0.004 0.002 0.004 0.002 0.002 0.001 0.001 0.004 0.010 0.004 0.116 0.003 0.004 0.002 0.006 
 254   (0.023) 0.006 0.003 0.005 0.003 0.003 0.002 0.001 0.005 0.014 0.007 0.052 0.005 0.005 0.002 0.008 
 236   (0.050) 0.022 0.345 0.013 0.389 0.006 0.004 0.003 0.024 0.038 0.031 0.022 0.022 0.013 0.005 0.090 
 248   (0.024) 0.011 0.003 0.082 0.004 0.002 0.002 0.002 0.012 0.033 0.044 0.003 0.013 0.039 0.003 0.023 
 252   (0.021) 0.007 0.003 0.005 0.005 0.002 0.002 0.001 0.012 0.020 0.007 0.003 0.023 0.005 0.002 0.008 
 224   (0.034) 0.009 0.005 0.035 0.005 0.011 0.005 0.002 0.010 0.064 0.009 0.005 0.008 0.030 0.002 0.075 
 230   (0.027) 0.025 0.003 0.263 0.054 0.003 0.004 0.002 0.006 0.022 0.008 0.003 0.006 0.006 0.001 0.013 
 228   (0.014) 0.006 0.007 0.004 0.002 0.002 0.009 0.001 0.004 0.011 0.004 0.002 0.004 0.009 0.001 0.023 
 266   (0.018) 0.004 0.003 0.005 0.003 0.002 0.002 0.001 0.004 0.024 0.004 0.002 0.004 0.044 0.001 0.009 
 212   (0.030) 0.042 0.004 0.186 0.047 0.008 0.002 0.002 0.006 0.015 0.007 0.003 0.007 0.006 0.002 0.011 
 232   (0.024) 0.005 0.003 0.006 0.003 0.002 0.002 0.001 0.005 0.038 0.009 0.002 0.004 0.101 0.001 0.008 

Locus 7 : 
7 alleles
1.5% missing data
 108   (0.632) 0.431 0.955 0.283 0.899 0.963 0.424 0.977 0.925 0.554 0.890 0.821 0.920 0.347 0.980 0.571 
 116   (0.031) 0.006 0.006 0.005 0.003 0.002 0.001 0.001 0.006 0.020 0.011 0.149 0.005 0.005 0.001 0.010 
 110   (0.148) 0.210 0.021 0.050 0.015 0.020 0.567 0.015 0.038 0.218 0.031 0.013 0.045 0.395 0.009 0.255 
 114   (0.071) 0.310 0.007 0.295 0.044 0.005 0.003 0.003 0.014 0.052 0.033 0.007 0.013 0.041 0.005 0.031 
 112   (0.065) 0.017 0.006 0.356 0.036 0.005 0.003 0.003 0.010 0.128 0.027 0.005 0.010 0.205 0.003 0.029 
 104   (0.027) 0.004 0.002 0.005 0.002 0.002 0.001 0.001 0.004 0.013 0.004 0.002 0.004 0.004 0.001 0.093 
 118   (0.024) 0.023 0.002 0.006 0.002 0.003 0.001 0.001 0.004 0.015 0.004 0.002 0.004 0.004 0.001 0.011 

Locus 8 : 
5 alleles
2.2% missing data
 160   (0.160) 0.084 0.022 0.035 0.094 0.232 0.007 0.065 0.109 0.119 0.363 0.380 0.198 0.109 0.534 0.055 
 162   (0.626) 0.463 0.114 0.870 0.856 0.735 0.981 0.913 0.810 0.632 0.384 0.603 0.695 0.799 0.457 0.626 
 164   (0.088) 0.423 0.802 0.017 0.014 0.010 0.004 0.006 0.016 0.064 0.023 0.007 0.017 0.026 0.004 0.127 
 166   (0.026) 0.008 0.003 0.006 0.008 0.003 0.002 0.005 0.007 0.014 0.008 0.002 0.006 0.006 0.001 0.015 
 158   (0.100) 0.022 0.058 0.073 0.027 0.020 0.007 0.012 0.059 0.171 0.223 0.008 0.083 0.060 0.004 0.177 

Locus 9 : 
4 alleles
0.0% missing data
 229   (0.495) 0.597 0.502 0.420 0.924 0.207 0.926 0.607 0.600 0.411 0.272 0.234 0.762 0.141 0.501 0.406 
 226   (0.347) 0.093 0.050 0.517 0.063 0.078 0.066 0.384 0.330 0.495 0.691 0.754 0.186 0.767 0.486 0.387 
 223   (0.133) 0.305 0.446 0.059 0.011 0.703 0.008 0.008 0.058 0.080 0.025 0.010 0.041 0.088 0.011 0.199 
 232   (0.025) 0.005 0.003 0.004 0.002 0.012 0.001 0.001 0.012 0.014 0.012 0.002 0.011 0.004 0.001 0.009 

Values of parameters used in structure:
DATAFILE=C:\Users\eschumacher\Documents\GitHub\Ten_Oaks\Data_Files\QUTO_wild\project_data,	OUTFILE=C:\Users\eschumacher\Documents\GitHub\Ten_Oaks\Data_Files\QUTO_wild\50-50\Results\50-50_run_73,	NUMINDS=136,	NUMLOCI=9,	MISSING=-9,	LABEL=1,	POPDATA=1,	POPFLAG=0,	PHENOTYPE=0,	EXTRACOLS=0,	MAXPOPS=15,	BURNIN=50000,	NUMREPS=50000,	USEPOPINFO=0,	INFERALPHA=1,	INFERLAMBDA=0,	POPSPECIFICLAMBDA=0,	POPALPHAS=0,	COMPUTEPROB=1,	NOADMIX=0,	ADMBURNIN=2500,	UPDATEFREQ=1,	PRINTLIKES=0,	INTERMEDSAVE=0,	PRINTKLD=0,	PRINTNET=0,	PRINTLAMBDA=0,	ANCESTDIST=0,	NUMBOXES=1000,	ANCESTPINT=0.90000,	GENSBACK=2,	MIGRPRIOR=0.05000,	PRINTQHAT=0,	PRINTQSUM=0,	ALPHA=1.0000,	FREQSCORR=1,	FPRIORMEAN=0.0100,	FPRIORSD=0.0500,	ONEFST=0,	LAMBDA=1.0000,	UNIFPRIORALPHA=1,	ALPHAMAX=10.0000,	ALPHAPRIORA=1.0000,	ALPHAPRIORB=2.0000,	ALPHAPROPSD=0.0250,	STARTATPOPINFO=0,	RANDOMIZE=1,	LINKAGE=0,	METROFREQ=10,	REPORTHITRATE=0,	MARKOVPHASE=-1,	PHASED=0,	PLOIDY=2,	PHASEINFO=0	LOCPRIOR=0, 	LOCPRIORINIT=1.000000, 	LOCDATA=0, 	LOCISPOP=0, 	LOCPRIORSTEP=0.100000, 	MAXLOCPRIOR=20.000000, 	SEED=1689804152,	
[STRAT parameters]:    NUMSIMSTATS=1000,	PHENOTYPECOL=-9,	POOLFREQ=10,	LOCUSxONLY=0,	EMERROR=0.00100,	MISSINGPHENO=-9,	