

----------------------------------------------------
STRUCTURE by Pritchard, Stephens and Donnelly (2000)
     and Falush, Stephens and Pritchard (2003)
       Code by Pritchard, Falush and Hubisz
             Version 2.3.4 (Jul 2012)
----------------------------------------------------



Command line arguments:   bin\structure -m C:\Users\eschumacher\Documents\GitHub\Ten_Oaks\Data_Files\QUTO_wild\50-50\mainparams -e C:\Users\eschumacher\Documents\GitHub\Ten_Oaks\Data_Files\QUTO_wild\50-50\extraparams 
Input File:    C:\Users\eschumacher\Documents\GitHub\Ten_Oaks\Data_Files\QUTO_wild\project_data

Run parameters:
   136 individuals
   9 loci
   14 populations assumed
   50000 Burn-in period
   50000 Reps


--------------------------------------------
Proportion of membership of each pre-defined
 population in each of the 14 clusters

Given    Inferred Clusters                                                                                    Number of
 Pop       1      2      3      4      5      6      7      8      9     10     11     12     13     14      Individuals

  1:     0.015  0.028  0.020  0.016  0.151  0.581  0.058  0.019  0.021  0.013  0.011  0.027  0.025  0.014        1
  2:     0.006  0.004  0.006  0.466  0.008  0.008  0.010  0.008  0.006  0.452  0.005  0.005  0.010  0.006        4
  3:     0.015  0.008  0.014  0.012  0.029  0.024  0.021  0.818  0.009  0.009  0.016  0.004  0.016  0.006        4
  4:     0.006  0.009  0.011  0.009  0.159  0.124  0.045  0.043  0.012  0.006  0.005  0.009  0.007  0.556        5
  5:     0.016  0.105  0.013  0.111  0.083  0.107  0.054  0.142  0.023  0.148  0.020  0.031  0.132  0.015       71
  6:     0.077  0.004  0.437  0.005  0.018  0.007  0.086  0.004  0.033  0.004  0.007  0.006  0.009  0.304        2
  7:     0.023  0.005  0.008  0.014  0.074  0.025  0.063  0.010  0.054  0.018  0.041  0.652  0.008  0.007        5
  8:     0.098  0.031  0.137  0.013  0.115  0.024  0.157  0.012  0.215  0.011  0.019  0.016  0.056  0.097       10
  9:     0.047  0.021  0.045  0.016  0.038  0.019  0.060  0.082  0.473  0.016  0.019  0.010  0.024  0.130        8
 10:     0.325  0.017  0.026  0.034  0.053  0.061  0.097  0.014  0.021  0.118  0.054  0.045  0.007  0.129        9
 11:     0.100  0.032  0.030  0.044  0.041  0.022  0.046  0.018  0.007  0.012  0.575  0.005  0.012  0.056        3
 12:     0.026  0.016  0.052  0.010  0.038  0.030  0.059  0.045  0.039  0.008  0.007  0.649  0.013  0.009        1
 13:     0.606  0.007  0.013  0.017  0.055  0.095  0.048  0.006  0.009  0.042  0.017  0.065  0.010  0.009        3
 14:     0.010  0.006  0.018  0.025  0.442  0.050  0.151  0.004  0.066  0.017  0.007  0.028  0.008  0.167        1
 15:     0.005  0.003  0.005  0.004  0.006  0.004  0.006  0.005  0.005  0.004  0.921  0.005  0.021  0.005        2
 16:     0.350  0.007  0.054  0.047  0.091  0.082  0.131  0.011  0.054  0.035  0.015  0.046  0.054  0.023        4
 17:     0.007  0.023  0.908  0.005  0.007  0.007  0.007  0.009  0.005  0.005  0.004  0.003  0.004  0.005        3
--------------------------------------------

Allele-freq. divergence among pops (Net nucleotide distance),
computed using point estimates of P.

      1       2       3       4       5       6       7       8       9      10      11      12      13      14      
 1      -    0.2197  0.0863  0.1314  0.0842  0.1383  0.0583  0.1727  0.0942  0.2030  0.1474  0.2424  0.1657  0.1328  
 2   0.2197     -    0.1670  0.2468  0.1268  0.1071  0.1198  0.1808  0.1580  0.2606  0.2396  0.3005  0.2451  0.1877  
 3   0.0863  0.1670     -    0.1588  0.0751  0.0928  0.0590  0.1216  0.1005  0.2089  0.2164  0.2917  0.2056  0.1383  
 4   0.1314  0.2468  0.1588     -    0.1036  0.1501  0.0796  0.2373  0.1382  0.1216  0.1869  0.2237  0.2250  0.1427  
 5   0.0842  0.1268  0.0751  0.1036     -    0.0346  0.0105  0.1234  0.0457  0.1499  0.1453  0.1557  0.1082  0.0967  
 6   0.1383  0.1071  0.0928  0.1501  0.0346     -    0.0406  0.1087  0.0894  0.1536  0.1840  0.2045  0.1409  0.1405  
 7   0.0583  0.1198  0.0590  0.0796  0.0105  0.0406     -    0.1158  0.0341  0.1182  0.1184  0.1596  0.1126  0.0676  
 8   0.1727  0.1808  0.1216  0.2373  0.1234  0.1087  0.1158     -    0.1328  0.2454  0.3024  0.3613  0.1875  0.1977  
 9   0.0942  0.1580  0.1005  0.1382  0.0457  0.0894  0.0341  0.1328     -    0.1591  0.1624  0.1694  0.1588  0.0943  
10   0.2030  0.2606  0.2089  0.1216  0.1499  0.1536  0.1182  0.2454  0.1591     -    0.2294  0.3160  0.2743  0.1718  
11   0.1474  0.2396  0.2164  0.1869  0.1453  0.1840  0.1184  0.3024  0.1624  0.2294     -    0.2580  0.1844  0.2095  
12   0.2424  0.3005  0.2917  0.2237  0.1557  0.2045  0.1596  0.3613  0.1694  0.3160  0.2580     -    0.2581  0.2308  
13   0.1657  0.2451  0.2056  0.2250  0.1082  0.1409  0.1126  0.1875  0.1588  0.2743  0.1844  0.2581     -    0.2144  
14   0.1328  0.1877  0.1383  0.1427  0.0967  0.1405  0.0676  0.1977  0.0943  0.1718  0.2095  0.2308  0.2144     -    

Average distances (expected heterozygosity) between individuals in same cluster:
cluster  1  : 0.4921 
cluster  2  : 0.3457 
cluster  3  : 0.4944 
cluster  4  : 0.4218 
cluster  5  : 0.4896 
cluster  6  : 0.4007 
cluster  7  : 0.5798 
cluster  8  : 0.3115 
cluster  9  : 0.6123 
cluster 10  : 0.3218 
cluster 11  : 0.4319 
cluster 12  : 0.3518 
cluster 13  : 0.2482 
cluster 14  : 0.5188 

--------------------------------------------
Estimated Ln Prob of Data   = -2294.8
Mean value of ln likelihood = -1869.5
Variance of ln likelihood   = 850.5
Mean value of alpha         = 0.0362

Mean value of Fst_1         = 0.2830
Mean value of Fst_2         = 0.4880
Mean value of Fst_3         = 0.3116
Mean value of Fst_4         = 0.3871
Mean value of Fst_5         = 0.2047
Mean value of Fst_6         = 0.3034
Mean value of Fst_7         = 0.1413
Mean value of Fst_8         = 0.4707
Mean value of Fst_9         = 0.1637
Mean value of Fst_10         = 0.4723
Mean value of Fst_11         = 0.4097
Mean value of Fst_12         = 0.5152
Mean value of Fst_13         = 0.5821
Mean value of Fst_14         = 0.2964


Inferred ancestry of individuals:
        Label (%Miss) Pop:  Inferred clusters
  1 QTo-W-0007   (11)    1 :  0.015 0.028 0.020 0.016 0.151 0.581 0.058 0.019 0.021 0.013 0.011 0.027 0.025 0.014 
  2 QTo-W-0009    (0)    2 :  0.004 0.004 0.005 0.900 0.007 0.007 0.006 0.016 0.005 0.007 0.004 0.005 0.025 0.004 
  3 QTo-W-0010    (0)    2 :  0.010 0.004 0.009 0.030 0.015 0.011 0.023 0.005 0.010 0.855 0.006 0.007 0.005 0.011 
  4 QTo-W-0011    (0)    2 :  0.005 0.005 0.005 0.927 0.006 0.007 0.005 0.005 0.004 0.011 0.005 0.006 0.005 0.005 
  5 QTo-W-0012   (22)    2 :  0.005 0.004 0.005 0.007 0.005 0.007 0.005 0.005 0.005 0.936 0.004 0.003 0.004 0.005 
  6 QTo-W-0020   (22)    3 :  0.005 0.004 0.004 0.003 0.004 0.004 0.004 0.942 0.005 0.006 0.003 0.003 0.007 0.004 
  7 QTo-W-0021   (22)    3 :  0.008 0.015 0.013 0.005 0.016 0.016 0.011 0.866 0.010 0.006 0.006 0.005 0.017 0.006 
  8 QTo-W-0023   (22)    3 :  0.007 0.007 0.012 0.007 0.008 0.014 0.007 0.879 0.006 0.009 0.005 0.004 0.030 0.005 
  9 QTo-W-0024   (11)    3 :  0.041 0.006 0.025 0.031 0.089 0.061 0.063 0.584 0.015 0.014 0.049 0.005 0.010 0.007 
 10 QTo-W-0033    (0)    4 :  0.005 0.005 0.005 0.017 0.009 0.006 0.010 0.016 0.008 0.006 0.004 0.005 0.004 0.899 
 11 QTo-W-0035   (11)    4 :  0.006 0.007 0.006 0.006 0.007 0.006 0.007 0.005 0.006 0.007 0.005 0.007 0.005 0.921 
 12 QTo-W-0036    (0)    4 :  0.004 0.005 0.005 0.005 0.005 0.005 0.005 0.004 0.004 0.005 0.004 0.005 0.004 0.941 
 13 QTo-W-0039   (11)    4 :  0.007 0.016 0.016 0.007 0.334 0.354 0.088 0.121 0.012 0.006 0.006 0.012 0.014 0.007 
 14 QTo-W-0041    (0)    4 :  0.007 0.011 0.023 0.008 0.442 0.248 0.115 0.069 0.031 0.004 0.005 0.016 0.010 0.010 
 15 QTo-W-0044    (0)    5 :  0.117 0.047 0.005 0.626 0.020 0.007 0.015 0.011 0.007 0.005 0.008 0.076 0.050 0.005 
 16 QTo-W-0047    (0)    5 :  0.005 0.004 0.005 0.909 0.006 0.009 0.013 0.005 0.005 0.017 0.005 0.007 0.005 0.005 
 17 QTo-W-0048   (11)    5 :  0.006 0.006 0.006 0.902 0.007 0.013 0.007 0.006 0.005 0.013 0.005 0.010 0.007 0.006 
 18 QTo-W-0049    (0)    5 :  0.006 0.004 0.005 0.030 0.007 0.008 0.007 0.004 0.005 0.901 0.004 0.006 0.004 0.008 
 19 QTo-W-0050   (22)    5 :  0.017 0.007 0.017 0.034 0.042 0.014 0.057 0.023 0.024 0.029 0.088 0.006 0.482 0.161 
 20 QTo-W-0052    (0)    5 :  0.029 0.082 0.005 0.010 0.009 0.016 0.013 0.005 0.007 0.015 0.013 0.785 0.005 0.006 
 21 QTo-W-0054    (0)    5 :  0.005 0.004 0.004 0.006 0.005 0.008 0.005 0.004 0.004 0.938 0.004 0.003 0.005 0.004 
 22 QTo-W-0056    (0)    5 :  0.004 0.004 0.004 0.022 0.005 0.006 0.005 0.004 0.004 0.924 0.004 0.006 0.004 0.004 
 23 QTo-W-0057    (0)    5 :  0.006 0.004 0.005 0.154 0.009 0.006 0.007 0.004 0.005 0.776 0.005 0.010 0.004 0.006 
 24 QTo-W-0058    (0)    5 :  0.004 0.004 0.004 0.006 0.005 0.006 0.005 0.004 0.004 0.942 0.004 0.003 0.004 0.004 
 25 QTo-W-0059    (0)    5 :  0.052 0.041 0.006 0.069 0.020 0.020 0.029 0.024 0.014 0.557 0.014 0.044 0.102 0.006 
 26 QTo-W-0060    (0)    5 :  0.005 0.004 0.004 0.071 0.009 0.008 0.007 0.005 0.005 0.860 0.004 0.006 0.004 0.007 
 27 QTo-W-0061    (0)    5 :  0.010 0.013 0.024 0.006 0.123 0.161 0.068 0.055 0.017 0.487 0.009 0.011 0.009 0.007 
 28 QTo-W-0062   (11)    5 :  0.005 0.005 0.005 0.008 0.006 0.007 0.006 0.006 0.005 0.926 0.005 0.004 0.006 0.006 
 29 QTo-W-0065   (11)    5 :  0.012 0.026 0.026 0.008 0.021 0.057 0.016 0.054 0.012 0.743 0.006 0.004 0.011 0.005 
 30 QTo-W-0067    (0)    5 :  0.008 0.014 0.010 0.038 0.034 0.040 0.019 0.033 0.009 0.768 0.004 0.008 0.008 0.007 
 31 QTo-W-0071    (0)    5 :  0.009 0.009 0.014 0.013 0.573 0.153 0.143 0.018 0.020 0.006 0.018 0.006 0.011 0.007 
 32 QTo-W-0072    (0)    5 :  0.021 0.010 0.009 0.004 0.016 0.025 0.011 0.230 0.014 0.004 0.004 0.009 0.635 0.007 
 33 QTo-W-0075    (0)    5 :  0.009 0.017 0.007 0.006 0.015 0.022 0.009 0.813 0.006 0.004 0.011 0.012 0.064 0.005 
 34 QTo-W-0076   (11)    5 :  0.028 0.007 0.017 0.013 0.019 0.010 0.015 0.829 0.012 0.009 0.010 0.004 0.017 0.010 
 35 QTo-W-0077   (11)    5 :  0.008 0.011 0.014 0.331 0.025 0.132 0.021 0.335 0.014 0.030 0.006 0.005 0.054 0.014 
 36 QTo-W-0079    (0)    5 :  0.004 0.004 0.003 0.003 0.004 0.004 0.003 0.950 0.006 0.005 0.003 0.003 0.005 0.004 
 37 QTo-W-0080   (11)    5 :  0.034 0.010 0.020 0.008 0.204 0.099 0.131 0.180 0.132 0.143 0.007 0.014 0.008 0.010 
 38 QTo-W-0081   (11)    5 :  0.014 0.010 0.011 0.007 0.011 0.016 0.011 0.882 0.006 0.008 0.005 0.004 0.006 0.010 
 39 QTo-W-0082    (0)    5 :  0.012 0.006 0.011 0.007 0.070 0.018 0.030 0.782 0.019 0.016 0.010 0.004 0.010 0.006 
 40 QTo-W-0087    (0)    5 :  0.005 0.005 0.005 0.005 0.006 0.008 0.006 0.922 0.005 0.008 0.004 0.003 0.014 0.004 
 41 QTo-W-0088   (11)    5 :  0.006 0.006 0.007 0.007 0.007 0.011 0.007 0.910 0.006 0.013 0.004 0.004 0.009 0.004 
 42 QTo-W-0089   (11)    5 :  0.007 0.008 0.007 0.005 0.009 0.011 0.007 0.911 0.006 0.005 0.004 0.004 0.008 0.008 
 43 QTo-W-0090    (0)    5 :  0.008 0.008 0.008 0.029 0.039 0.020 0.024 0.799 0.010 0.008 0.005 0.003 0.007 0.030 
 44 QTo-W-0093   (11)    5 :  0.040 0.006 0.022 0.028 0.138 0.053 0.067 0.263 0.029 0.042 0.054 0.017 0.237 0.006 
 45 QTo-W-0098    (0)    5 :  0.009 0.006 0.007 0.011 0.011 0.021 0.008 0.008 0.006 0.013 0.011 0.007 0.878 0.004 
 46 QTo-W-0101   (11)    5 :  0.012 0.008 0.008 0.014 0.016 0.036 0.013 0.011 0.009 0.017 0.016 0.009 0.825 0.006 
 47 QTo-W-0114    (0)    5 :  0.005 0.008 0.006 0.004 0.009 0.014 0.007 0.013 0.005 0.004 0.005 0.005 0.910 0.004 
 48 QTo-W-0116   (11)    5 :  0.007 0.005 0.005 0.006 0.007 0.006 0.006 0.007 0.005 0.005 0.010 0.005 0.923 0.004 
 49 QTo-W-0117   (22)    5 :  0.009 0.006 0.006 0.008 0.010 0.007 0.009 0.009 0.006 0.007 0.010 0.005 0.902 0.005 
 50 QTo-W-0118    (0)    5 :  0.006 0.004 0.004 0.004 0.005 0.005 0.004 0.005 0.003 0.004 0.007 0.004 0.941 0.003 
 51 QTo-W-0121   (11)    5 :  0.010 0.004 0.006 0.028 0.014 0.011 0.011 0.041 0.007 0.005 0.008 0.004 0.844 0.006 
 52 QTo-W-0124   (11)    5 :  0.007 0.004 0.005 0.896 0.008 0.005 0.008 0.004 0.005 0.035 0.005 0.004 0.005 0.008 
 53 QTo-W-0128    (0)    5 :  0.005 0.003 0.004 0.928 0.008 0.005 0.007 0.005 0.004 0.012 0.004 0.004 0.004 0.006 
 54 QTo-W-0129    (0)    5 :  0.007 0.003 0.005 0.907 0.008 0.007 0.012 0.005 0.006 0.018 0.005 0.004 0.004 0.007 
 55 QTo-W-0131   (11)    5 :  0.021 0.028 0.024 0.022 0.196 0.057 0.369 0.046 0.047 0.063 0.015 0.005 0.007 0.100 
 56 QTo-W-0133   (11)    5 :  0.009 0.015 0.021 0.039 0.085 0.358 0.058 0.016 0.009 0.023 0.219 0.128 0.010 0.009 
 57 QTo-W-0137    (0)    5 :  0.013 0.007 0.023 0.023 0.512 0.123 0.118 0.038 0.027 0.007 0.019 0.007 0.078 0.007 
 58 QTo-W-0138    (0)    5 :  0.025 0.023 0.007 0.323 0.068 0.070 0.151 0.004 0.023 0.265 0.016 0.012 0.005 0.010 
 59 QTo-W-0139    (0)    5 :  0.005 0.890 0.004 0.010 0.008 0.006 0.007 0.004 0.006 0.005 0.005 0.040 0.004 0.006 
 60 QTo-W-0140   (22)    5 :  0.006 0.925 0.005 0.005 0.007 0.006 0.006 0.005 0.006 0.005 0.005 0.008 0.005 0.008 
 61 QTo-W-0142    (0)    5 :  0.005 0.942 0.004 0.003 0.005 0.005 0.004 0.004 0.004 0.003 0.004 0.006 0.004 0.005 
 62 QTo-W-0144    (0)    5 :  0.011 0.009 0.064 0.015 0.068 0.224 0.119 0.008 0.024 0.263 0.086 0.007 0.009 0.094 
 63 QTo-W-0149   (22)    5 :  0.005 0.824 0.091 0.005 0.010 0.012 0.009 0.010 0.006 0.006 0.006 0.004 0.006 0.005 
 64 QTo-W-0151   (11)    5 :  0.007 0.808 0.009 0.004 0.012 0.040 0.015 0.045 0.021 0.017 0.006 0.008 0.005 0.005 
 65 QTo-W-0153   (22)    5 :  0.004 0.927 0.006 0.005 0.006 0.009 0.006 0.008 0.005 0.006 0.005 0.004 0.006 0.005 
 66 QTo-W-0154    (0)    5 :  0.012 0.758 0.013 0.005 0.040 0.051 0.018 0.014 0.013 0.005 0.008 0.015 0.040 0.008 
 67 QTo-W-0159   (11)    5 :  0.017 0.011 0.010 0.008 0.382 0.326 0.106 0.008 0.013 0.015 0.019 0.037 0.041 0.007 
 68 QTo-W-0161   (11)    5 :  0.011 0.604 0.010 0.006 0.117 0.057 0.043 0.010 0.031 0.006 0.008 0.022 0.064 0.012 
 69 QTo-W-0162    (0)    5 :  0.041 0.020 0.011 0.004 0.187 0.036 0.211 0.027 0.113 0.005 0.055 0.016 0.233 0.043 
 70 QTo-W-0163   (11)    5 :  0.028 0.039 0.041 0.006 0.081 0.187 0.070 0.222 0.249 0.028 0.014 0.015 0.006 0.014 
 71 QTo-W-0167   (11)    5 :  0.012 0.007 0.020 0.070 0.147 0.032 0.071 0.018 0.037 0.011 0.027 0.162 0.321 0.065 
 72 QTo-W-0170    (0)    5 :  0.030 0.006 0.012 0.017 0.468 0.086 0.165 0.008 0.033 0.007 0.028 0.093 0.035 0.012 
 73 QTo-W-0171   (22)    5 :  0.022 0.014 0.020 0.054 0.281 0.061 0.204 0.017 0.052 0.097 0.098 0.007 0.014 0.059 
 74 QTo-W-0172   (22)    5 :  0.052 0.031 0.014 0.008 0.191 0.022 0.265 0.007 0.034 0.010 0.123 0.104 0.088 0.052 
 75 QTo-W-0173   (11)    5 :  0.010 0.011 0.012 0.015 0.521 0.187 0.131 0.010 0.014 0.009 0.007 0.048 0.019 0.006 
 76 QTo-W-0174    (0)    5 :  0.012 0.011 0.011 0.009 0.082 0.477 0.036 0.040 0.018 0.015 0.007 0.027 0.246 0.008 
 77 QTo-W-0175    (0)    5 :  0.014 0.012 0.016 0.053 0.179 0.192 0.320 0.016 0.022 0.135 0.018 0.005 0.007 0.011 
 78 QTo-W-0182   (22)    5 :  0.011 0.005 0.008 0.906 0.008 0.008 0.009 0.009 0.005 0.008 0.006 0.006 0.007 0.005 
 79 QTo-W-0184    (0)    5 :  0.124 0.011 0.014 0.013 0.082 0.157 0.105 0.046 0.262 0.014 0.012 0.045 0.044 0.070 
 80 QTo-W-0188    (0)    5 :  0.010 0.006 0.009 0.014 0.306 0.179 0.105 0.005 0.018 0.014 0.096 0.220 0.013 0.006 
 81 QTo-W-0192   (11)    5 :  0.006 0.008 0.008 0.036 0.021 0.846 0.009 0.011 0.007 0.019 0.006 0.006 0.011 0.005 
 82 QTo-W-0193    (0)    5 :  0.006 0.007 0.008 0.006 0.024 0.858 0.016 0.006 0.006 0.040 0.005 0.005 0.007 0.005 
 83 QTo-W-0194    (0)    5 :  0.005 0.007 0.006 0.022 0.014 0.863 0.010 0.008 0.005 0.039 0.005 0.004 0.007 0.004 
 84 QTo-W-0196   (11)    5 :  0.016 0.039 0.059 0.007 0.119 0.513 0.094 0.055 0.012 0.010 0.033 0.021 0.016 0.005 
 85 QTo-W-0197    (0)    5 :  0.015 0.018 0.044 0.015 0.132 0.448 0.104 0.152 0.009 0.006 0.022 0.015 0.014 0.005 
 86 QTo-W-0200   (11)    6 :  0.075 0.004 0.439 0.005 0.019 0.007 0.087 0.004 0.031 0.004 0.007 0.005 0.009 0.305 
 87 QTo-W-0201   (22)    6 :  0.078 0.004 0.435 0.005 0.017 0.007 0.086 0.004 0.035 0.004 0.007 0.006 0.009 0.303 
 88 QTo-W-0205    (0)    7 :  0.004 0.003 0.003 0.003 0.005 0.004 0.004 0.003 0.004 0.003 0.005 0.951 0.004 0.003 
 89 QTo-W-0208    (0)    7 :  0.099 0.008 0.023 0.050 0.089 0.026 0.114 0.037 0.226 0.070 0.020 0.209 0.013 0.017 
 90 QTo-W-0211    (0)    7 :  0.006 0.005 0.006 0.006 0.258 0.082 0.185 0.004 0.027 0.008 0.172 0.221 0.013 0.007 
 91 QTo-W-0212   (11)    7 :  0.004 0.003 0.003 0.005 0.005 0.006 0.005 0.003 0.005 0.005 0.004 0.943 0.004 0.004 
 92 QTo-W-0213    (0)    7 :  0.004 0.003 0.003 0.005 0.012 0.006 0.007 0.003 0.007 0.004 0.005 0.933 0.004 0.004 
 93 QTo-W-0216   (11)    8 :  0.158 0.006 0.535 0.009 0.031 0.025 0.187 0.008 0.008 0.008 0.006 0.006 0.006 0.006 
 94 QTo-W-0220    (0)    8 :  0.156 0.006 0.506 0.019 0.035 0.019 0.202 0.006 0.019 0.010 0.006 0.005 0.005 0.005 
 95 QTo-W-0224   (11)    8 :  0.403 0.031 0.017 0.035 0.082 0.019 0.183 0.008 0.040 0.034 0.069 0.008 0.017 0.054 
 96 QTo-W-0225   (11)    8 :  0.009 0.004 0.008 0.008 0.015 0.009 0.010 0.009 0.874 0.018 0.004 0.022 0.005 0.005 
 97 QTo-W-0227   (11)    8 :  0.171 0.015 0.222 0.014 0.065 0.037 0.173 0.016 0.048 0.008 0.042 0.006 0.008 0.173 
 98 QTo-W-0229    (0)    8 :  0.008 0.005 0.015 0.003 0.013 0.006 0.010 0.036 0.878 0.008 0.004 0.004 0.004 0.006 
 99 QTo-W-0231    (0)    8 :  0.007 0.005 0.013 0.014 0.243 0.004 0.431 0.008 0.043 0.005 0.007 0.031 0.003 0.186 
100 QTo-W-0238   (22)    8 :  0.034 0.021 0.022 0.009 0.439 0.060 0.184 0.009 0.097 0.008 0.011 0.039 0.029 0.039 
101 QTo-W-0240    (0)    8 :  0.015 0.011 0.017 0.011 0.183 0.032 0.143 0.007 0.047 0.008 0.010 0.025 0.024 0.466 
102 QTo-W-0242    (0)    8 :  0.012 0.204 0.013 0.004 0.045 0.026 0.041 0.013 0.095 0.004 0.035 0.016 0.462 0.031 
103 QTo-W-0244    (0)    9 :  0.096 0.008 0.012 0.004 0.025 0.008 0.041 0.008 0.020 0.003 0.020 0.010 0.039 0.706 
104 QTo-W-0245   (11)    9 :  0.047 0.023 0.013 0.013 0.047 0.010 0.083 0.011 0.496 0.006 0.016 0.010 0.011 0.216 
105 QTo-W-0251    (0)    9 :  0.009 0.007 0.294 0.005 0.040 0.078 0.046 0.366 0.011 0.005 0.051 0.011 0.072 0.007 
106 QTo-W-0253    (0)    9 :  0.030 0.004 0.008 0.004 0.013 0.008 0.023 0.016 0.850 0.004 0.005 0.008 0.022 0.006 
107 QTo-W-0256   (11)    9 :  0.039 0.006 0.010 0.079 0.056 0.015 0.077 0.089 0.497 0.066 0.007 0.006 0.007 0.047 
108 QTo-W-0258    (0)    9 :  0.147 0.019 0.012 0.013 0.075 0.007 0.114 0.145 0.391 0.033 0.006 0.005 0.005 0.029 
109 QTo-W-0259    (0)    9 :  0.004 0.070 0.005 0.005 0.016 0.012 0.028 0.017 0.783 0.005 0.012 0.009 0.023 0.012 
110 QTo-W-0260   (22)    9 :  0.005 0.031 0.005 0.005 0.034 0.017 0.065 0.005 0.738 0.006 0.035 0.023 0.011 0.020 
111 QTo-W-0274   (11)   10 :  0.857 0.005 0.013 0.007 0.014 0.009 0.024 0.013 0.030 0.006 0.006 0.004 0.006 0.006 
112 QTo-W-0275    (0)   10 :  0.031 0.031 0.112 0.041 0.065 0.093 0.102 0.005 0.010 0.258 0.133 0.011 0.008 0.101 
113 QTo-W-0278    (0)   10 :  0.113 0.029 0.042 0.007 0.062 0.310 0.087 0.049 0.033 0.010 0.132 0.084 0.008 0.035 
114 QTo-W-0283   (11)   10 :  0.018 0.008 0.007 0.028 0.049 0.022 0.145 0.014 0.022 0.042 0.008 0.120 0.007 0.509 
115 QTo-W-0284    (0)   10 :  0.023 0.010 0.032 0.017 0.083 0.023 0.161 0.010 0.019 0.020 0.014 0.145 0.007 0.435 
116 QTo-W-0287   (22)   10 :  0.901 0.006 0.007 0.008 0.007 0.006 0.011 0.014 0.006 0.007 0.004 0.004 0.006 0.011 
117 QTo-W-0289   (22)   10 :  0.911 0.005 0.007 0.008 0.007 0.007 0.007 0.009 0.005 0.007 0.008 0.006 0.009 0.006 
118 QTo-W-0293    (0)   10 :  0.063 0.022 0.007 0.181 0.157 0.010 0.306 0.005 0.035 0.015 0.167 0.006 0.007 0.019 
119 QTo-W-0295   (11)   10 :  0.011 0.036 0.009 0.011 0.030 0.069 0.027 0.007 0.028 0.696 0.013 0.021 0.005 0.036 
120 QTo-W-0296   (11)   11 :  0.008 0.047 0.006 0.008 0.009 0.020 0.009 0.006 0.006 0.013 0.851 0.004 0.009 0.006 
121 QTo-W-0298    (0)   11 :  0.010 0.045 0.005 0.005 0.009 0.019 0.007 0.005 0.005 0.008 0.861 0.005 0.012 0.005 
122 QTo-W-0300   (11)   11 :  0.283 0.006 0.079 0.118 0.105 0.027 0.123 0.043 0.010 0.015 0.012 0.005 0.015 0.159 
123 QTo-W-0302    (0)   12 :  0.026 0.016 0.052 0.010 0.038 0.030 0.059 0.045 0.039 0.008 0.007 0.649 0.013 0.009 
124 QTo-W-0305    (0)   13 :  0.881 0.008 0.011 0.008 0.010 0.009 0.018 0.007 0.006 0.005 0.013 0.006 0.006 0.010 
125 QTo-W-0308   (11)   13 :  0.858 0.006 0.019 0.010 0.011 0.012 0.019 0.008 0.008 0.007 0.021 0.007 0.008 0.007 
126 QTo-W-0309   (11)   13 :  0.079 0.005 0.010 0.035 0.144 0.263 0.108 0.004 0.012 0.113 0.018 0.182 0.017 0.009 
127 QTo-W-0311    (0)   14 :  0.010 0.006 0.018 0.025 0.442 0.050 0.151 0.004 0.066 0.017 0.007 0.028 0.008 0.167 
128 QTo-W-0312    (0)   15 :  0.005 0.003 0.004 0.004 0.006 0.004 0.006 0.007 0.005 0.004 0.908 0.005 0.035 0.005 
129 QTo-W-0315   (11)   15 :  0.005 0.003 0.005 0.005 0.005 0.004 0.007 0.004 0.006 0.004 0.935 0.005 0.006 0.006 
130 QTo-W-0318    (0)   16 :  0.531 0.007 0.062 0.007 0.045 0.044 0.120 0.004 0.022 0.019 0.023 0.046 0.050 0.018 
131 QTo-W-0322   (11)   16 :  0.504 0.007 0.098 0.011 0.050 0.025 0.116 0.006 0.028 0.012 0.017 0.028 0.061 0.038 
132 QTo-W-0326   (22)   16 :  0.191 0.007 0.037 0.125 0.145 0.094 0.145 0.009 0.044 0.041 0.013 0.051 0.076 0.023 
133 QTo-W-0327   (11)   16 :  0.176 0.008 0.020 0.043 0.124 0.162 0.143 0.024 0.122 0.067 0.009 0.059 0.029 0.014 
134 QTo-W-0328    (0)   17 :  0.006 0.058 0.877 0.004 0.007 0.006 0.007 0.008 0.005 0.005 0.004 0.003 0.004 0.006 
135 QTo-W-0329    (0)   17 :  0.006 0.005 0.934 0.004 0.006 0.007 0.006 0.008 0.004 0.005 0.004 0.003 0.004 0.005 
136 QTo-W-0330   (11)   17 :  0.009 0.007 0.914 0.006 0.008 0.009 0.007 0.011 0.005 0.006 0.004 0.003 0.005 0.006 


Estimated Allele Frequencies in each cluster
First column gives estimated ancestral frequencies


Locus 1 : 
4 alleles
0.7% missing data
 149   (0.833) 0.974 0.987 0.972 0.987 0.928 0.979 0.884 0.993 0.493 0.993 0.629 0.252 0.993 0.921 
 147   (0.070) 0.010 0.006 0.012 0.005 0.026 0.008 0.042 0.003 0.093 0.003 0.351 0.235 0.003 0.017 
 155   (0.060) 0.009 0.004 0.010 0.005 0.032 0.008 0.051 0.002 0.019 0.003 0.015 0.510 0.003 0.052 
 161   (0.037) 0.007 0.003 0.006 0.003 0.015 0.004 0.022 0.002 0.395 0.002 0.006 0.003 0.001 0.011 

Locus 2 : 
6 alleles
12.5% missing data
 179   (0.362) 0.334 0.894 0.833 0.037 0.475 0.816 0.374 0.966 0.355 0.076 0.078 0.031 0.237 0.078 
 176   (0.147) 0.041 0.057 0.031 0.539 0.171 0.055 0.124 0.007 0.075 0.160 0.034 0.926 0.014 0.055 
 173   (0.263) 0.093 0.026 0.067 0.402 0.197 0.079 0.263 0.016 0.300 0.729 0.078 0.019 0.015 0.748 
 164   (0.031) 0.007 0.003 0.007 0.004 0.012 0.005 0.017 0.001 0.012 0.025 0.005 0.003 0.001 0.006 
 182   (0.142) 0.441 0.014 0.050 0.014 0.121 0.028 0.183 0.007 0.070 0.007 0.798 0.016 0.729 0.097 
 170   (0.056) 0.084 0.005 0.012 0.005 0.025 0.018 0.038 0.003 0.188 0.003 0.008 0.005 0.003 0.015 

Locus 3 : 
17 alleles
0.0% missing data
 220   (0.178) 0.230 0.015 0.124 0.429 0.107 0.162 0.187 0.009 0.122 0.112 0.055 0.529 0.011 0.313 
 222   (0.179) 0.174 0.324 0.260 0.019 0.343 0.143 0.205 0.225 0.289 0.022 0.218 0.022 0.015 0.108 
 218   (0.166) 0.323 0.013 0.365 0.438 0.091 0.289 0.191 0.183 0.120 0.665 0.031 0.022 0.009 0.078 
 226   (0.065) 0.015 0.007 0.015 0.072 0.029 0.022 0.038 0.542 0.097 0.006 0.013 0.010 0.926 0.012 
 258   (0.059) 0.014 0.005 0.014 0.011 0.096 0.040 0.084 0.010 0.024 0.005 0.302 0.016 0.002 0.014 
 224   (0.053) 0.014 0.004 0.067 0.006 0.023 0.008 0.046 0.002 0.034 0.003 0.187 0.010 0.015 0.345 
 228   (0.068) 0.013 0.006 0.039 0.006 0.208 0.171 0.093 0.020 0.026 0.007 0.035 0.369 0.008 0.014 
 256   (0.024) 0.003 0.002 0.004 0.002 0.009 0.005 0.011 0.001 0.006 0.169 0.003 0.002 0.001 0.004 
 264   (0.020) 0.003 0.164 0.003 0.002 0.007 0.002 0.009 0.001 0.005 0.001 0.002 0.001 0.001 0.003 
 230   (0.032) 0.005 0.449 0.006 0.003 0.013 0.005 0.016 0.001 0.009 0.001 0.120 0.002 0.001 0.005 
 260   (0.032) 0.006 0.003 0.007 0.003 0.024 0.006 0.034 0.002 0.018 0.001 0.007 0.004 0.005 0.040 
 262   (0.021) 0.005 0.002 0.004 0.002 0.011 0.003 0.018 0.001 0.007 0.001 0.010 0.005 0.002 0.005 
 234   (0.020) 0.003 0.001 0.003 0.002 0.007 0.135 0.010 0.001 0.005 0.002 0.002 0.001 0.001 0.003 
 232   (0.021) 0.014 0.001 0.077 0.002 0.008 0.003 0.025 0.001 0.010 0.001 0.004 0.002 0.001 0.045 
 250   (0.014) 0.002 0.001 0.002 0.001 0.007 0.002 0.007 0.001 0.141 0.001 0.002 0.001 0.001 0.002 
 216   (0.026) 0.004 0.003 0.004 0.002 0.008 0.003 0.015 0.001 0.082 0.001 0.007 0.003 0.001 0.005 
 266   (0.021) 0.173 0.001 0.006 0.002 0.009 0.003 0.011 0.001 0.006 0.001 0.003 0.001 0.001 0.006 

Locus 4 : 
2 alleles
1.5% missing data
 137   (0.972) 0.982 0.998 0.929 0.998 0.990 0.996 0.966 0.999 0.993 0.999 0.997 0.998 0.999 0.996 
 139   (0.028) 0.018 0.002 0.071 0.002 0.010 0.004 0.034 0.001 0.007 0.001 0.003 0.002 0.001 0.004 

Locus 5 : 
17 alleles
11.8% missing data
 187   (0.250) 0.318 0.091 0.188 0.030 0.605 0.537 0.397 0.016 0.535 0.015 0.056 0.813 0.742 0.330 
 243   (0.040) 0.008 0.003 0.007 0.402 0.016 0.099 0.021 0.004 0.011 0.003 0.005 0.003 0.002 0.007 
 203   (0.087) 0.030 0.006 0.016 0.010 0.037 0.018 0.055 0.358 0.225 0.918 0.012 0.008 0.007 0.015 
 201   (0.103) 0.060 0.008 0.030 0.329 0.097 0.098 0.093 0.447 0.047 0.005 0.015 0.008 0.042 0.038 
 197   (0.074) 0.184 0.006 0.026 0.007 0.031 0.012 0.060 0.145 0.023 0.003 0.011 0.006 0.004 0.515 
 195   (0.075) 0.249 0.439 0.013 0.042 0.024 0.012 0.043 0.005 0.036 0.008 0.012 0.108 0.008 0.014 
 247   (0.021) 0.005 0.002 0.004 0.098 0.008 0.003 0.012 0.001 0.006 0.001 0.003 0.002 0.001 0.003 
 235   (0.039) 0.011 0.003 0.009 0.004 0.045 0.014 0.027 0.006 0.019 0.003 0.006 0.003 0.004 0.007 
 249   (0.024) 0.005 0.002 0.004 0.002 0.012 0.003 0.010 0.001 0.006 0.001 0.003 0.002 0.175 0.004 
 199   (0.052) 0.021 0.005 0.039 0.006 0.023 0.096 0.041 0.006 0.016 0.006 0.815 0.010 0.003 0.014 
 245   (0.037) 0.012 0.003 0.007 0.036 0.022 0.034 0.052 0.002 0.013 0.024 0.008 0.003 0.002 0.007 
 219   (0.047) 0.011 0.396 0.132 0.005 0.016 0.008 0.027 0.002 0.013 0.004 0.010 0.004 0.002 0.012 
 217   (0.037) 0.008 0.027 0.354 0.003 0.013 0.006 0.020 0.003 0.011 0.002 0.006 0.003 0.002 0.006 
 229   (0.028) 0.006 0.002 0.005 0.002 0.010 0.046 0.017 0.001 0.008 0.002 0.004 0.002 0.001 0.005 
 215   (0.040) 0.052 0.004 0.159 0.004 0.017 0.009 0.072 0.003 0.013 0.002 0.005 0.022 0.002 0.007 
 205   (0.021) 0.005 0.001 0.004 0.002 0.010 0.003 0.019 0.001 0.007 0.001 0.003 0.002 0.001 0.012 
 227   (0.026) 0.014 0.003 0.004 0.017 0.012 0.004 0.032 0.001 0.010 0.001 0.027 0.002 0.001 0.006 

Locus 6 : 
25 alleles
30.9% missing data
 214   (0.068) 0.041 0.009 0.057 0.202 0.032 0.014 0.078 0.006 0.026 0.120 0.020 0.007 0.004 0.034 
 222   (0.059) 0.013 0.007 0.016 0.478 0.134 0.029 0.063 0.031 0.024 0.081 0.015 0.007 0.004 0.135 
 206   (0.063) 0.014 0.009 0.021 0.009 0.089 0.255 0.053 0.008 0.031 0.361 0.067 0.027 0.008 0.018 
 218   (0.079) 0.099 0.073 0.027 0.023 0.074 0.257 0.118 0.012 0.039 0.374 0.036 0.096 0.006 0.021 
 216   (0.052) 0.026 0.052 0.021 0.007 0.036 0.025 0.052 0.393 0.307 0.003 0.016 0.034 0.007 0.015 
 208   (0.038) 0.013 0.005 0.010 0.004 0.016 0.011 0.026 0.202 0.049 0.002 0.009 0.005 0.003 0.107 
 238   (0.052) 0.011 0.006 0.019 0.006 0.036 0.012 0.035 0.167 0.018 0.003 0.117 0.005 0.518 0.012 
 204   (0.028) 0.006 0.003 0.006 0.003 0.010 0.004 0.017 0.002 0.009 0.001 0.006 0.002 0.002 0.316 
 234   (0.043) 0.010 0.005 0.013 0.005 0.107 0.030 0.047 0.009 0.074 0.003 0.018 0.130 0.003 0.010 
 242   (0.038) 0.015 0.004 0.089 0.004 0.070 0.018 0.049 0.005 0.067 0.002 0.009 0.005 0.002 0.060 
 210   (0.120) 0.461 0.318 0.052 0.031 0.146 0.231 0.146 0.055 0.062 0.010 0.576 0.633 0.420 0.075 
 246   (0.030) 0.007 0.005 0.010 0.004 0.020 0.020 0.032 0.007 0.012 0.014 0.008 0.003 0.002 0.013 
 258   (0.030) 0.007 0.004 0.008 0.003 0.092 0.020 0.038 0.030 0.013 0.002 0.012 0.005 0.003 0.007 
 240   (0.020) 0.004 0.002 0.005 0.004 0.010 0.004 0.012 0.042 0.007 0.001 0.005 0.002 0.001 0.007 
 256   (0.019) 0.003 0.002 0.004 0.117 0.009 0.003 0.009 0.001 0.006 0.001 0.004 0.002 0.001 0.004 
 254   (0.014) 0.004 0.001 0.004 0.051 0.005 0.003 0.009 0.001 0.005 0.001 0.003 0.001 0.001 0.004 
 236   (0.059) 0.016 0.473 0.014 0.026 0.030 0.014 0.051 0.005 0.091 0.007 0.028 0.006 0.004 0.022 
 248   (0.019) 0.011 0.002 0.093 0.002 0.010 0.010 0.027 0.001 0.009 0.003 0.010 0.002 0.001 0.062 
 252   (0.019) 0.004 0.002 0.005 0.004 0.011 0.013 0.021 0.002 0.007 0.003 0.006 0.002 0.001 0.004 
 224   (0.027) 0.022 0.003 0.052 0.004 0.012 0.005 0.033 0.003 0.080 0.002 0.007 0.008 0.002 0.007 
 230   (0.036) 0.007 0.004 0.262 0.004 0.014 0.007 0.030 0.006 0.012 0.002 0.009 0.004 0.002 0.017 
 228   (0.025) 0.014 0.003 0.006 0.003 0.010 0.004 0.018 0.006 0.029 0.002 0.005 0.002 0.001 0.007 
 266   (0.020) 0.055 0.002 0.005 0.002 0.010 0.004 0.011 0.002 0.008 0.001 0.005 0.002 0.001 0.004 
 212   (0.030) 0.006 0.003 0.199 0.003 0.013 0.005 0.018 0.002 0.010 0.002 0.007 0.007 0.002 0.036 
 232   (0.012) 0.129 0.001 0.003 0.001 0.003 0.002 0.009 0.001 0.004 0.001 0.003 0.001 0.001 0.003 

Locus 7 : 
7 alleles
1.5% missing data
 108   (0.633) 0.243 0.973 0.256 0.829 0.839 0.933 0.704 0.441 0.575 0.980 0.935 0.964 0.976 0.434 
 116   (0.034) 0.008 0.002 0.006 0.141 0.014 0.004 0.024 0.001 0.010 0.002 0.009 0.003 0.001 0.006 
 110   (0.156) 0.514 0.012 0.045 0.013 0.074 0.038 0.123 0.550 0.269 0.009 0.029 0.020 0.016 0.163 
 114   (0.065) 0.023 0.005 0.309 0.007 0.028 0.009 0.046 0.003 0.021 0.004 0.012 0.005 0.002 0.336 
 112   (0.062) 0.206 0.004 0.376 0.005 0.026 0.009 0.071 0.003 0.020 0.003 0.009 0.005 0.003 0.045 
 104   (0.027) 0.004 0.002 0.005 0.002 0.010 0.003 0.013 0.001 0.098 0.001 0.003 0.002 0.001 0.004 
 118   (0.023) 0.003 0.002 0.004 0.002 0.010 0.003 0.019 0.001 0.007 0.001 0.003 0.002 0.001 0.011 

Locus 8 : 
5 alleles
2.2% missing data
 160   (0.161) 0.135 0.024 0.033 0.380 0.070 0.238 0.109 0.007 0.052 0.528 0.391 0.221 0.065 0.067 
 162   (0.620) 0.786 0.285 0.823 0.601 0.806 0.668 0.679 0.979 0.626 0.462 0.340 0.747 0.914 0.522 
 164   (0.097) 0.029 0.650 0.018 0.008 0.044 0.014 0.081 0.004 0.126 0.005 0.024 0.011 0.007 0.379 
 166   (0.024) 0.005 0.004 0.004 0.002 0.013 0.004 0.018 0.001 0.012 0.001 0.006 0.002 0.004 0.006 
 158   (0.099) 0.046 0.037 0.122 0.008 0.067 0.077 0.113 0.009 0.183 0.004 0.240 0.019 0.010 0.026 

Locus 9 : 
4 alleles
0.0% missing data
 229   (0.492) 0.128 0.772 0.448 0.243 0.487 0.823 0.466 0.929 0.405 0.508 0.296 0.214 0.605 0.524 
 226   (0.354) 0.798 0.026 0.514 0.744 0.406 0.135 0.410 0.063 0.375 0.478 0.665 0.072 0.385 0.168 
 223   (0.130) 0.070 0.200 0.034 0.011 0.091 0.036 0.108 0.007 0.212 0.013 0.024 0.702 0.010 0.304 
 232   (0.024) 0.003 0.002 0.004 0.002 0.016 0.005 0.017 0.001 0.007 0.001 0.014 0.013 0.001 0.004 

Values of parameters used in structure:
DATAFILE=C:\Users\eschumacher\Documents\GitHub\Ten_Oaks\Data_Files\QUTO_wild\project_data,	OUTFILE=C:\Users\eschumacher\Documents\GitHub\Ten_Oaks\Data_Files\QUTO_wild\50-50\Results\50-50_run_70,	NUMINDS=136,	NUMLOCI=9,	MISSING=-9,	LABEL=1,	POPDATA=1,	POPFLAG=0,	PHENOTYPE=0,	EXTRACOLS=0,	MAXPOPS=14,	BURNIN=50000,	NUMREPS=50000,	USEPOPINFO=0,	INFERALPHA=1,	INFERLAMBDA=0,	POPSPECIFICLAMBDA=0,	POPALPHAS=0,	COMPUTEPROB=1,	NOADMIX=0,	ADMBURNIN=2500,	UPDATEFREQ=1,	PRINTLIKES=0,	INTERMEDSAVE=0,	PRINTKLD=0,	PRINTNET=0,	PRINTLAMBDA=0,	ANCESTDIST=0,	NUMBOXES=1000,	ANCESTPINT=0.90000,	GENSBACK=2,	MIGRPRIOR=0.05000,	PRINTQHAT=0,	PRINTQSUM=0,	ALPHA=1.0000,	FREQSCORR=1,	FPRIORMEAN=0.0100,	FPRIORSD=0.0500,	ONEFST=0,	LAMBDA=1.0000,	UNIFPRIORALPHA=1,	ALPHAMAX=10.0000,	ALPHAPRIORA=1.0000,	ALPHAPRIORB=2.0000,	ALPHAPROPSD=0.0250,	STARTATPOPINFO=0,	RANDOMIZE=1,	LINKAGE=0,	METROFREQ=10,	REPORTHITRATE=0,	MARKOVPHASE=-1,	PHASED=0,	PLOIDY=2,	PHASEINFO=0	LOCPRIOR=0, 	LOCPRIORINIT=1.000000, 	LOCDATA=0, 	LOCISPOP=0, 	LOCPRIORSTEP=0.100000, 	MAXLOCPRIOR=20.000000, 	SEED=1689803942,	
[STRAT parameters]:    NUMSIMSTATS=1000,	PHENOTYPECOL=-9,	POOLFREQ=10,	LOCUSxONLY=0,	EMERROR=0.00100,	MISSINGPHENO=-9,	