

----------------------------------------------------
STRUCTURE by Pritchard, Stephens and Donnelly (2000)
     and Falush, Stephens and Pritchard (2003)
       Code by Pritchard, Falush and Hubisz
             Version 2.3.4 (Jul 2012)
----------------------------------------------------



Command line arguments:   bin\structure -m C:\Users\eschumacher\Documents\GitHub\Ten_Oaks\Data_Files\QUTO_wild\50-50\mainparams -e C:\Users\eschumacher\Documents\GitHub\Ten_Oaks\Data_Files\QUTO_wild\50-50\extraparams 
Input File:    C:\Users\eschumacher\Documents\GitHub\Ten_Oaks\Data_Files\QUTO_wild\project_data

Run parameters:
   136 individuals
   9 loci
   18 populations assumed
   50000 Burn-in period
   50000 Reps


--------------------------------------------
Proportion of membership of each pre-defined
 population in each of the 18 clusters

Given    Inferred Clusters                                                                                                                Number of
 Pop       1      2      3      4      5      6      7      8      9     10     11     12     13     14     15     16     17     18      Individuals

  1:     0.077  0.018  0.010  0.055  0.020  0.085  0.400  0.070  0.011  0.040  0.077  0.026  0.013  0.029  0.012  0.017  0.015  0.026        1
  2:     0.007  0.005  0.005  0.007  0.009  0.009  0.009  0.008  0.004  0.009  0.006  0.005  0.006  0.004  0.434  0.008  0.459  0.006        4
  3:     0.021  0.017  0.015  0.065  0.016  0.046  0.016  0.024  0.010  0.017  0.012  0.004  0.005  0.008  0.008  0.695  0.010  0.010        4
  4:     0.040  0.010  0.005  0.087  0.007  0.062  0.025  0.059  0.004  0.013  0.077  0.008  0.540  0.008  0.006  0.027  0.008  0.013        5
  5:     0.043  0.012  0.014  0.046  0.124  0.051  0.071  0.064  0.014  0.026  0.035  0.026  0.011  0.101  0.138  0.115  0.089  0.018       71
  6:     0.009  0.049  0.142  0.008  0.006  0.087  0.005  0.006  0.005  0.006  0.628  0.004  0.010  0.003  0.004  0.004  0.004  0.021        2
  7:     0.055  0.005  0.021  0.022  0.007  0.054  0.013  0.047  0.026  0.028  0.020  0.618  0.007  0.004  0.019  0.010  0.015  0.028        5
  8:     0.097  0.022  0.031  0.054  0.052  0.078  0.025  0.054  0.014  0.182  0.064  0.015  0.055  0.026  0.009  0.013  0.011  0.197       10
  9:     0.125  0.047  0.047  0.038  0.025  0.041  0.013  0.037  0.016  0.034  0.027  0.010  0.114  0.021  0.016  0.070  0.012  0.308        8
 10:     0.060  0.027  0.286  0.027  0.006  0.046  0.046  0.060  0.038  0.046  0.014  0.046  0.125  0.014  0.110  0.011  0.021  0.016        9
 11:     0.034  0.028  0.062  0.018  0.011  0.067  0.013  0.039  0.574  0.023  0.017  0.005  0.032  0.024  0.011  0.011  0.025  0.007        3
 12:     0.031  0.011  0.009  0.029  0.011  0.037  0.029  0.024  0.006  0.111  0.015  0.569  0.009  0.010  0.006  0.029  0.012  0.051        1
 13:     0.036  0.021  0.443  0.110  0.009  0.030  0.041  0.030  0.024  0.074  0.047  0.043  0.007  0.006  0.026  0.006  0.015  0.033        3
 14:     0.050  0.007  0.012  0.065  0.006  0.110  0.010  0.180  0.005  0.019  0.368  0.030  0.050  0.006  0.016  0.004  0.019  0.043        1
 15:     0.006  0.004  0.005  0.006  0.020  0.006  0.004  0.006  0.898  0.006  0.008  0.004  0.005  0.003  0.004  0.005  0.004  0.005        2
 16:     0.019  0.011  0.028  0.319  0.019  0.021  0.028  0.030  0.008  0.112  0.264  0.020  0.007  0.006  0.015  0.007  0.024  0.062        4
 17:     0.005  0.909  0.006  0.006  0.004  0.005  0.006  0.005  0.004  0.006  0.006  0.003  0.004  0.014  0.004  0.006  0.004  0.004        3
--------------------------------------------

Allele-freq. divergence among pops (Net nucleotide distance),
computed using point estimates of P.

      1       2       3       4       5       6       7       8       9      10      11      12      13      14      15      16      17      18      
 1      -    0.0937  0.0852  0.0169  0.1216  0.0030  0.0370  0.0214  0.1433  0.0156  0.0436  0.1724  0.1095  0.1131  0.1330  0.1085  0.1018  0.0172  
 2   0.0937     -    0.1299  0.1080  0.2483  0.0890  0.1234  0.1249  0.2786  0.0902  0.1238  0.3612  0.2078  0.1918  0.2522  0.1427  0.2039  0.1216  
 3   0.0852  0.1299     -    0.0921  0.2099  0.0838  0.1696  0.0991  0.1906  0.0806  0.0951  0.2899  0.1826  0.2318  0.2318  0.1784  0.1547  0.1019  
 4   0.0169  0.1080  0.0921     -    0.0941  0.0126  0.0461  0.0275  0.1464  0.0226  0.0297  0.1877  0.1487  0.1429  0.1596  0.1349  0.1156  0.0459  
 5   0.1216  0.2483  0.2099  0.0941     -    0.1122  0.1580  0.1371  0.2011  0.1376  0.1195  0.2818  0.2606  0.2535  0.2855  0.1995  0.2311  0.1541  
 6   0.0030  0.0890  0.0838  0.0126  0.1122     -    0.0398  0.0154  0.1463  0.0158  0.0327  0.1796  0.1071  0.1174  0.1399  0.1118  0.0961  0.0285  
 7   0.0370  0.1234  0.1696  0.0461  0.1580  0.0398     -    0.0658  0.2087  0.0457  0.0983  0.2435  0.1679  0.1164  0.1435  0.1317  0.1469  0.0785  
 8   0.0214  0.1249  0.0991  0.0275  0.1371  0.0154  0.0658     -    0.1504  0.0301  0.0385  0.1965  0.1134  0.1568  0.1118  0.1666  0.0667  0.0481  
 9   0.1433  0.2786  0.1906  0.1464  0.2011  0.1463  0.2087  0.1504     -    0.1448  0.1768  0.2819  0.2611  0.2589  0.2514  0.3429  0.2091  0.1670  
10   0.0156  0.0902  0.0806  0.0226  0.1376  0.0158  0.0457  0.0301  0.1448     -    0.0509  0.2071  0.1229  0.1262  0.1403  0.1312  0.0955  0.0349  
11   0.0436  0.1238  0.0951  0.0297  0.1195  0.0327  0.0983  0.0385  0.1768  0.0509     -    0.2038  0.1516  0.2084  0.1875  0.2008  0.1284  0.0578  
12   0.1724  0.3612  0.2899  0.1877  0.2818  0.1796  0.2435  0.1965  0.2819  0.2071  0.2038     -    0.2817  0.3239  0.3442  0.4021  0.2329  0.1825  
13   0.1095  0.2078  0.1826  0.1487  0.2606  0.1071  0.1679  0.1134  0.2611  0.1229  0.1516  0.2817     -    0.2058  0.2024  0.2337  0.1861  0.1282  
14   0.1131  0.1918  0.2318  0.1429  0.2535  0.1174  0.1164  0.1568  0.2589  0.1262  0.2084  0.3239  0.2058     -    0.2726  0.2037  0.2531  0.1496  
15   0.1330  0.2522  0.2318  0.1596  0.2855  0.1399  0.1435  0.1118  0.2514  0.1403  0.1875  0.3442  0.2024  0.2726     -    0.2609  0.1412  0.1622  
16   0.1085  0.1427  0.1784  0.1349  0.1995  0.1118  0.1317  0.1666  0.3429  0.1312  0.2008  0.4021  0.2337  0.2037  0.2609     -    0.2605  0.1349  
17   0.1018  0.2039  0.1547  0.1156  0.2311  0.0961  0.1469  0.0667  0.2091  0.0955  0.1284  0.2329  0.1861  0.2531  0.1412  0.2605     -    0.1359  
18   0.0172  0.1216  0.1019  0.0459  0.1541  0.0285  0.0785  0.0481  0.1670  0.0349  0.0578  0.1825  0.1282  0.1496  0.1622  0.1349  0.1359     -    

Average distances (expected heterozygosity) between individuals in same cluster:
cluster  1  : 0.5848 
cluster  2  : 0.4136 
cluster  3  : 0.4656 
cluster  4  : 0.4710 
cluster  5  : 0.2409 
cluster  6  : 0.5571 
cluster  7  : 0.4160 
cluster  8  : 0.5085 
cluster  9  : 0.4101 
cluster 10  : 0.5699 
cluster 11  : 0.4596 
cluster 12  : 0.3321 
cluster 13  : 0.4761 
cluster 14  : 0.3391 
cluster 15  : 0.3100 
cluster 16  : 0.2922 
cluster 17  : 0.4167 
cluster 18  : 0.6218 

--------------------------------------------
Estimated Ln Prob of Data   = -2384.8
Mean value of ln likelihood = -1801.9
Variance of ln likelihood   = 1165.6
Mean value of alpha         = 0.0354

Mean value of Fst_1         = 0.1860
Mean value of Fst_2         = 0.4260
Mean value of Fst_3         = 0.3587
Mean value of Fst_4         = 0.3883
Mean value of Fst_5         = 0.5974
Mean value of Fst_6         = 0.1644
Mean value of Fst_7         = 0.3299
Mean value of Fst_8         = 0.2859
Mean value of Fst_9         = 0.4410
Mean value of Fst_10         = 0.2221
Mean value of Fst_11         = 0.3581
Mean value of Fst_12         = 0.5453
Mean value of Fst_13         = 0.3722
Mean value of Fst_14         = 0.4947
Mean value of Fst_15         = 0.5041
Mean value of Fst_16         = 0.5278
Mean value of Fst_17         = 0.4263
Mean value of Fst_18         = 0.2159


Inferred ancestry of individuals:
        Label (%Miss) Pop:  Inferred clusters
  1 QTo-W-0007   (11)    1 :  0.077 0.018 0.010 0.055 0.020 0.085 0.400 0.070 0.011 0.040 0.077 0.026 0.013 0.029 0.012 0.017 0.015 0.026 
  2 QTo-W-0009    (0)    2 :  0.005 0.004 0.004 0.006 0.022 0.007 0.007 0.007 0.004 0.005 0.004 0.005 0.004 0.004 0.008 0.017 0.882 0.004 
  3 QTo-W-0010    (0)    2 :  0.015 0.006 0.008 0.012 0.005 0.019 0.013 0.013 0.005 0.020 0.008 0.006 0.010 0.004 0.802 0.005 0.037 0.010 
  4 QTo-W-0011    (0)    2 :  0.004 0.005 0.004 0.005 0.005 0.005 0.008 0.006 0.004 0.006 0.005 0.006 0.004 0.004 0.009 0.004 0.910 0.004 
  5 QTo-W-0012   (22)    2 :  0.005 0.005 0.005 0.006 0.004 0.005 0.007 0.006 0.004 0.005 0.005 0.003 0.005 0.003 0.916 0.005 0.006 0.004 
  6 QTo-W-0020   (22)    3 :  0.004 0.004 0.004 0.004 0.006 0.004 0.004 0.004 0.003 0.004 0.004 0.003 0.004 0.004 0.006 0.931 0.003 0.004 
  7 QTo-W-0021   (22)    3 :  0.014 0.015 0.009 0.076 0.016 0.052 0.015 0.010 0.006 0.009 0.011 0.005 0.006 0.015 0.006 0.721 0.006 0.009 
  8 QTo-W-0023   (22)    3 :  0.010 0.019 0.006 0.048 0.033 0.033 0.014 0.007 0.004 0.010 0.006 0.004 0.005 0.007 0.008 0.770 0.007 0.008 
  9 QTo-W-0024   (11)    3 :  0.056 0.031 0.041 0.132 0.008 0.095 0.033 0.073 0.029 0.044 0.026 0.004 0.006 0.007 0.012 0.360 0.024 0.018 
 10 QTo-W-0033    (0)    4 :  0.008 0.005 0.005 0.007 0.004 0.009 0.006 0.013 0.004 0.007 0.011 0.005 0.865 0.005 0.007 0.016 0.018 0.007 
 11 QTo-W-0035   (11)    4 :  0.006 0.005 0.005 0.005 0.005 0.007 0.006 0.007 0.004 0.006 0.006 0.007 0.903 0.006 0.006 0.005 0.006 0.005 
 12 QTo-W-0036    (0)    4 :  0.004 0.004 0.004 0.004 0.004 0.005 0.004 0.005 0.004 0.005 0.005 0.005 0.924 0.005 0.005 0.004 0.005 0.004 
 13 QTo-W-0039   (11)    4 :  0.094 0.022 0.006 0.225 0.015 0.150 0.065 0.112 0.005 0.023 0.158 0.010 0.005 0.013 0.005 0.066 0.007 0.018 
 14 QTo-W-0041    (0)    4 :  0.089 0.013 0.007 0.192 0.009 0.139 0.043 0.160 0.004 0.025 0.207 0.014 0.005 0.011 0.004 0.041 0.006 0.030 
 15 QTo-W-0044    (0)    5 :  0.014 0.005 0.180 0.011 0.039 0.013 0.005 0.012 0.008 0.010 0.008 0.056 0.004 0.033 0.005 0.011 0.581 0.006 
 16 QTo-W-0047    (0)    5 :  0.008 0.004 0.005 0.006 0.005 0.008 0.007 0.009 0.005 0.011 0.005 0.006 0.005 0.005 0.021 0.004 0.879 0.006 
 17 QTo-W-0048   (11)    5 :  0.007 0.005 0.005 0.007 0.006 0.007 0.013 0.008 0.006 0.007 0.005 0.008 0.005 0.005 0.013 0.006 0.881 0.005 
 18 QTo-W-0049    (0)    5 :  0.007 0.004 0.006 0.007 0.004 0.007 0.008 0.012 0.005 0.011 0.005 0.007 0.008 0.004 0.868 0.004 0.028 0.006 
 19 QTo-W-0050   (22)    5 :  0.024 0.009 0.017 0.022 0.447 0.049 0.012 0.036 0.061 0.025 0.076 0.006 0.122 0.007 0.028 0.019 0.026 0.014 
 20 QTo-W-0052    (0)    5 :  0.014 0.004 0.033 0.011 0.005 0.011 0.015 0.009 0.010 0.012 0.005 0.749 0.006 0.080 0.011 0.004 0.012 0.007 
 21 QTo-W-0054    (0)    5 :  0.004 0.004 0.004 0.005 0.004 0.005 0.007 0.006 0.004 0.005 0.005 0.003 0.004 0.004 0.923 0.004 0.006 0.004 
 22 QTo-W-0056    (0)    5 :  0.005 0.004 0.004 0.004 0.004 0.005 0.007 0.006 0.004 0.005 0.004 0.006 0.004 0.003 0.898 0.004 0.030 0.004 
 23 QTo-W-0057    (0)    5 :  0.006 0.004 0.006 0.007 0.004 0.008 0.006 0.028 0.005 0.007 0.007 0.009 0.006 0.003 0.742 0.004 0.142 0.005 
 24 QTo-W-0058    (0)    5 :  0.005 0.004 0.004 0.006 0.004 0.004 0.007 0.006 0.004 0.005 0.005 0.003 0.004 0.004 0.922 0.004 0.005 0.004 
 25 QTo-W-0059    (0)    5 :  0.021 0.005 0.077 0.011 0.085 0.022 0.018 0.014 0.010 0.011 0.008 0.040 0.005 0.037 0.550 0.024 0.053 0.010 
 26 QTo-W-0060    (0)    5 :  0.006 0.005 0.005 0.007 0.004 0.007 0.007 0.014 0.004 0.005 0.008 0.006 0.005 0.004 0.840 0.005 0.063 0.005 
 27 QTo-W-0061    (0)    5 :  0.062 0.033 0.009 0.082 0.008 0.066 0.062 0.037 0.005 0.058 0.047 0.009 0.005 0.011 0.447 0.033 0.006 0.021 
 28 QTo-W-0062   (11)    5 :  0.005 0.005 0.005 0.006 0.005 0.006 0.006 0.007 0.005 0.005 0.005 0.004 0.005 0.004 0.910 0.006 0.006 0.005 
 29 QTo-W-0065   (11)    5 :  0.020 0.027 0.011 0.022 0.011 0.015 0.044 0.013 0.006 0.019 0.012 0.004 0.004 0.023 0.703 0.047 0.008 0.012 
 30 QTo-W-0067    (0)    5 :  0.017 0.014 0.007 0.018 0.007 0.021 0.030 0.021 0.004 0.011 0.015 0.007 0.007 0.012 0.727 0.032 0.042 0.008 
 31 QTo-W-0071    (0)    5 :  0.074 0.012 0.010 0.121 0.009 0.165 0.020 0.264 0.011 0.017 0.235 0.005 0.006 0.008 0.006 0.014 0.010 0.012 
 32 QTo-W-0072    (0)    5 :  0.021 0.010 0.020 0.025 0.616 0.025 0.019 0.010 0.004 0.011 0.010 0.008 0.007 0.009 0.004 0.184 0.004 0.012 
 33 QTo-W-0075    (0)    5 :  0.038 0.005 0.007 0.104 0.059 0.066 0.013 0.008 0.009 0.011 0.007 0.009 0.004 0.014 0.004 0.627 0.006 0.007 
 34 QTo-W-0076   (11)    5 :  0.015 0.016 0.040 0.096 0.016 0.081 0.010 0.020 0.009 0.017 0.015 0.004 0.011 0.007 0.007 0.616 0.010 0.012 
 35 QTo-W-0077   (11)    5 :  0.045 0.013 0.007 0.057 0.050 0.049 0.152 0.042 0.005 0.019 0.011 0.005 0.013 0.010 0.029 0.254 0.227 0.012 
 36 QTo-W-0079    (0)    5 :  0.004 0.004 0.004 0.004 0.004 0.004 0.004 0.003 0.003 0.004 0.003 0.003 0.003 0.003 0.005 0.938 0.003 0.004 
 37 QTo-W-0080   (11)    5 :  0.115 0.024 0.021 0.088 0.007 0.102 0.071 0.066 0.006 0.058 0.044 0.010 0.008 0.009 0.117 0.167 0.008 0.081 
 38 QTo-W-0081   (11)    5 :  0.012 0.020 0.018 0.107 0.006 0.080 0.013 0.012 0.004 0.011 0.006 0.004 0.013 0.008 0.009 0.664 0.007 0.007 
 39 QTo-W-0082    (0)    5 :  0.018 0.012 0.012 0.040 0.009 0.047 0.007 0.048 0.007 0.013 0.032 0.003 0.004 0.005 0.014 0.706 0.007 0.017 
 40 QTo-W-0087    (0)    5 :  0.015 0.007 0.005 0.042 0.018 0.031 0.008 0.006 0.004 0.006 0.005 0.003 0.004 0.005 0.009 0.822 0.006 0.005 
 41 QTo-W-0088   (11)    5 :  0.020 0.010 0.007 0.044 0.008 0.030 0.013 0.007 0.004 0.007 0.006 0.004 0.005 0.006 0.014 0.801 0.009 0.007 
 42 QTo-W-0089   (11)    5 :  0.008 0.008 0.010 0.100 0.008 0.080 0.007 0.009 0.004 0.007 0.006 0.004 0.010 0.008 0.004 0.716 0.005 0.006 
 43 QTo-W-0090    (0)    5 :  0.020 0.011 0.012 0.098 0.007 0.101 0.011 0.031 0.005 0.017 0.016 0.004 0.025 0.008 0.006 0.598 0.022 0.009 
 44 QTo-W-0093   (11)    5 :  0.064 0.017 0.025 0.105 0.207 0.072 0.016 0.060 0.032 0.036 0.070 0.011 0.005 0.006 0.039 0.189 0.019 0.027 
 45 QTo-W-0098    (0)    5 :  0.008 0.006 0.008 0.009 0.848 0.010 0.019 0.010 0.015 0.008 0.008 0.007 0.004 0.006 0.012 0.008 0.010 0.006 
 46 QTo-W-0101   (11)    5 :  0.014 0.008 0.010 0.012 0.781 0.013 0.036 0.015 0.015 0.011 0.014 0.009 0.005 0.008 0.016 0.010 0.013 0.010 
 47 QTo-W-0114    (0)    5 :  0.008 0.006 0.005 0.009 0.888 0.008 0.010 0.006 0.005 0.006 0.007 0.005 0.004 0.008 0.004 0.012 0.004 0.006 
 48 QTo-W-0116   (11)    5 :  0.005 0.004 0.006 0.007 0.905 0.006 0.005 0.006 0.009 0.006 0.006 0.004 0.004 0.005 0.005 0.006 0.005 0.005 
 49 QTo-W-0117   (22)    5 :  0.007 0.006 0.007 0.011 0.878 0.008 0.006 0.008 0.010 0.007 0.009 0.005 0.005 0.006 0.007 0.008 0.008 0.006 
 50 QTo-W-0118    (0)    5 :  0.006 0.004 0.005 0.005 0.923 0.004 0.005 0.005 0.007 0.005 0.005 0.004 0.003 0.004 0.004 0.004 0.004 0.004 
 51 QTo-W-0121   (11)    5 :  0.013 0.006 0.007 0.019 0.812 0.014 0.007 0.021 0.009 0.009 0.008 0.004 0.004 0.005 0.005 0.031 0.019 0.006 
 52 QTo-W-0124   (11)    5 :  0.005 0.005 0.006 0.007 0.005 0.005 0.007 0.302 0.005 0.006 0.007 0.004 0.007 0.004 0.031 0.004 0.584 0.005 
 53 QTo-W-0128    (0)    5 :  0.004 0.004 0.004 0.006 0.004 0.006 0.005 0.311 0.004 0.005 0.005 0.004 0.005 0.003 0.012 0.004 0.610 0.004 
 54 QTo-W-0129    (0)    5 :  0.008 0.004 0.006 0.007 0.004 0.011 0.006 0.304 0.005 0.011 0.007 0.004 0.006 0.003 0.017 0.004 0.586 0.006 
 55 QTo-W-0131   (11)    5 :  0.166 0.019 0.016 0.044 0.005 0.185 0.058 0.112 0.010 0.133 0.012 0.004 0.069 0.030 0.044 0.032 0.019 0.040 
 56 QTo-W-0133   (11)    5 :  0.100 0.026 0.010 0.068 0.009 0.069 0.176 0.041 0.171 0.071 0.025 0.110 0.010 0.015 0.018 0.013 0.049 0.018 
 57 QTo-W-0137    (0)    5 :  0.092 0.032 0.015 0.110 0.068 0.124 0.016 0.187 0.013 0.035 0.215 0.007 0.006 0.007 0.006 0.027 0.016 0.024 
 58 QTo-W-0138    (0)    5 :  0.039 0.005 0.011 0.036 0.005 0.052 0.081 0.281 0.007 0.078 0.017 0.013 0.007 0.019 0.168 0.004 0.160 0.016 
 59 QTo-W-0139    (0)    5 :  0.007 0.004 0.007 0.005 0.004 0.007 0.005 0.006 0.005 0.005 0.005 0.042 0.006 0.868 0.005 0.004 0.011 0.005 
 60 QTo-W-0140   (22)    5 :  0.006 0.005 0.005 0.006 0.005 0.006 0.005 0.006 0.005 0.005 0.005 0.009 0.007 0.905 0.005 0.005 0.005 0.006 
 61 QTo-W-0142    (0)    5 :  0.005 0.004 0.006 0.005 0.004 0.005 0.005 0.004 0.004 0.004 0.004 0.008 0.005 0.923 0.003 0.004 0.003 0.004 
 62 QTo-W-0144    (0)    5 :  0.094 0.020 0.026 0.023 0.008 0.063 0.208 0.068 0.061 0.042 0.099 0.006 0.017 0.007 0.226 0.006 0.011 0.015 
 63 QTo-W-0149   (22)    5 :  0.010 0.130 0.005 0.008 0.006 0.009 0.010 0.007 0.006 0.009 0.006 0.004 0.005 0.763 0.006 0.008 0.005 0.006 
 64 QTo-W-0151   (11)    5 :  0.012 0.008 0.004 0.017 0.005 0.013 0.029 0.008 0.005 0.015 0.008 0.006 0.005 0.798 0.013 0.034 0.004 0.016 
 65 QTo-W-0153   (22)    5 :  0.006 0.008 0.004 0.006 0.006 0.006 0.008 0.005 0.005 0.005 0.005 0.004 0.005 0.905 0.005 0.007 0.004 0.005 
 66 QTo-W-0154    (0)    5 :  0.020 0.013 0.008 0.031 0.031 0.022 0.025 0.021 0.006 0.012 0.029 0.013 0.006 0.731 0.005 0.013 0.004 0.010 
 67 QTo-W-0159   (11)    5 :  0.123 0.012 0.016 0.108 0.031 0.160 0.065 0.191 0.016 0.021 0.164 0.036 0.006 0.009 0.015 0.006 0.007 0.013 
 68 QTo-W-0161   (11)    5 :  0.027 0.009 0.008 0.040 0.054 0.043 0.040 0.055 0.008 0.018 0.056 0.014 0.008 0.570 0.006 0.009 0.007 0.028 
 69 QTo-W-0162    (0)    5 :  0.125 0.008 0.015 0.110 0.163 0.139 0.029 0.103 0.050 0.079 0.064 0.010 0.014 0.017 0.004 0.018 0.004 0.047 
 70 QTo-W-0163   (11)    5 :  0.112 0.023 0.020 0.044 0.006 0.076 0.137 0.039 0.010 0.085 0.020 0.010 0.013 0.028 0.024 0.162 0.006 0.186 
 71 QTo-W-0167   (11)    5 :  0.056 0.009 0.020 0.042 0.246 0.066 0.016 0.085 0.019 0.026 0.135 0.085 0.041 0.008 0.011 0.020 0.096 0.019 
 72 QTo-W-0170    (0)    5 :  0.072 0.007 0.016 0.152 0.028 0.142 0.012 0.221 0.014 0.036 0.171 0.062 0.009 0.005 0.006 0.008 0.019 0.019 
 73 QTo-W-0171   (22)    5 :  0.056 0.015 0.015 0.062 0.012 0.132 0.038 0.272 0.050 0.046 0.119 0.006 0.034 0.011 0.063 0.013 0.026 0.029 
 74 QTo-W-0172   (22)    5 :  0.151 0.010 0.015 0.098 0.066 0.174 0.013 0.083 0.083 0.065 0.046 0.085 0.040 0.027 0.007 0.006 0.008 0.023 
 75 QTo-W-0173   (11)    5 :  0.098 0.014 0.010 0.097 0.016 0.171 0.025 0.249 0.007 0.015 0.213 0.032 0.005 0.009 0.007 0.009 0.013 0.011 
 76 QTo-W-0174    (0)    5 :  0.079 0.009 0.010 0.054 0.240 0.068 0.294 0.047 0.006 0.037 0.030 0.031 0.007 0.012 0.013 0.035 0.009 0.018 
 77 QTo-W-0175    (0)    5 :  0.085 0.012 0.007 0.053 0.007 0.103 0.230 0.252 0.008 0.101 0.015 0.004 0.008 0.010 0.061 0.013 0.017 0.015 
 78 QTo-W-0182   (22)    5 :  0.009 0.008 0.010 0.012 0.008 0.011 0.010 0.069 0.006 0.012 0.010 0.005 0.006 0.004 0.008 0.011 0.793 0.007 
 79 QTo-W-0184    (0)    5 :  0.090 0.011 0.063 0.080 0.036 0.076 0.120 0.060 0.008 0.094 0.046 0.039 0.051 0.010 0.010 0.036 0.012 0.156 
 80 QTo-W-0188    (0)    5 :  0.131 0.005 0.009 0.078 0.013 0.155 0.037 0.174 0.057 0.033 0.093 0.153 0.005 0.006 0.013 0.004 0.017 0.017 
 81 QTo-W-0192   (11)    5 :  0.074 0.008 0.005 0.010 0.008 0.010 0.802 0.008 0.005 0.007 0.008 0.005 0.004 0.007 0.008 0.008 0.016 0.005 
 82 QTo-W-0193    (0)    5 :  0.075 0.007 0.005 0.011 0.006 0.012 0.809 0.009 0.004 0.010 0.007 0.005 0.004 0.007 0.013 0.006 0.005 0.007 
 83 QTo-W-0194    (0)    5 :  0.075 0.005 0.004 0.009 0.006 0.007 0.820 0.006 0.004 0.008 0.006 0.004 0.004 0.006 0.013 0.006 0.013 0.005 
 84 QTo-W-0196   (11)    5 :  0.142 0.026 0.010 0.246 0.012 0.125 0.128 0.027 0.016 0.128 0.033 0.012 0.005 0.018 0.008 0.014 0.007 0.042 
 85 QTo-W-0197    (0)    5 :  0.138 0.026 0.008 0.263 0.010 0.140 0.097 0.028 0.013 0.113 0.034 0.011 0.004 0.009 0.006 0.051 0.007 0.043 
 86 QTo-W-0200   (11)    6 :  0.009 0.049 0.142 0.008 0.005 0.088 0.005 0.006 0.005 0.006 0.627 0.004 0.010 0.003 0.004 0.004 0.004 0.021 
 87 QTo-W-0201   (22)    6 :  0.008 0.049 0.141 0.007 0.006 0.087 0.005 0.006 0.005 0.006 0.628 0.004 0.011 0.003 0.004 0.003 0.004 0.021 
 88 QTo-W-0205    (0)    7 :  0.004 0.003 0.003 0.004 0.004 0.004 0.003 0.004 0.005 0.004 0.004 0.939 0.003 0.003 0.003 0.003 0.003 0.004 
 89 QTo-W-0208    (0)    7 :  0.105 0.010 0.091 0.035 0.010 0.080 0.025 0.050 0.017 0.090 0.027 0.156 0.018 0.008 0.076 0.035 0.057 0.108 
 90 QTo-W-0211    (0)    7 :  0.154 0.005 0.004 0.059 0.013 0.175 0.028 0.169 0.097 0.040 0.060 0.149 0.006 0.004 0.007 0.004 0.005 0.020 
 91 QTo-W-0212   (11)    7 :  0.004 0.003 0.003 0.004 0.004 0.004 0.005 0.005 0.004 0.004 0.004 0.931 0.004 0.003 0.005 0.003 0.006 0.004 
 92 QTo-W-0213    (0)    7 :  0.006 0.003 0.003 0.007 0.004 0.006 0.005 0.009 0.004 0.004 0.007 0.917 0.004 0.003 0.004 0.003 0.005 0.006 
 93 QTo-W-0216   (11)    8 :  0.014 0.067 0.019 0.011 0.005 0.028 0.070 0.007 0.005 0.563 0.008 0.004 0.005 0.006 0.007 0.007 0.008 0.166 
 94 QTo-W-0220    (0)    8 :  0.016 0.060 0.017 0.011 0.004 0.035 0.067 0.007 0.005 0.565 0.006 0.004 0.004 0.005 0.009 0.006 0.014 0.167 
 95 QTo-W-0224   (11)    8 :  0.071 0.010 0.120 0.190 0.015 0.071 0.014 0.048 0.047 0.127 0.077 0.006 0.051 0.025 0.022 0.010 0.033 0.063 
 96 QTo-W-0225   (11)    8 :  0.200 0.007 0.007 0.016 0.005 0.009 0.008 0.012 0.004 0.010 0.012 0.017 0.004 0.004 0.017 0.010 0.007 0.650 
 97 QTo-W-0227   (11)    8 :  0.038 0.015 0.104 0.035 0.006 0.073 0.035 0.027 0.020 0.376 0.069 0.005 0.054 0.010 0.007 0.010 0.011 0.107 
 98 QTo-W-0229    (0)    8 :  0.196 0.009 0.010 0.010 0.003 0.014 0.005 0.007 0.003 0.006 0.022 0.004 0.004 0.005 0.007 0.056 0.003 0.637 
 99 QTo-W-0231    (0)    8 :  0.261 0.014 0.007 0.017 0.003 0.300 0.005 0.112 0.005 0.064 0.006 0.031 0.121 0.005 0.006 0.006 0.011 0.027 
100 QTo-W-0238   (22)    8 :  0.053 0.015 0.013 0.172 0.020 0.105 0.019 0.169 0.010 0.041 0.243 0.033 0.012 0.020 0.007 0.007 0.009 0.051 
101 QTo-W-0240    (0)    8 :  0.065 0.016 0.013 0.052 0.017 0.109 0.015 0.126 0.008 0.035 0.177 0.028 0.273 0.011 0.008 0.006 0.011 0.029 
102 QTo-W-0242    (0)    8 :  0.054 0.008 0.006 0.028 0.439 0.038 0.016 0.024 0.032 0.033 0.021 0.015 0.026 0.165 0.003 0.009 0.004 0.078 
103 QTo-W-0244    (0)    9 :  0.018 0.009 0.027 0.078 0.044 0.016 0.007 0.019 0.017 0.032 0.059 0.009 0.618 0.008 0.003 0.009 0.004 0.024 
104 QTo-W-0245   (11)    9 :  0.112 0.006 0.037 0.044 0.010 0.070 0.009 0.037 0.013 0.048 0.063 0.010 0.190 0.027 0.006 0.014 0.012 0.291 
105 QTo-W-0251    (0)    9 :  0.040 0.326 0.009 0.071 0.075 0.043 0.030 0.023 0.038 0.020 0.017 0.010 0.005 0.006 0.004 0.267 0.004 0.010 
106 QTo-W-0253    (0)    9 :  0.187 0.005 0.027 0.016 0.025 0.018 0.008 0.013 0.005 0.056 0.013 0.007 0.005 0.005 0.004 0.016 0.005 0.585 
107 QTo-W-0256   (11)    9 :  0.127 0.010 0.039 0.032 0.007 0.061 0.010 0.125 0.006 0.037 0.017 0.006 0.031 0.005 0.066 0.071 0.053 0.294 
108 QTo-W-0258    (0)    9 :  0.128 0.012 0.233 0.021 0.004 0.063 0.011 0.047 0.005 0.030 0.019 0.004 0.023 0.016 0.035 0.161 0.008 0.179 
109 QTo-W-0259    (0)    9 :  0.199 0.004 0.003 0.014 0.024 0.023 0.010 0.012 0.012 0.013 0.009 0.008 0.012 0.070 0.005 0.015 0.004 0.562 
110 QTo-W-0260   (22)    9 :  0.190 0.005 0.004 0.029 0.010 0.037 0.017 0.021 0.032 0.035 0.018 0.022 0.023 0.028 0.005 0.005 0.005 0.515 
111 QTo-W-0274   (11)   10 :  0.060 0.011 0.757 0.012 0.005 0.018 0.008 0.009 0.005 0.046 0.009 0.004 0.005 0.005 0.006 0.012 0.006 0.022 
112 QTo-W-0275    (0)   10 :  0.065 0.126 0.027 0.023 0.007 0.055 0.066 0.077 0.099 0.048 0.022 0.010 0.061 0.025 0.248 0.005 0.029 0.009 
113 QTo-W-0278    (0)   10 :  0.088 0.029 0.065 0.085 0.007 0.080 0.155 0.040 0.091 0.124 0.021 0.076 0.030 0.021 0.009 0.036 0.007 0.034 
114 QTo-W-0283   (11)   10 :  0.048 0.007 0.016 0.023 0.006 0.041 0.031 0.033 0.008 0.022 0.010 0.130 0.527 0.007 0.037 0.011 0.027 0.015 
115 QTo-W-0284    (0)   10 :  0.060 0.038 0.020 0.025 0.007 0.062 0.024 0.040 0.011 0.026 0.008 0.163 0.448 0.009 0.022 0.009 0.016 0.011 
116 QTo-W-0287   (22)   10 :  0.044 0.008 0.818 0.009 0.005 0.006 0.006 0.006 0.004 0.033 0.008 0.004 0.012 0.005 0.007 0.010 0.008 0.006 
117 QTo-W-0289   (22)   10 :  0.045 0.008 0.820 0.010 0.008 0.006 0.006 0.007 0.007 0.032 0.007 0.005 0.005 0.004 0.007 0.008 0.008 0.006 
118 QTo-W-0293    (0)   10 :  0.104 0.009 0.041 0.040 0.006 0.128 0.018 0.300 0.106 0.072 0.027 0.006 0.009 0.019 0.015 0.004 0.078 0.017 
119 QTo-W-0295   (11)   10 :  0.028 0.009 0.007 0.015 0.004 0.020 0.104 0.024 0.010 0.015 0.018 0.019 0.028 0.029 0.635 0.007 0.007 0.020 
120 QTo-W-0296   (11)   11 :  0.008 0.007 0.011 0.008 0.008 0.009 0.012 0.010 0.842 0.007 0.006 0.004 0.005 0.034 0.010 0.006 0.007 0.006 
121 QTo-W-0298    (0)   11 :  0.006 0.005 0.010 0.007 0.010 0.007 0.008 0.006 0.864 0.006 0.006 0.004 0.004 0.032 0.008 0.005 0.006 0.005 
122 QTo-W-0300   (11)   11 :  0.086 0.073 0.166 0.040 0.013 0.184 0.018 0.101 0.014 0.056 0.040 0.006 0.086 0.005 0.014 0.022 0.063 0.011 
123 QTo-W-0302    (0)   12 :  0.031 0.011 0.009 0.029 0.011 0.037 0.029 0.024 0.006 0.111 0.015 0.569 0.009 0.010 0.006 0.029 0.012 0.051 
124 QTo-W-0305    (0)   13 :  0.038 0.023 0.693 0.036 0.006 0.023 0.007 0.009 0.022 0.059 0.015 0.006 0.011 0.006 0.006 0.006 0.007 0.026 
125 QTo-W-0308   (11)   13 :  0.040 0.034 0.620 0.055 0.009 0.027 0.010 0.010 0.033 0.061 0.020 0.007 0.006 0.005 0.007 0.007 0.010 0.037 
126 QTo-W-0309   (11)   13 :  0.028 0.007 0.015 0.239 0.013 0.038 0.106 0.070 0.016 0.101 0.107 0.116 0.006 0.005 0.066 0.004 0.027 0.037 
127 QTo-W-0311    (0)   14 :  0.050 0.007 0.012 0.065 0.006 0.110 0.010 0.180 0.005 0.019 0.368 0.030 0.050 0.006 0.016 0.004 0.019 0.043 
128 QTo-W-0312    (0)   15 :  0.006 0.003 0.005 0.006 0.035 0.006 0.004 0.005 0.886 0.005 0.007 0.004 0.004 0.003 0.003 0.006 0.004 0.005 
129 QTo-W-0315   (11)   15 :  0.006 0.004 0.005 0.006 0.006 0.006 0.004 0.006 0.911 0.006 0.008 0.005 0.005 0.003 0.004 0.003 0.005 0.006 
130 QTo-W-0318    (0)   16 :  0.012 0.011 0.040 0.336 0.020 0.012 0.015 0.010 0.011 0.104 0.310 0.028 0.006 0.007 0.010 0.004 0.005 0.060 
131 QTo-W-0322   (11)   16 :  0.009 0.013 0.033 0.336 0.014 0.013 0.010 0.008 0.007 0.105 0.350 0.012 0.007 0.005 0.007 0.004 0.007 0.061 
132 QTo-W-0326   (22)   16 :  0.021 0.011 0.023 0.286 0.030 0.031 0.037 0.060 0.009 0.105 0.211 0.022 0.008 0.006 0.021 0.006 0.060 0.051 
133 QTo-W-0327   (11)   16 :  0.034 0.008 0.014 0.318 0.012 0.026 0.050 0.040 0.006 0.135 0.185 0.019 0.006 0.007 0.021 0.015 0.025 0.076 
134 QTo-W-0328    (0)   17 :  0.005 0.897 0.005 0.005 0.004 0.005 0.005 0.005 0.003 0.005 0.005 0.003 0.004 0.032 0.004 0.005 0.004 0.004 
135 QTo-W-0329    (0)   17 :  0.004 0.925 0.005 0.005 0.004 0.005 0.005 0.005 0.004 0.005 0.005 0.003 0.004 0.004 0.004 0.005 0.004 0.004 
136 QTo-W-0330   (11)   17 :  0.006 0.905 0.007 0.006 0.005 0.006 0.006 0.006 0.004 0.006 0.007 0.003 0.004 0.005 0.005 0.008 0.005 0.005 


Estimated Allele Frequencies in each cluster
First column gives estimated ancestral frequencies


Locus 1 : 
4 alleles
0.7% missing data
 149   (0.839) 0.790 0.975 0.972 0.962 0.994 0.894 0.971 0.940 0.593 0.931 0.964 0.188 0.922 0.986 0.993 0.993 0.986 0.540 
 147   (0.068) 0.054 0.010 0.011 0.013 0.003 0.040 0.012 0.021 0.389 0.027 0.013 0.252 0.014 0.007 0.003 0.003 0.006 0.082 
 155   (0.055) 0.038 0.009 0.009 0.015 0.002 0.042 0.011 0.026 0.012 0.024 0.013 0.557 0.053 0.004 0.002 0.002 0.005 0.016 
 161   (0.037) 0.119 0.006 0.008 0.009 0.001 0.023 0.006 0.013 0.006 0.018 0.011 0.003 0.010 0.003 0.002 0.002 0.003 0.362 

Locus 2 : 
6 alleles
12.5% missing data
 179   (0.397) 0.480 0.880 0.415 0.471 0.235 0.462 0.788 0.282 0.070 0.558 0.300 0.031 0.067 0.899 0.062 0.965 0.039 0.447 
 176   (0.141) 0.125 0.025 0.072 0.063 0.011 0.143 0.041 0.135 0.028 0.079 0.115 0.932 0.054 0.055 0.159 0.007 0.667 0.065 
 173   (0.235) 0.209 0.051 0.134 0.082 0.013 0.221 0.113 0.473 0.051 0.143 0.236 0.017 0.788 0.024 0.749 0.016 0.270 0.221 
 164   (0.026) 0.014 0.005 0.008 0.007 0.001 0.016 0.006 0.008 0.004 0.013 0.008 0.002 0.005 0.002 0.021 0.001 0.005 0.011 
 182   (0.147) 0.101 0.029 0.240 0.352 0.736 0.119 0.031 0.081 0.840 0.168 0.318 0.013 0.074 0.015 0.006 0.008 0.014 0.098 
 170   (0.055) 0.071 0.010 0.130 0.025 0.003 0.038 0.021 0.020 0.007 0.040 0.023 0.005 0.012 0.005 0.002 0.003 0.005 0.158 

Locus 3 : 
17 alleles
0.0% missing data
 220   (0.160) 0.130 0.052 0.176 0.161 0.009 0.122 0.151 0.217 0.045 0.303 0.087 0.536 0.355 0.013 0.096 0.008 0.429 0.150 
 222   (0.177) 0.208 0.391 0.185 0.202 0.013 0.237 0.102 0.239 0.229 0.125 0.227 0.019 0.082 0.312 0.019 0.196 0.018 0.244 
 218   (0.174) 0.179 0.411 0.253 0.284 0.007 0.132 0.373 0.194 0.028 0.270 0.178 0.021 0.072 0.013 0.678 0.153 0.425 0.162 
 226   (0.064) 0.060 0.015 0.026 0.059 0.941 0.072 0.027 0.026 0.011 0.031 0.018 0.008 0.011 0.006 0.006 0.613 0.086 0.085 
 258   (0.070) 0.069 0.015 0.017 0.041 0.003 0.087 0.038 0.123 0.273 0.052 0.040 0.014 0.013 0.005 0.005 0.007 0.009 0.027 
 224   (0.055) 0.029 0.016 0.036 0.014 0.010 0.061 0.010 0.019 0.200 0.025 0.157 0.007 0.395 0.004 0.002 0.003 0.007 0.026 
 228   (0.065) 0.118 0.049 0.014 0.180 0.006 0.121 0.059 0.103 0.024 0.069 0.113 0.375 0.011 0.005 0.005 0.010 0.007 0.034 
 256   (0.021) 0.008 0.003 0.003 0.005 0.001 0.012 0.005 0.006 0.003 0.008 0.003 0.001 0.003 0.001 0.181 0.001 0.002 0.006 
 264   (0.017) 0.007 0.003 0.002 0.003 0.001 0.012 0.003 0.003 0.002 0.006 0.003 0.002 0.002 0.169 0.001 0.001 0.001 0.004 
 230   (0.027) 0.011 0.006 0.004 0.005 0.001 0.016 0.005 0.008 0.153 0.011 0.004 0.002 0.004 0.459 0.001 0.001 0.002 0.007 
 260   (0.042) 0.031 0.008 0.008 0.015 0.003 0.034 0.010 0.023 0.008 0.020 0.020 0.004 0.028 0.003 0.002 0.002 0.004 0.016 
 262   (0.012) 0.009 0.003 0.003 0.007 0.002 0.012 0.003 0.005 0.006 0.007 0.004 0.003 0.004 0.002 0.000 0.001 0.001 0.004 
 234   (0.018) 0.023 0.003 0.003 0.003 0.001 0.011 0.194 0.005 0.002 0.006 0.003 0.001 0.002 0.001 0.001 0.001 0.001 0.005 
 232   (0.027) 0.014 0.011 0.033 0.005 0.001 0.031 0.006 0.009 0.004 0.034 0.130 0.002 0.005 0.002 0.001 0.001 0.002 0.015 
 250   (0.026) 0.051 0.004 0.004 0.004 0.001 0.014 0.004 0.005 0.003 0.009 0.004 0.002 0.003 0.002 0.001 0.001 0.002 0.136 
 216   (0.014) 0.026 0.002 0.002 0.006 0.000 0.008 0.004 0.004 0.005 0.007 0.004 0.002 0.004 0.002 0.000 0.001 0.001 0.069 
 266   (0.032) 0.027 0.008 0.230 0.006 0.001 0.019 0.006 0.010 0.004 0.016 0.006 0.002 0.006 0.002 0.001 0.001 0.003 0.008 

Locus 4 : 
2 alleles
1.5% missing data
 137   (0.975) 0.988 0.989 0.995 0.996 0.999 0.986 0.984 0.993 0.997 0.898 0.996 0.998 0.996 0.998 0.999 0.999 0.998 0.964 
 139   (0.025) 0.012 0.011 0.005 0.004 0.001 0.014 0.016 0.007 0.003 0.102 0.004 0.002 0.004 0.002 0.001 0.001 0.002 0.036 

Locus 5 : 
17 alleles
11.8% missing data
 187   (0.297) 0.400 0.068 0.170 0.558 0.736 0.421 0.475 0.390 0.053 0.287 0.827 0.826 0.215 0.092 0.014 0.018 0.038 0.502 
 243   (0.051) 0.037 0.008 0.011 0.010 0.003 0.027 0.154 0.018 0.006 0.020 0.008 0.004 0.008 0.004 0.002 0.003 0.488 0.014 
 203   (0.075) 0.100 0.013 0.035 0.026 0.006 0.046 0.020 0.032 0.010 0.039 0.016 0.007 0.013 0.006 0.941 0.474 0.009 0.189 
 201   (0.109) 0.132 0.031 0.054 0.233 0.040 0.166 0.048 0.257 0.015 0.081 0.042 0.009 0.029 0.008 0.005 0.359 0.244 0.050 
 197   (0.067) 0.043 0.013 0.225 0.040 0.003 0.060 0.017 0.022 0.009 0.091 0.017 0.005 0.660 0.005 0.003 0.117 0.007 0.035 
 195   (0.053) 0.047 0.009 0.397 0.012 0.006 0.036 0.012 0.016 0.007 0.028 0.009 0.102 0.009 0.445 0.005 0.004 0.040 0.023 
 247   (0.025) 0.012 0.004 0.006 0.005 0.001 0.015 0.005 0.007 0.003 0.010 0.004 0.002 0.004 0.002 0.002 0.001 0.121 0.007 
 235   (0.044) 0.030 0.011 0.012 0.021 0.003 0.031 0.014 0.026 0.006 0.022 0.020 0.004 0.007 0.003 0.003 0.006 0.005 0.019 
 249   (0.027) 0.013 0.004 0.005 0.005 0.188 0.015 0.005 0.008 0.004 0.010 0.004 0.002 0.004 0.002 0.001 0.001 0.003 0.007 
 199   (0.059) 0.058 0.049 0.026 0.038 0.004 0.049 0.073 0.028 0.845 0.052 0.016 0.012 0.013 0.005 0.006 0.007 0.008 0.021 
 245   (0.029) 0.025 0.005 0.007 0.013 0.001 0.027 0.051 0.101 0.004 0.042 0.006 0.002 0.005 0.003 0.011 0.001 0.015 0.012 
 219   (0.037) 0.019 0.214 0.010 0.008 0.002 0.023 0.009 0.013 0.007 0.017 0.007 0.003 0.008 0.399 0.002 0.002 0.004 0.010 
 217   (0.026) 0.014 0.537 0.006 0.006 0.001 0.015 0.006 0.009 0.004 0.010 0.005 0.002 0.004 0.017 0.001 0.002 0.003 0.007 
 229   (0.021) 0.015 0.004 0.005 0.004 0.001 0.013 0.061 0.007 0.003 0.010 0.004 0.002 0.003 0.002 0.001 0.001 0.002 0.006 
 215   (0.032) 0.020 0.022 0.011 0.008 0.002 0.019 0.039 0.009 0.004 0.256 0.006 0.015 0.005 0.003 0.001 0.002 0.004 0.083 
 205   (0.019) 0.015 0.003 0.004 0.004 0.001 0.013 0.003 0.010 0.002 0.009 0.003 0.002 0.008 0.001 0.001 0.001 0.002 0.006 
 227   (0.029) 0.020 0.005 0.014 0.009 0.002 0.024 0.008 0.049 0.019 0.017 0.007 0.002 0.005 0.003 0.001 0.001 0.008 0.009 

Locus 6 : 
25 alleles
30.9% missing data
 214   (0.058) 0.038 0.019 0.019 0.028 0.003 0.046 0.026 0.029 0.016 0.115 0.016 0.006 0.027 0.007 0.120 0.005 0.254 0.049 
 222   (0.062) 0.046 0.018 0.016 0.048 0.004 0.075 0.018 0.204 0.016 0.034 0.099 0.007 0.132 0.007 0.082 0.023 0.487 0.026 
 206   (0.067) 0.100 0.022 0.016 0.038 0.007 0.075 0.311 0.067 0.042 0.048 0.038 0.021 0.017 0.008 0.381 0.008 0.010 0.034 
 218   (0.106) 0.084 0.028 0.034 0.244 0.007 0.077 0.304 0.087 0.036 0.151 0.110 0.078 0.027 0.075 0.365 0.014 0.019 0.068 
 216   (0.075) 0.116 0.020 0.024 0.080 0.007 0.065 0.033 0.034 0.020 0.080 0.038 0.030 0.018 0.056 0.004 0.422 0.009 0.280 
 208   (0.035) 0.024 0.008 0.011 0.014 0.002 0.025 0.015 0.014 0.008 0.025 0.014 0.005 0.129 0.004 0.002 0.243 0.004 0.037 
 238   (0.044) 0.030 0.022 0.009 0.030 0.538 0.037 0.012 0.023 0.118 0.022 0.019 0.004 0.010 0.005 0.002 0.156 0.005 0.016 
 204   (0.012) 0.005 0.002 0.002 0.004 0.001 0.009 0.003 0.003 0.002 0.006 0.003 0.001 0.426 0.001 0.001 0.001 0.001 0.004 
 234   (0.041) 0.056 0.012 0.009 0.049 0.003 0.052 0.017 0.064 0.013 0.025 0.047 0.121 0.009 0.005 0.003 0.008 0.005 0.068 
 242   (0.034) 0.034 0.016 0.035 0.023 0.002 0.060 0.009 0.030 0.008 0.018 0.224 0.004 0.009 0.004 0.002 0.004 0.004 0.057 
 210   (0.124) 0.204 0.050 0.513 0.278 0.404 0.182 0.112 0.100 0.624 0.172 0.093 0.677 0.065 0.305 0.010 0.033 0.033 0.084 
 246   (0.029) 0.024 0.013 0.006 0.020 0.002 0.024 0.017 0.017 0.007 0.029 0.011 0.003 0.011 0.005 0.010 0.004 0.004 0.014 
 258   (0.021) 0.021 0.007 0.006 0.035 0.002 0.045 0.006 0.056 0.006 0.013 0.045 0.003 0.005 0.002 0.001 0.020 0.003 0.009 
 240   (0.022) 0.012 0.006 0.005 0.016 0.001 0.021 0.006 0.010 0.005 0.012 0.006 0.002 0.007 0.003 0.001 0.031 0.004 0.008 
 256   (0.011) 0.004 0.002 0.002 0.003 0.001 0.008 0.002 0.071 0.002 0.005 0.002 0.001 0.002 0.001 0.001 0.001 0.083 0.003 
 254   (0.015) 0.008 0.004 0.003 0.004 0.001 0.008 0.004 0.035 0.003 0.008 0.004 0.002 0.004 0.002 0.001 0.001 0.034 0.006 
 236   (0.050) 0.046 0.011 0.013 0.020 0.003 0.039 0.019 0.066 0.021 0.034 0.017 0.005 0.019 0.488 0.004 0.004 0.014 0.077 
 248   (0.025) 0.017 0.015 0.039 0.007 0.001 0.039 0.016 0.011 0.009 0.014 0.173 0.002 0.006 0.003 0.003 0.002 0.003 0.011 
 252   (0.018) 0.012 0.004 0.004 0.007 0.001 0.015 0.021 0.022 0.004 0.016 0.004 0.002 0.004 0.002 0.002 0.002 0.002 0.007 
 224   (0.029) 0.032 0.012 0.014 0.010 0.002 0.021 0.018 0.010 0.008 0.099 0.008 0.007 0.007 0.003 0.002 0.003 0.006 0.082 
 230   (0.030) 0.022 0.393 0.006 0.008 0.002 0.018 0.007 0.014 0.007 0.015 0.006 0.003 0.012 0.003 0.001 0.003 0.003 0.010 
 228   (0.026) 0.021 0.006 0.021 0.007 0.001 0.016 0.006 0.010 0.006 0.013 0.006 0.002 0.007 0.003 0.002 0.007 0.003 0.021 
 266   (0.016) 0.011 0.004 0.063 0.004 0.001 0.010 0.004 0.005 0.004 0.010 0.004 0.002 0.004 0.002 0.001 0.002 0.002 0.007 
 212   (0.026) 0.013 0.297 0.006 0.008 0.002 0.017 0.007 0.010 0.006 0.014 0.006 0.008 0.039 0.003 0.001 0.002 0.003 0.009 
 232   (0.025) 0.018 0.009 0.123 0.013 0.001 0.016 0.006 0.006 0.008 0.020 0.006 0.002 0.005 0.003 0.001 0.002 0.003 0.013 

Locus 7 : 
7 alleles
1.5% missing data
 108   (0.638) 0.689 0.178 0.159 0.802 0.978 0.696 0.906 0.849 0.941 0.690 0.609 0.965 0.428 0.974 0.982 0.366 0.807 0.591 
 116   (0.035) 0.017 0.006 0.009 0.007 0.001 0.021 0.007 0.027 0.008 0.015 0.007 0.003 0.005 0.002 0.002 0.002 0.164 0.010 
 110   (0.141) 0.170 0.049 0.649 0.097 0.014 0.128 0.043 0.062 0.024 0.109 0.036 0.019 0.197 0.011 0.008 0.624 0.014 0.219 
 114   (0.069) 0.034 0.386 0.039 0.016 0.003 0.063 0.013 0.027 0.011 0.029 0.146 0.005 0.346 0.005 0.004 0.003 0.006 0.021 
 112   (0.074) 0.039 0.374 0.137 0.071 0.003 0.064 0.023 0.022 0.011 0.141 0.195 0.005 0.013 0.005 0.003 0.003 0.006 0.061 
 104   (0.020) 0.034 0.003 0.003 0.004 0.001 0.013 0.003 0.004 0.002 0.007 0.003 0.001 0.003 0.001 0.001 0.001 0.002 0.092 
 118   (0.024) 0.017 0.004 0.003 0.004 0.001 0.015 0.004 0.009 0.003 0.010 0.004 0.002 0.007 0.001 0.001 0.001 0.002 0.007 

Locus 8 : 
5 alleles
2.2% missing data
 160   (0.159) 0.119 0.037 0.132 0.051 0.060 0.104 0.324 0.187 0.442 0.090 0.036 0.242 0.063 0.022 0.546 0.007 0.378 0.054 
 162   (0.639) 0.667 0.918 0.819 0.832 0.921 0.735 0.596 0.721 0.304 0.609 0.906 0.730 0.433 0.268 0.446 0.983 0.604 0.607 
 164   (0.090) 0.079 0.015 0.020 0.032 0.007 0.065 0.020 0.037 0.019 0.052 0.021 0.011 0.483 0.680 0.004 0.004 0.008 0.111 
 166   (0.021) 0.013 0.004 0.004 0.009 0.003 0.014 0.005 0.010 0.005 0.011 0.006 0.002 0.004 0.003 0.001 0.001 0.002 0.009 
 158   (0.091) 0.122 0.027 0.025 0.076 0.009 0.083 0.055 0.045 0.231 0.238 0.031 0.015 0.017 0.026 0.004 0.005 0.008 0.218 

Locus 9 : 
4 alleles
0.0% missing data
 229   (0.495) 0.548 0.553 0.123 0.483 0.619 0.539 0.846 0.377 0.285 0.450 0.249 0.186 0.585 0.775 0.512 0.944 0.284 0.402 
 226   (0.353) 0.317 0.419 0.845 0.413 0.372 0.353 0.110 0.548 0.685 0.456 0.630 0.050 0.072 0.026 0.476 0.047 0.703 0.387 
 223   (0.131) 0.119 0.025 0.028 0.098 0.008 0.093 0.039 0.061 0.022 0.085 0.116 0.756 0.341 0.197 0.012 0.008 0.011 0.204 
 232   (0.021) 0.015 0.003 0.003 0.006 0.001 0.015 0.005 0.013 0.009 0.009 0.006 0.008 0.003 0.001 0.001 0.001 0.002 0.006 

Values of parameters used in structure:
DATAFILE=C:\Users\eschumacher\Documents\GitHub\Ten_Oaks\Data_Files\QUTO_wild\project_data,	OUTFILE=C:\Users\eschumacher\Documents\GitHub\Ten_Oaks\Data_Files\QUTO_wild\50-50\Results\50-50_run_86,	NUMINDS=136,	NUMLOCI=9,	MISSING=-9,	LABEL=1,	POPDATA=1,	POPFLAG=0,	PHENOTYPE=0,	EXTRACOLS=0,	MAXPOPS=18,	BURNIN=50000,	NUMREPS=50000,	USEPOPINFO=0,	INFERALPHA=1,	INFERLAMBDA=0,	POPSPECIFICLAMBDA=0,	POPALPHAS=0,	COMPUTEPROB=1,	NOADMIX=0,	ADMBURNIN=2500,	UPDATEFREQ=1,	PRINTLIKES=0,	INTERMEDSAVE=0,	PRINTKLD=0,	PRINTNET=0,	PRINTLAMBDA=0,	ANCESTDIST=0,	NUMBOXES=1000,	ANCESTPINT=0.90000,	GENSBACK=2,	MIGRPRIOR=0.05000,	PRINTQHAT=0,	PRINTQSUM=0,	ALPHA=1.0000,	FREQSCORR=1,	FPRIORMEAN=0.0100,	FPRIORSD=0.0500,	ONEFST=0,	LAMBDA=1.0000,	UNIFPRIORALPHA=1,	ALPHAMAX=10.0000,	ALPHAPRIORA=1.0000,	ALPHAPRIORB=2.0000,	ALPHAPROPSD=0.0250,	STARTATPOPINFO=0,	RANDOMIZE=1,	LINKAGE=0,	METROFREQ=10,	REPORTHITRATE=0,	MARKOVPHASE=-1,	PHASED=0,	PLOIDY=2,	PHASEINFO=0	LOCPRIOR=0, 	LOCPRIORINIT=1.000000, 	LOCDATA=0, 	LOCISPOP=0, 	LOCPRIORSTEP=0.100000, 	MAXLOCPRIOR=20.000000, 	SEED=1689805139,	
[STRAT parameters]:    NUMSIMSTATS=1000,	PHENOTYPECOL=-9,	POOLFREQ=10,	LOCUSxONLY=0,	EMERROR=0.00100,	MISSINGPHENO=-9,	