

----------------------------------------------------
STRUCTURE by Pritchard, Stephens and Donnelly (2000)
     and Falush, Stephens and Pritchard (2003)
       Code by Pritchard, Falush and Hubisz
             Version 2.3.4 (Jul 2012)
----------------------------------------------------



Command line arguments:   bin\structure -m C:\Users\eschumacher\Documents\GitHub\Ten_Oaks\Data_Files\QUTO_wild\50-50\mainparams -e C:\Users\eschumacher\Documents\GitHub\Ten_Oaks\Data_Files\QUTO_wild\50-50\extraparams 
Input File:    C:\Users\eschumacher\Documents\GitHub\Ten_Oaks\Data_Files\QUTO_wild\project_data

Run parameters:
   136 individuals
   9 loci
   17 populations assumed
   50000 Burn-in period
   50000 Reps


--------------------------------------------
Proportion of membership of each pre-defined
 population in each of the 17 clusters

Given    Inferred Clusters                                                                                                         Number of
 Pop       1      2      3      4      5      6      7      8      9     10     11     12     13     14     15     16     17      Individuals

  1:     0.259  0.013  0.020  0.023  0.286  0.015  0.012  0.018  0.014  0.101  0.016  0.068  0.012  0.026  0.025  0.009  0.081        1
  2:     0.008  0.439  0.009  0.008  0.008  0.008  0.005  0.006  0.460  0.007  0.005  0.005  0.005  0.008  0.005  0.004  0.010        4
  3:     0.016  0.008  0.017  0.013  0.023  0.771  0.006  0.008  0.010  0.027  0.016  0.012  0.019  0.011  0.004  0.011  0.029        4
  4:     0.075  0.006  0.007  0.017  0.051  0.037  0.532  0.011  0.011  0.123  0.009  0.016  0.005  0.011  0.008  0.004  0.075        5
  5:     0.060  0.140  0.125  0.031  0.066  0.132  0.029  0.018  0.104  0.063  0.012  0.068  0.014  0.045  0.027  0.016  0.051       71
  6:     0.287  0.004  0.006  0.607  0.005  0.004  0.008  0.006  0.004  0.007  0.030  0.004  0.007  0.004  0.004  0.005  0.008        2
  7:     0.030  0.016  0.008  0.027  0.016  0.010  0.007  0.034  0.016  0.051  0.006  0.005  0.021  0.042  0.626  0.028  0.057        5
  8:     0.062  0.010  0.054  0.075  0.112  0.013  0.052  0.202  0.011  0.074  0.080  0.008  0.041  0.079  0.015  0.016  0.099       10
  9:     0.023  0.016  0.026  0.040  0.016  0.079  0.113  0.409  0.014  0.032  0.047  0.011  0.050  0.048  0.010  0.017  0.049        8
 10:     0.039  0.111  0.006  0.042  0.048  0.012  0.111  0.016  0.021  0.041  0.023  0.013  0.312  0.056  0.041  0.042  0.066        9
 11:     0.022  0.011  0.011  0.041  0.020  0.013  0.029  0.006  0.038  0.016  0.029  0.037  0.082  0.040  0.005  0.559  0.042        3
 12:     0.028  0.007  0.011  0.023  0.076  0.037  0.009  0.029  0.009  0.026  0.030  0.025  0.009  0.025  0.602  0.006  0.049        1
 13:     0.056  0.029  0.010  0.041  0.050  0.006  0.008  0.008  0.016  0.084  0.023  0.007  0.518  0.018  0.050  0.021  0.055        3
 14:     0.190  0.014  0.007  0.211  0.010  0.004  0.042  0.036  0.023  0.233  0.006  0.006  0.007  0.033  0.028  0.005  0.146        1
 15:     0.006  0.004  0.022  0.007  0.005  0.005  0.004  0.005  0.004  0.006  0.004  0.004  0.004  0.005  0.005  0.905  0.005        2
 16:     0.117  0.025  0.030  0.246  0.038  0.009  0.008  0.027  0.035  0.214  0.015  0.010  0.131  0.018  0.027  0.012  0.037        4
 17:     0.006  0.005  0.004  0.006  0.006  0.006  0.004  0.004  0.005  0.006  0.887  0.038  0.006  0.005  0.003  0.004  0.006        3
--------------------------------------------

Allele-freq. divergence among pops (Net nucleotide distance),
computed using point estimates of P.

      1       2       3       4       5       6       7       8       9      10      11      12      13      14      15      16      17      
 1      -    0.1396  0.1128  0.0231  0.0215  0.1252  0.1119  0.0561  0.1080  0.0074  0.0922  0.1259  0.1020  0.0581  0.1848  0.1606  0.0082  
 2   0.1396     -    0.2811  0.1558  0.1485  0.2564  0.1869  0.1739  0.1300  0.1448  0.2403  0.2882  0.2247  0.1724  0.3350  0.2469  0.1280  
 3   0.1128  0.2811     -    0.1165  0.1478  0.1896  0.2401  0.1664  0.2303  0.1031  0.2418  0.2351  0.1996  0.1709  0.2746  0.1973  0.1171  
 4   0.0231  0.1558  0.1165     -    0.0758  0.1755  0.1130  0.0609  0.1048  0.0195  0.1096  0.1923  0.0764  0.0858  0.1899  0.1505  0.0261  
 5   0.0215  0.1485  0.1478  0.0758     -    0.1058  0.1286  0.0824  0.1306  0.0394  0.0917  0.1095  0.1284  0.0580  0.2185  0.1752  0.0234  
 6   0.1252  0.2564  0.1896  0.1755  0.1058     -    0.2106  0.1412  0.2471  0.1408  0.1322  0.1604  0.1737  0.1507  0.3821  0.3253  0.1117  
 7   0.1119  0.1869  0.2401  0.1130  0.1286  0.2106     -    0.1192  0.1656  0.1190  0.1863  0.2373  0.1651  0.0715  0.2518  0.2301  0.0875  
 8   0.0561  0.1739  0.1664  0.0609  0.0824  0.1412  0.1192     -    0.1537  0.0557  0.1378  0.1866  0.1186  0.0760  0.1784  0.1787  0.0428  
 9   0.1080  0.1300  0.2303  0.1048  0.1306  0.2471  0.1656  0.1537     -    0.1011  0.1945  0.2745  0.1505  0.1402  0.2377  0.2036  0.0884  
10   0.0074  0.1448  0.1031  0.0195  0.0394  0.1408  0.1190  0.0557  0.1011     -    0.1080  0.1407  0.0945  0.0606  0.1691  0.1485  0.0085  
11   0.0922  0.2403  0.2418  0.1096  0.0917  0.1322  0.1863  0.1378  0.1945  0.1080     -    0.1762  0.1268  0.1293  0.3464  0.2662  0.0867  
12   0.1259  0.2882  0.2351  0.1923  0.1095  0.1604  0.2373  0.1866  0.2745  0.1407  0.1762     -    0.2648  0.1478  0.3513  0.3045  0.1260  
13   0.1020  0.2247  0.1996  0.0764  0.1284  0.1737  0.1651  0.1186  0.1505  0.0945  0.1268  0.2648     -    0.1178  0.2807  0.1779  0.0820  
14   0.0581  0.1724  0.1709  0.0858  0.0580  0.1507  0.0715  0.0760  0.1402  0.0606  0.1293  0.1478  0.1178     -    0.1940  0.1614  0.0391  
15   0.1848  0.3350  0.2746  0.1899  0.2185  0.3821  0.2518  0.1784  0.2377  0.1691  0.3464  0.3513  0.2807  0.1940     -    0.2748  0.1718  
16   0.1606  0.2469  0.1973  0.1505  0.1752  0.3253  0.2301  0.1787  0.2036  0.1485  0.2662  0.3045  0.1779  0.1614  0.2748     -    0.1385  
17   0.0082  0.1280  0.1171  0.0261  0.0234  0.1117  0.0875  0.0428  0.0884  0.0085  0.0867  0.1260  0.0820  0.0391  0.1718  0.1385     -    

Average distances (expected heterozygosity) between individuals in same cluster:
cluster  1  : 0.4960 
cluster  2  : 0.3133 
cluster  3  : 0.2453 
cluster  4  : 0.5218 
cluster  5  : 0.4783 
cluster  6  : 0.3048 
cluster  7  : 0.5062 
cluster  8  : 0.6126 
cluster  9  : 0.4134 
cluster 10  : 0.4805 
cluster 11  : 0.4378 
cluster 12  : 0.2127 
cluster 13  : 0.4658 
cluster 14  : 0.5419 
cluster 15  : 0.3382 
cluster 16  : 0.4152 
cluster 17  : 0.5623 

--------------------------------------------
Estimated Ln Prob of Data   = -2373.1
Mean value of ln likelihood = -1822.9
Variance of ln likelihood   = 1100.3
Mean value of alpha         = 0.0354

Mean value of Fst_1         = 0.2904
Mean value of Fst_2         = 0.4920
Mean value of Fst_3         = 0.5853
Mean value of Fst_4         = 0.2577
Mean value of Fst_5         = 0.2913
Mean value of Fst_6         = 0.4864
Mean value of Fst_7         = 0.3438
Mean value of Fst_8         = 0.1826
Mean value of Fst_9         = 0.4103
Mean value of Fst_10         = 0.2809
Mean value of Fst_11         = 0.4094
Mean value of Fst_12         = 0.6413
Mean value of Fst_13         = 0.3332
Mean value of Fst_14         = 0.2836
Mean value of Fst_15         = 0.5407
Mean value of Fst_16         = 0.4354
Mean value of Fst_17         = 0.1482


Inferred ancestry of individuals:
        Label (%Miss) Pop:  Inferred clusters
  1 QTo-W-0007   (11)    1 :  0.259 0.013 0.020 0.023 0.286 0.015 0.012 0.018 0.014 0.101 0.016 0.068 0.012 0.026 0.025 0.009 0.081 
  2 QTo-W-0009    (0)    2 :  0.006 0.008 0.023 0.005 0.006 0.017 0.004 0.005 0.888 0.005 0.004 0.004 0.004 0.005 0.005 0.004 0.006 
  3 QTo-W-0010    (0)    2 :  0.013 0.817 0.005 0.016 0.016 0.005 0.008 0.008 0.031 0.010 0.007 0.005 0.007 0.019 0.006 0.005 0.021 
  4 QTo-W-0011    (0)    2 :  0.006 0.010 0.005 0.004 0.006 0.005 0.004 0.004 0.916 0.005 0.005 0.005 0.004 0.004 0.006 0.004 0.006 
  5 QTo-W-0012   (22)    2 :  0.006 0.921 0.004 0.005 0.006 0.005 0.004 0.004 0.007 0.006 0.005 0.004 0.005 0.004 0.003 0.004 0.005 
  6 QTo-W-0020   (22)    3 :  0.004 0.007 0.007 0.004 0.004 0.930 0.004 0.005 0.003 0.004 0.004 0.004 0.005 0.004 0.003 0.003 0.004 
  7 QTo-W-0021   (22)    3 :  0.015 0.005 0.018 0.008 0.012 0.828 0.007 0.009 0.006 0.014 0.013 0.022 0.009 0.010 0.004 0.006 0.014 
  8 QTo-W-0023   (22)    3 :  0.009 0.008 0.033 0.006 0.012 0.851 0.005 0.006 0.007 0.008 0.017 0.010 0.006 0.006 0.004 0.005 0.010 
  9 QTo-W-0024   (11)    3 :  0.035 0.012 0.010 0.036 0.065 0.474 0.007 0.012 0.025 0.083 0.029 0.012 0.055 0.025 0.005 0.030 0.087 
 10 QTo-W-0033    (0)    4 :  0.021 0.009 0.004 0.012 0.006 0.019 0.837 0.008 0.027 0.009 0.005 0.005 0.005 0.011 0.005 0.004 0.012 
 11 QTo-W-0035   (11)    4 :  0.017 0.007 0.005 0.008 0.006 0.006 0.892 0.005 0.007 0.006 0.006 0.006 0.005 0.007 0.006 0.005 0.008 
 12 QTo-W-0036    (0)    4 :  0.010 0.005 0.004 0.005 0.005 0.005 0.922 0.004 0.005 0.005 0.005 0.004 0.004 0.005 0.005 0.004 0.005 
 13 QTo-W-0039   (11)    4 :  0.159 0.005 0.014 0.018 0.151 0.101 0.005 0.009 0.008 0.277 0.016 0.044 0.006 0.013 0.012 0.005 0.155 
 14 QTo-W-0041    (0)    4 :  0.171 0.005 0.009 0.041 0.087 0.057 0.005 0.027 0.007 0.316 0.011 0.024 0.006 0.019 0.014 0.005 0.197 
 15 QTo-W-0044    (0)    5 :  0.008 0.005 0.044 0.011 0.008 0.012 0.023 0.006 0.596 0.011 0.005 0.004 0.121 0.074 0.050 0.007 0.014 
 16 QTo-W-0047    (0)    5 :  0.007 0.016 0.005 0.005 0.010 0.005 0.004 0.004 0.889 0.014 0.005 0.005 0.004 0.008 0.006 0.004 0.008 
 17 QTo-W-0048   (11)    5 :  0.013 0.013 0.006 0.006 0.010 0.006 0.005 0.005 0.885 0.007 0.005 0.006 0.006 0.006 0.009 0.006 0.007 
 18 QTo-W-0049    (0)    5 :  0.007 0.878 0.004 0.006 0.009 0.004 0.007 0.005 0.033 0.007 0.005 0.004 0.006 0.006 0.006 0.004 0.007 
 19 QTo-W-0050   (22)    5 :  0.060 0.033 0.424 0.104 0.013 0.024 0.086 0.019 0.029 0.038 0.009 0.012 0.013 0.026 0.006 0.068 0.037 
 20 QTo-W-0052    (0)    5 :  0.012 0.013 0.005 0.009 0.013 0.005 0.035 0.007 0.010 0.015 0.004 0.010 0.029 0.075 0.734 0.011 0.012 
 21 QTo-W-0054    (0)    5 :  0.005 0.927 0.004 0.005 0.006 0.005 0.004 0.004 0.006 0.005 0.004 0.005 0.004 0.004 0.004 0.004 0.005 
 22 QTo-W-0056    (0)    5 :  0.005 0.908 0.004 0.004 0.005 0.004 0.004 0.004 0.025 0.006 0.004 0.004 0.004 0.005 0.006 0.005 0.005 
 23 QTo-W-0057    (0)    5 :  0.007 0.753 0.004 0.006 0.006 0.004 0.006 0.005 0.160 0.009 0.004 0.004 0.006 0.005 0.009 0.005 0.007 
 24 QTo-W-0058    (0)    5 :  0.005 0.928 0.004 0.005 0.006 0.004 0.004 0.004 0.005 0.005 0.004 0.005 0.004 0.004 0.003 0.004 0.005 
 25 QTo-W-0059    (0)    5 :  0.013 0.549 0.093 0.013 0.014 0.023 0.020 0.011 0.049 0.015 0.006 0.005 0.055 0.063 0.034 0.011 0.025 
 26 QTo-W-0060    (0)    5 :  0.008 0.852 0.004 0.006 0.006 0.006 0.005 0.004 0.063 0.008 0.004 0.005 0.005 0.005 0.006 0.004 0.007 
 27 QTo-W-0061    (0)    5 :  0.058 0.455 0.009 0.036 0.096 0.030 0.006 0.015 0.005 0.080 0.031 0.030 0.011 0.039 0.010 0.007 0.082 
 28 QTo-W-0062   (11)    5 :  0.006 0.913 0.005 0.006 0.006 0.006 0.005 0.004 0.008 0.006 0.005 0.006 0.005 0.005 0.004 0.005 0.006 
 29 QTo-W-0065   (11)    5 :  0.026 0.707 0.009 0.009 0.043 0.047 0.005 0.011 0.007 0.016 0.029 0.038 0.013 0.013 0.003 0.006 0.018 
 30 QTo-W-0067    (0)    5 :  0.024 0.742 0.009 0.009 0.023 0.029 0.007 0.007 0.036 0.025 0.012 0.028 0.006 0.011 0.007 0.004 0.022 
 31 QTo-W-0071    (0)    5 :  0.185 0.006 0.012 0.075 0.020 0.017 0.005 0.012 0.012 0.373 0.012 0.017 0.006 0.014 0.005 0.011 0.218 
 32 QTo-W-0072    (0)    5 :  0.018 0.004 0.599 0.009 0.024 0.223 0.006 0.013 0.003 0.014 0.008 0.016 0.022 0.010 0.009 0.005 0.017 
 33 QTo-W-0075    (0)    5 :  0.012 0.005 0.059 0.007 0.022 0.783 0.005 0.007 0.006 0.023 0.005 0.014 0.008 0.010 0.010 0.010 0.014 
 34 QTo-W-0076   (11)    5 :  0.012 0.008 0.015 0.012 0.014 0.779 0.010 0.011 0.012 0.019 0.016 0.009 0.035 0.009 0.004 0.009 0.026 
 35 QTo-W-0077   (11)    5 :  0.068 0.026 0.051 0.019 0.087 0.285 0.011 0.013 0.321 0.025 0.013 0.021 0.008 0.015 0.004 0.005 0.029 
 36 QTo-W-0079    (0)    5 :  0.004 0.005 0.005 0.003 0.004 0.940 0.003 0.005 0.003 0.004 0.004 0.005 0.004 0.004 0.003 0.003 0.004 
 37 QTo-W-0080   (11)    5 :  0.072 0.112 0.007 0.077 0.056 0.151 0.011 0.081 0.008 0.145 0.023 0.017 0.030 0.083 0.010 0.006 0.111 
 38 QTo-W-0081   (11)    5 :  0.012 0.007 0.006 0.008 0.021 0.828 0.011 0.007 0.007 0.011 0.016 0.012 0.020 0.008 0.004 0.005 0.018 
 39 QTo-W-0082    (0)    5 :  0.031 0.014 0.009 0.015 0.009 0.736 0.005 0.022 0.007 0.068 0.011 0.008 0.013 0.008 0.003 0.007 0.034 
 40 QTo-W-0087    (0)    5 :  0.006 0.008 0.020 0.004 0.007 0.898 0.004 0.005 0.005 0.006 0.007 0.006 0.005 0.005 0.003 0.004 0.006 
 41 QTo-W-0088   (11)    5 :  0.008 0.012 0.008 0.006 0.011 0.887 0.004 0.006 0.008 0.007 0.007 0.008 0.006 0.006 0.004 0.004 0.007 
 42 QTo-W-0089   (11)    5 :  0.008 0.004 0.007 0.006 0.010 0.880 0.010 0.006 0.005 0.008 0.007 0.011 0.009 0.007 0.004 0.004 0.015 
 43 QTo-W-0090    (0)    5 :  0.021 0.006 0.008 0.013 0.014 0.743 0.023 0.008 0.031 0.029 0.011 0.010 0.013 0.022 0.003 0.005 0.040 
 44 QTo-W-0093   (11)    5 :  0.047 0.035 0.211 0.060 0.039 0.236 0.005 0.020 0.024 0.107 0.012 0.009 0.032 0.028 0.012 0.040 0.082 
 45 QTo-W-0098    (0)    5 :  0.014 0.011 0.856 0.008 0.015 0.008 0.004 0.006 0.010 0.009 0.006 0.008 0.008 0.007 0.006 0.014 0.009 
 46 QTo-W-0101   (11)    5 :  0.021 0.017 0.793 0.011 0.024 0.011 0.005 0.009 0.013 0.015 0.008 0.012 0.011 0.010 0.009 0.017 0.015 
 47 QTo-W-0114    (0)    5 :  0.008 0.004 0.892 0.006 0.009 0.013 0.004 0.005 0.004 0.008 0.006 0.012 0.005 0.006 0.005 0.005 0.007 
 48 QTo-W-0116   (11)    5 :  0.006 0.005 0.910 0.007 0.006 0.006 0.004 0.004 0.006 0.006 0.005 0.005 0.007 0.005 0.005 0.010 0.005 
 49 QTo-W-0117   (22)    5 :  0.007 0.007 0.886 0.009 0.007 0.008 0.005 0.006 0.007 0.010 0.006 0.008 0.007 0.006 0.005 0.009 0.007 
 50 QTo-W-0118    (0)    5 :  0.005 0.004 0.930 0.005 0.004 0.005 0.003 0.004 0.004 0.005 0.003 0.005 0.005 0.004 0.004 0.006 0.005 
 51 QTo-W-0121   (11)    5 :  0.008 0.006 0.831 0.009 0.010 0.035 0.005 0.006 0.026 0.013 0.006 0.006 0.009 0.008 0.004 0.007 0.011 
 52 QTo-W-0124   (11)    5 :  0.007 0.057 0.005 0.009 0.006 0.004 0.009 0.005 0.852 0.008 0.006 0.004 0.006 0.005 0.004 0.006 0.007 
 53 QTo-W-0128    (0)    5 :  0.007 0.035 0.004 0.006 0.005 0.006 0.006 0.004 0.887 0.007 0.006 0.004 0.005 0.004 0.004 0.004 0.006 
 54 QTo-W-0129    (0)    5 :  0.008 0.030 0.004 0.012 0.007 0.005 0.006 0.006 0.864 0.012 0.005 0.004 0.009 0.008 0.004 0.005 0.012 
 55 QTo-W-0131   (11)    5 :  0.046 0.044 0.006 0.123 0.067 0.036 0.060 0.030 0.019 0.095 0.021 0.014 0.019 0.201 0.004 0.011 0.204 
 56 QTo-W-0133   (11)    5 :  0.123 0.016 0.009 0.027 0.258 0.015 0.011 0.010 0.033 0.067 0.016 0.026 0.011 0.019 0.117 0.200 0.043 
 57 QTo-W-0137    (0)    5 :  0.168 0.007 0.075 0.061 0.021 0.028 0.005 0.015 0.018 0.317 0.025 0.009 0.012 0.041 0.007 0.017 0.173 
 58 QTo-W-0138    (0)    5 :  0.061 0.199 0.005 0.114 0.028 0.003 0.011 0.012 0.154 0.182 0.007 0.028 0.022 0.019 0.012 0.009 0.133 
 59 QTo-W-0139    (0)    5 :  0.007 0.005 0.005 0.005 0.008 0.005 0.412 0.006 0.007 0.009 0.005 0.018 0.007 0.470 0.020 0.005 0.008 
 60 QTo-W-0140   (22)    5 :  0.006 0.005 0.005 0.005 0.006 0.006 0.448 0.006 0.005 0.006 0.005 0.007 0.005 0.469 0.005 0.005 0.006 
 61 QTo-W-0142    (0)    5 :  0.008 0.004 0.005 0.004 0.009 0.009 0.404 0.006 0.003 0.008 0.007 0.031 0.008 0.476 0.005 0.005 0.008 
 62 QTo-W-0144    (0)    5 :  0.180 0.208 0.007 0.119 0.155 0.007 0.020 0.014 0.012 0.055 0.014 0.010 0.009 0.052 0.006 0.073 0.060 
 63 QTo-W-0149   (22)    5 :  0.008 0.005 0.006 0.005 0.009 0.008 0.005 0.005 0.005 0.007 0.124 0.787 0.004 0.007 0.004 0.005 0.006 
 64 QTo-W-0151   (11)    5 :  0.016 0.013 0.005 0.008 0.021 0.031 0.005 0.015 0.004 0.015 0.007 0.824 0.005 0.010 0.006 0.005 0.010 
 65 QTo-W-0153   (22)    5 :  0.006 0.005 0.006 0.004 0.007 0.007 0.005 0.005 0.004 0.005 0.006 0.918 0.004 0.005 0.004 0.004 0.005 
 66 QTo-W-0154    (0)    5 :  0.025 0.004 0.021 0.013 0.025 0.010 0.008 0.010 0.004 0.031 0.010 0.749 0.013 0.029 0.012 0.010 0.028 
 67 QTo-W-0159   (11)    5 :  0.173 0.015 0.032 0.047 0.122 0.007 0.007 0.012 0.007 0.291 0.011 0.017 0.015 0.018 0.036 0.017 0.173 
 68 QTo-W-0161   (11)    5 :  0.043 0.004 0.022 0.026 0.021 0.007 0.009 0.020 0.005 0.047 0.008 0.705 0.007 0.027 0.010 0.008 0.032 
 69 QTo-W-0162    (0)    5 :  0.075 0.004 0.179 0.105 0.022 0.019 0.013 0.072 0.004 0.110 0.007 0.030 0.020 0.145 0.011 0.047 0.135 
 70 QTo-W-0163   (11)    5 :  0.081 0.027 0.006 0.028 0.142 0.199 0.016 0.211 0.006 0.049 0.036 0.020 0.020 0.056 0.013 0.012 0.079 
 71 QTo-W-0167   (11)    5 :  0.091 0.011 0.259 0.147 0.019 0.020 0.032 0.028 0.070 0.073 0.008 0.009 0.008 0.027 0.114 0.020 0.064 
 72 QTo-W-0170    (0)    5 :  0.153 0.007 0.036 0.075 0.017 0.008 0.009 0.025 0.019 0.337 0.009 0.009 0.020 0.021 0.083 0.019 0.154 
 73 QTo-W-0171   (22)    5 :  0.113 0.069 0.013 0.154 0.018 0.012 0.033 0.028 0.026 0.230 0.018 0.018 0.017 0.039 0.006 0.043 0.163 
 74 QTo-W-0172   (22)    5 :  0.042 0.007 0.075 0.114 0.019 0.007 0.053 0.023 0.008 0.104 0.010 0.009 0.023 0.188 0.083 0.082 0.152 
 75 QTo-W-0173   (11)    5 :  0.185 0.008 0.021 0.052 0.036 0.009 0.006 0.013 0.014 0.359 0.014 0.020 0.009 0.015 0.042 0.006 0.193 
 76 QTo-W-0174    (0)    5 :  0.197 0.013 0.229 0.016 0.268 0.041 0.008 0.013 0.009 0.058 0.009 0.027 0.009 0.017 0.024 0.007 0.054 
 77 QTo-W-0175    (0)    5 :  0.125 0.064 0.007 0.162 0.072 0.012 0.010 0.009 0.012 0.208 0.019 0.032 0.015 0.040 0.004 0.011 0.196 
 78 QTo-W-0182   (22)    5 :  0.008 0.008 0.007 0.008 0.008 0.007 0.005 0.006 0.885 0.008 0.008 0.005 0.011 0.006 0.005 0.005 0.009 
 79 QTo-W-0184    (0)    5 :  0.090 0.011 0.032 0.064 0.127 0.037 0.041 0.226 0.014 0.074 0.009 0.022 0.085 0.054 0.032 0.007 0.072 
 80 QTo-W-0188    (0)    5 :  0.117 0.017 0.013 0.049 0.074 0.005 0.006 0.014 0.013 0.215 0.006 0.006 0.008 0.033 0.194 0.072 0.159 
 81 QTo-W-0192   (11)    5 :  0.356 0.010 0.008 0.007 0.515 0.009 0.004 0.005 0.024 0.010 0.007 0.012 0.005 0.007 0.005 0.005 0.010 
 82 QTo-W-0193    (0)    5 :  0.354 0.023 0.007 0.008 0.516 0.006 0.004 0.006 0.005 0.010 0.007 0.012 0.006 0.009 0.005 0.004 0.017 
 83 QTo-W-0194    (0)    5 :  0.365 0.017 0.005 0.006 0.524 0.006 0.004 0.004 0.015 0.009 0.006 0.009 0.004 0.007 0.004 0.004 0.011 
 84 QTo-W-0196   (11)    5 :  0.103 0.009 0.014 0.014 0.431 0.021 0.006 0.011 0.006 0.126 0.026 0.034 0.014 0.020 0.017 0.021 0.128 
 85 QTo-W-0197    (0)    5 :  0.087 0.006 0.012 0.012 0.394 0.097 0.005 0.008 0.012 0.131 0.015 0.021 0.014 0.020 0.012 0.016 0.139 
 86 QTo-W-0200   (11)    6 :  0.288 0.004 0.006 0.607 0.005 0.004 0.007 0.006 0.004 0.007 0.030 0.004 0.008 0.005 0.004 0.004 0.008 
 87 QTo-W-0201   (22)    6 :  0.285 0.004 0.006 0.608 0.005 0.003 0.008 0.006 0.004 0.007 0.030 0.004 0.007 0.004 0.004 0.005 0.008 
 88 QTo-W-0205    (0)    7 :  0.004 0.003 0.004 0.004 0.004 0.003 0.003 0.004 0.003 0.004 0.003 0.003 0.003 0.004 0.941 0.005 0.004 
 89 QTo-W-0208    (0)    7 :  0.041 0.062 0.011 0.058 0.032 0.036 0.014 0.126 0.060 0.071 0.018 0.008 0.090 0.105 0.142 0.015 0.110 
 90 QTo-W-0211    (0)    7 :  0.092 0.009 0.014 0.064 0.036 0.004 0.010 0.031 0.005 0.166 0.004 0.006 0.005 0.094 0.191 0.111 0.158 
 91 QTo-W-0212   (11)    7 :  0.005 0.005 0.004 0.004 0.005 0.003 0.004 0.004 0.005 0.005 0.003 0.003 0.004 0.004 0.935 0.004 0.004 
 92 QTo-W-0213    (0)    7 :  0.006 0.004 0.004 0.006 0.005 0.003 0.004 0.007 0.004 0.011 0.003 0.003 0.003 0.004 0.922 0.004 0.007 
 93 QTo-W-0216   (11)    8 :  0.065 0.008 0.005 0.010 0.382 0.007 0.005 0.006 0.009 0.008 0.335 0.007 0.013 0.006 0.005 0.006 0.123 
 94 QTo-W-0220    (0)    8 :  0.064 0.008 0.005 0.013 0.378 0.006 0.005 0.012 0.016 0.009 0.321 0.006 0.013 0.010 0.004 0.005 0.125 
 95 QTo-W-0224   (11)    8 :  0.056 0.023 0.015 0.096 0.028 0.009 0.049 0.032 0.027 0.149 0.013 0.007 0.227 0.094 0.006 0.058 0.110 
 96 QTo-W-0225   (11)    8 :  0.010 0.017 0.005 0.009 0.008 0.010 0.004 0.850 0.007 0.018 0.007 0.005 0.007 0.007 0.019 0.004 0.012 
 97 QTo-W-0227   (11)    8 :  0.117 0.007 0.007 0.081 0.256 0.017 0.065 0.034 0.011 0.023 0.059 0.010 0.095 0.041 0.005 0.027 0.144 
 98 QTo-W-0229    (0)    8 :  0.011 0.008 0.004 0.013 0.005 0.045 0.004 0.851 0.003 0.009 0.009 0.006 0.010 0.007 0.004 0.003 0.009 
 99 QTo-W-0231    (0)    8 :  0.022 0.005 0.003 0.156 0.006 0.006 0.089 0.048 0.010 0.057 0.017 0.003 0.007 0.324 0.031 0.005 0.210 
100 QTo-W-0238   (22)    8 :  0.146 0.007 0.023 0.163 0.017 0.008 0.017 0.061 0.007 0.298 0.013 0.015 0.020 0.034 0.035 0.013 0.119 
101 QTo-W-0240    (0)    8 :  0.110 0.009 0.016 0.189 0.015 0.006 0.207 0.034 0.013 0.132 0.013 0.011 0.012 0.101 0.022 0.007 0.105 
102 QTo-W-0242    (0)    8 :  0.023 0.003 0.460 0.018 0.023 0.010 0.072 0.086 0.004 0.033 0.008 0.011 0.008 0.162 0.016 0.029 0.034 
103 QTo-W-0244    (0)    9 :  0.031 0.003 0.050 0.080 0.009 0.008 0.603 0.022 0.004 0.045 0.009 0.006 0.067 0.017 0.010 0.016 0.020 
104 QTo-W-0245   (11)    9 :  0.042 0.005 0.010 0.076 0.012 0.011 0.181 0.415 0.011 0.056 0.006 0.013 0.031 0.055 0.010 0.013 0.054 
105 QTo-W-0251    (0)    9 :  0.030 0.004 0.085 0.015 0.048 0.321 0.005 0.009 0.004 0.023 0.327 0.010 0.010 0.014 0.011 0.054 0.030 
106 QTo-W-0253    (0)    9 :  0.011 0.003 0.020 0.018 0.011 0.019 0.005 0.791 0.004 0.019 0.007 0.005 0.030 0.017 0.007 0.005 0.026 
107 QTo-W-0256   (11)    9 :  0.018 0.070 0.008 0.054 0.013 0.079 0.030 0.387 0.068 0.039 0.010 0.007 0.052 0.068 0.007 0.006 0.086 
108 QTo-W-0258    (0)    9 :  0.023 0.032 0.004 0.053 0.008 0.172 0.043 0.204 0.009 0.050 0.010 0.008 0.202 0.091 0.004 0.006 0.082 
109 QTo-W-0259    (0)    9 :  0.010 0.005 0.025 0.009 0.010 0.016 0.024 0.757 0.004 0.011 0.004 0.028 0.003 0.045 0.009 0.012 0.028 
110 QTo-W-0260   (22)    9 :  0.016 0.005 0.010 0.012 0.017 0.006 0.014 0.689 0.005 0.014 0.005 0.012 0.004 0.078 0.024 0.025 0.066 
111 QTo-W-0274   (11)   10 :  0.011 0.005 0.006 0.015 0.013 0.010 0.004 0.027 0.006 0.016 0.013 0.005 0.826 0.013 0.004 0.005 0.019 
112 QTo-W-0275    (0)   10 :  0.075 0.239 0.007 0.068 0.079 0.005 0.067 0.008 0.033 0.034 0.087 0.042 0.021 0.051 0.010 0.120 0.054 
113 QTo-W-0278    (0)   10 :  0.120 0.008 0.007 0.050 0.240 0.039 0.033 0.022 0.007 0.047 0.027 0.026 0.097 0.040 0.077 0.112 0.049 
114 QTo-W-0283   (11)   10 :  0.022 0.036 0.006 0.036 0.021 0.014 0.438 0.017 0.022 0.039 0.007 0.006 0.019 0.100 0.115 0.008 0.093 
115 QTo-W-0284    (0)   10 :  0.018 0.019 0.007 0.037 0.016 0.009 0.382 0.017 0.016 0.041 0.036 0.006 0.020 0.127 0.127 0.010 0.114 
116 QTo-W-0287   (22)   10 :  0.007 0.007 0.005 0.008 0.007 0.011 0.011 0.006 0.008 0.007 0.009 0.004 0.886 0.008 0.004 0.004 0.008 
117 QTo-W-0289   (22)   10 :  0.006 0.007 0.007 0.008 0.007 0.008 0.005 0.005 0.007 0.007 0.008 0.005 0.895 0.006 0.005 0.006 0.006 
118 QTo-W-0293    (0)   10 :  0.046 0.016 0.006 0.136 0.009 0.004 0.015 0.019 0.080 0.151 0.012 0.014 0.040 0.116 0.005 0.098 0.234 
119 QTo-W-0295   (11)   10 :  0.046 0.661 0.004 0.024 0.042 0.007 0.046 0.019 0.008 0.023 0.009 0.008 0.008 0.046 0.017 0.012 0.020 
120 QTo-W-0296   (11)   11 :  0.011 0.010 0.010 0.008 0.013 0.006 0.005 0.005 0.007 0.009 0.006 0.056 0.010 0.008 0.004 0.822 0.009 
121 QTo-W-0298    (0)   11 :  0.007 0.007 0.009 0.006 0.013 0.005 0.005 0.004 0.006 0.007 0.005 0.048 0.013 0.009 0.005 0.843 0.008 
122 QTo-W-0300   (11)   11 :  0.048 0.017 0.014 0.108 0.034 0.027 0.076 0.008 0.101 0.033 0.075 0.007 0.222 0.102 0.006 0.014 0.109 
123 QTo-W-0302    (0)   12 :  0.028 0.007 0.011 0.023 0.076 0.037 0.009 0.029 0.009 0.026 0.030 0.025 0.009 0.025 0.602 0.006 0.049 
124 QTo-W-0305    (0)   13 :  0.014 0.005 0.006 0.013 0.021 0.006 0.012 0.005 0.007 0.010 0.026 0.004 0.786 0.017 0.006 0.016 0.045 
125 QTo-W-0308   (11)   13 :  0.019 0.007 0.009 0.014 0.023 0.007 0.006 0.007 0.009 0.019 0.036 0.006 0.735 0.017 0.006 0.026 0.053 
126 QTo-W-0309   (11)   13 :  0.134 0.076 0.016 0.096 0.107 0.004 0.006 0.011 0.030 0.224 0.007 0.010 0.034 0.020 0.138 0.020 0.066 
127 QTo-W-0311    (0)   14 :  0.190 0.014 0.007 0.211 0.010 0.004 0.042 0.036 0.023 0.233 0.006 0.006 0.007 0.033 0.028 0.005 0.146 
128 QTo-W-0312    (0)   15 :  0.006 0.003 0.038 0.007 0.005 0.007 0.004 0.005 0.004 0.005 0.004 0.003 0.005 0.005 0.005 0.891 0.005 
129 QTo-W-0315   (11)   15 :  0.007 0.004 0.006 0.008 0.005 0.003 0.005 0.005 0.005 0.006 0.004 0.004 0.004 0.005 0.005 0.919 0.005 
130 QTo-W-0318    (0)   16 :  0.112 0.014 0.027 0.304 0.024 0.004 0.006 0.009 0.006 0.192 0.015 0.006 0.197 0.014 0.031 0.016 0.023 
131 QTo-W-0322   (11)   16 :  0.107 0.009 0.029 0.341 0.019 0.005 0.009 0.011 0.008 0.194 0.022 0.005 0.182 0.010 0.016 0.012 0.019 
132 QTo-W-0326   (22)   16 :  0.122 0.030 0.044 0.182 0.048 0.008 0.009 0.022 0.092 0.229 0.014 0.011 0.077 0.019 0.030 0.011 0.050 
133 QTo-W-0327   (11)   16 :  0.127 0.045 0.020 0.157 0.061 0.018 0.007 0.066 0.033 0.242 0.011 0.019 0.068 0.030 0.032 0.009 0.055 
134 QTo-W-0328    (0)   17 :  0.006 0.005 0.004 0.006 0.006 0.006 0.004 0.004 0.004 0.006 0.825 0.103 0.006 0.005 0.003 0.004 0.006 
135 QTo-W-0329    (0)   17 :  0.005 0.004 0.004 0.006 0.005 0.006 0.004 0.004 0.004 0.005 0.929 0.005 0.006 0.004 0.003 0.003 0.005 
136 QTo-W-0330   (11)   17 :  0.007 0.005 0.005 0.007 0.007 0.008 0.005 0.005 0.006 0.007 0.907 0.007 0.007 0.005 0.003 0.004 0.006 


Estimated Allele Frequencies in each cluster
First column gives estimated ancestral frequencies


Locus 1 : 
4 alleles
0.7% missing data
 149   (0.841) 0.962 0.993 0.994 0.937 0.969 0.993 0.935 0.437 0.988 0.951 0.975 0.991 0.974 0.899 0.209 0.592 0.897 
 147   (0.063) 0.014 0.003 0.003 0.023 0.012 0.003 0.013 0.098 0.005 0.015 0.010 0.004 0.010 0.041 0.246 0.390 0.036 
 155   (0.058) 0.016 0.002 0.002 0.026 0.012 0.002 0.043 0.019 0.005 0.023 0.009 0.003 0.009 0.039 0.542 0.012 0.044 
 161   (0.038) 0.009 0.002 0.001 0.014 0.007 0.002 0.009 0.445 0.003 0.011 0.006 0.002 0.007 0.022 0.003 0.006 0.023 

Locus 2 : 
6 alleles
12.5% missing data
 179   (0.367) 0.544 0.063 0.235 0.209 0.797 0.967 0.140 0.386 0.036 0.402 0.879 0.946 0.377 0.511 0.030 0.069 0.447 
 176   (0.148) 0.098 0.160 0.012 0.116 0.049 0.007 0.079 0.072 0.565 0.138 0.025 0.012 0.052 0.180 0.928 0.032 0.140 
 173   (0.258) 0.193 0.745 0.015 0.300 0.084 0.016 0.697 0.265 0.377 0.204 0.052 0.022 0.122 0.174 0.020 0.060 0.249 
 164   (0.028) 0.008 0.023 0.001 0.013 0.007 0.001 0.005 0.012 0.004 0.008 0.005 0.002 0.007 0.015 0.002 0.004 0.016 
 182   (0.148) 0.135 0.007 0.735 0.330 0.040 0.007 0.067 0.071 0.013 0.225 0.030 0.013 0.328 0.093 0.016 0.827 0.116 
 170   (0.050) 0.021 0.002 0.003 0.032 0.022 0.003 0.011 0.194 0.004 0.023 0.008 0.005 0.115 0.027 0.004 0.007 0.032 

Locus 3 : 
17 alleles
0.0% missing data
 220   (0.164) 0.146 0.103 0.009 0.117 0.237 0.008 0.307 0.109 0.438 0.143 0.091 0.016 0.204 0.097 0.531 0.053 0.164 
 222   (0.173) 0.195 0.018 0.013 0.167 0.092 0.221 0.165 0.263 0.016 0.291 0.355 0.151 0.189 0.363 0.019 0.224 0.233 
 218   (0.174) 0.213 0.675 0.008 0.212 0.318 0.171 0.060 0.122 0.435 0.184 0.421 0.016 0.288 0.094 0.020 0.030 0.157 
 226   (0.064) 0.024 0.006 0.935 0.031 0.023 0.566 0.010 0.106 0.074 0.023 0.015 0.005 0.018 0.037 0.008 0.011 0.038 
 258   (0.064) 0.052 0.004 0.003 0.057 0.028 0.008 0.012 0.024 0.007 0.095 0.015 0.006 0.015 0.041 0.019 0.280 0.100 
 224   (0.056) 0.077 0.003 0.011 0.158 0.012 0.002 0.307 0.031 0.006 0.020 0.013 0.004 0.010 0.032 0.008 0.204 0.036 
 228   (0.075) 0.107 0.007 0.009 0.056 0.130 0.014 0.013 0.026 0.007 0.177 0.045 0.012 0.015 0.042 0.376 0.035 0.130 
 256   (0.021) 0.005 0.176 0.001 0.007 0.006 0.001 0.003 0.006 0.002 0.004 0.003 0.001 0.003 0.010 0.001 0.003 0.012 
 264   (0.026) 0.005 0.001 0.001 0.008 0.005 0.001 0.078 0.007 0.002 0.005 0.004 0.002 0.004 0.174 0.002 0.003 0.012 
 230   (0.026) 0.006 0.001 0.001 0.007 0.005 0.001 0.003 0.007 0.002 0.006 0.004 0.774 0.004 0.014 0.002 0.126 0.014 
 260   (0.035) 0.016 0.001 0.004 0.028 0.008 0.002 0.018 0.018 0.003 0.018 0.007 0.003 0.006 0.026 0.003 0.007 0.028 
 262   (0.016) 0.005 0.001 0.002 0.007 0.004 0.001 0.005 0.006 0.001 0.007 0.003 0.001 0.003 0.013 0.004 0.006 0.013 
 234   (0.023) 0.073 0.001 0.001 0.007 0.099 0.001 0.003 0.006 0.002 0.005 0.003 0.002 0.003 0.010 0.001 0.003 0.011 
 232   (0.026) 0.061 0.001 0.001 0.116 0.020 0.001 0.005 0.009 0.002 0.008 0.010 0.002 0.008 0.013 0.002 0.004 0.018 
 250   (0.016) 0.003 0.001 0.001 0.004 0.003 0.001 0.002 0.166 0.001 0.003 0.002 0.001 0.002 0.010 0.001 0.002 0.009 
 216   (0.020) 0.005 0.001 0.001 0.006 0.005 0.001 0.003 0.087 0.002 0.004 0.003 0.002 0.003 0.014 0.003 0.005 0.014 
 266   (0.022) 0.006 0.001 0.001 0.010 0.005 0.001 0.004 0.006 0.002 0.005 0.006 0.001 0.225 0.011 0.001 0.003 0.013 

Locus 4 : 
2 alleles
1.5% missing data
 137   (0.977) 0.987 0.999 0.999 0.993 0.933 0.999 0.997 0.994 0.998 0.995 0.948 0.999 0.996 0.989 0.998 0.997 0.972 
 139   (0.023) 0.013 0.001 0.001 0.007 0.067 0.001 0.003 0.006 0.002 0.005 0.052 0.001 0.004 0.011 0.002 0.003 0.028 

Locus 5 : 
17 alleles
11.8% missing data
 187   (0.295) 0.621 0.015 0.729 0.660 0.348 0.018 0.162 0.555 0.034 0.619 0.063 0.208 0.196 0.194 0.834 0.055 0.400 
 243   (0.037) 0.059 0.002 0.002 0.013 0.077 0.003 0.006 0.011 0.432 0.009 0.006 0.002 0.009 0.016 0.003 0.004 0.020 
 203   (0.084) 0.021 0.935 0.007 0.037 0.026 0.375 0.014 0.228 0.010 0.034 0.016 0.006 0.040 0.048 0.008 0.011 0.053 
 201   (0.109) 0.057 0.007 0.047 0.056 0.108 0.433 0.028 0.049 0.339 0.098 0.029 0.012 0.076 0.058 0.009 0.016 0.116 
 197   (0.070) 0.031 0.003 0.003 0.028 0.059 0.144 0.534 0.023 0.006 0.020 0.017 0.005 0.233 0.041 0.006 0.010 0.063 
 195   (0.061) 0.015 0.006 0.006 0.021 0.015 0.004 0.196 0.025 0.031 0.019 0.011 0.005 0.333 0.467 0.092 0.009 0.042 
 247   (0.019) 0.004 0.001 0.001 0.006 0.006 0.001 0.003 0.005 0.103 0.006 0.003 0.001 0.005 0.013 0.001 0.002 0.010 
 235   (0.033) 0.021 0.002 0.003 0.017 0.011 0.005 0.005 0.015 0.004 0.033 0.009 0.003 0.010 0.016 0.003 0.005 0.029 
 249   (0.028) 0.006 0.001 0.187 0.009 0.006 0.001 0.004 0.008 0.002 0.006 0.004 0.002 0.006 0.012 0.002 0.003 0.014 
 199   (0.040) 0.048 0.004 0.003 0.027 0.088 0.005 0.009 0.013 0.004 0.020 0.033 0.005 0.025 0.018 0.010 0.842 0.026 
 245   (0.026) 0.030 0.013 0.001 0.042 0.016 0.001 0.005 0.008 0.010 0.064 0.006 0.010 0.011 0.011 0.002 0.004 0.053 
 219   (0.046) 0.011 0.003 0.002 0.017 0.012 0.002 0.009 0.013 0.004 0.013 0.136 0.710 0.012 0.022 0.003 0.008 0.025 
 217   (0.018) 0.004 0.001 0.001 0.006 0.004 0.001 0.003 0.005 0.002 0.006 0.538 0.018 0.005 0.009 0.001 0.002 0.009 
 229   (0.029) 0.027 0.002 0.002 0.009 0.036 0.001 0.004 0.008 0.003 0.007 0.005 0.002 0.007 0.014 0.002 0.004 0.015 
 215   (0.043) 0.030 0.002 0.002 0.015 0.175 0.003 0.006 0.014 0.004 0.010 0.115 0.004 0.012 0.023 0.020 0.005 0.071 
 205   (0.028) 0.006 0.001 0.001 0.014 0.006 0.001 0.008 0.010 0.003 0.010 0.005 0.002 0.007 0.016 0.002 0.003 0.016 
 227   (0.034) 0.011 0.002 0.002 0.023 0.008 0.002 0.006 0.011 0.009 0.026 0.006 0.003 0.013 0.022 0.002 0.017 0.038 

Locus 6 : 
25 alleles
30.9% missing data
 214   (0.068) 0.028 0.119 0.004 0.038 0.070 0.006 0.025 0.028 0.212 0.033 0.045 0.008 0.025 0.047 0.007 0.019 0.061 
 222   (0.046) 0.069 0.087 0.004 0.056 0.017 0.027 0.096 0.018 0.501 0.097 0.014 0.008 0.012 0.030 0.006 0.012 0.075 
 206   (0.059) 0.155 0.371 0.007 0.035 0.188 0.008 0.016 0.031 0.008 0.063 0.018 0.012 0.013 0.036 0.025 0.046 0.070 
 218   (0.090) 0.175 0.366 0.006 0.118 0.180 0.011 0.024 0.038 0.014 0.187 0.025 0.133 0.061 0.056 0.089 0.036 0.091 
 216   (0.067) 0.035 0.004 0.008 0.039 0.041 0.407 0.015 0.327 0.008 0.050 0.020 0.121 0.026 0.043 0.033 0.019 0.056 
 208   (0.033) 0.016 0.002 0.002 0.021 0.015 0.212 0.104 0.048 0.004 0.016 0.008 0.005 0.012 0.017 0.004 0.008 0.022 
 238   (0.035) 0.016 0.002 0.541 0.016 0.011 0.167 0.008 0.013 0.004 0.023 0.017 0.005 0.007 0.019 0.004 0.117 0.026 
 204   (0.010) 0.003 0.000 0.001 0.006 0.002 0.001 0.361 0.004 0.001 0.004 0.003 0.001 0.002 0.003 0.001 0.002 0.004 
 234   (0.040) 0.044 0.003 0.003 0.028 0.019 0.008 0.010 0.077 0.005 0.082 0.011 0.006 0.010 0.021 0.135 0.013 0.056 
 242   (0.045) 0.101 0.002 0.003 0.187 0.016 0.005 0.010 0.071 0.005 0.046 0.015 0.006 0.009 0.022 0.005 0.010 0.045 
 210   (0.160) 0.127 0.012 0.401 0.117 0.263 0.053 0.143 0.075 0.030 0.169 0.051 0.123 0.528 0.341 0.647 0.619 0.189 
 246   (0.021) 0.013 0.010 0.002 0.016 0.020 0.004 0.008 0.009 0.003 0.017 0.010 0.006 0.006 0.016 0.003 0.006 0.025 
 258   (0.022) 0.039 0.001 0.002 0.020 0.007 0.025 0.005 0.010 0.003 0.074 0.007 0.004 0.006 0.008 0.004 0.007 0.042 
 240   (0.010) 0.005 0.001 0.001 0.005 0.005 0.037 0.004 0.004 0.003 0.005 0.004 0.003 0.003 0.006 0.001 0.003 0.008 
 256   (0.010) 0.003 0.003 0.001 0.004 0.002 0.001 0.003 0.003 0.117 0.003 0.002 0.001 0.002 0.004 0.001 0.002 0.005 
 254   (0.017) 0.004 0.002 0.001 0.007 0.006 0.001 0.004 0.006 0.049 0.006 0.004 0.003 0.004 0.010 0.002 0.005 0.010 
 236   (0.055) 0.023 0.005 0.003 0.037 0.017 0.004 0.091 0.089 0.011 0.041 0.013 0.526 0.014 0.198 0.006 0.022 0.050 
 248   (0.029) 0.083 0.003 0.002 0.170 0.015 0.002 0.007 0.010 0.003 0.012 0.011 0.004 0.006 0.013 0.003 0.011 0.016 
 252   (0.015) 0.011 0.002 0.001 0.014 0.008 0.001 0.003 0.005 0.002 0.016 0.005 0.003 0.004 0.008 0.001 0.004 0.019 
 224   (0.034) 0.017 0.002 0.002 0.014 0.058 0.004 0.008 0.075 0.005 0.013 0.039 0.004 0.014 0.021 0.008 0.008 0.040 
 230   (0.033) 0.008 0.002 0.002 0.012 0.009 0.004 0.009 0.012 0.003 0.010 0.378 0.004 0.007 0.025 0.003 0.008 0.022 
 228   (0.037) 0.011 0.002 0.002 0.017 0.009 0.008 0.010 0.025 0.004 0.013 0.009 0.004 0.021 0.020 0.004 0.008 0.022 
 266   (0.022) 0.006 0.001 0.001 0.009 0.007 0.002 0.004 0.009 0.002 0.007 0.006 0.002 0.067 0.012 0.002 0.005 0.013 
 212   (0.027) 0.006 0.001 0.001 0.011 0.008 0.002 0.029 0.009 0.003 0.009 0.278 0.004 0.006 0.017 0.006 0.006 0.017 
 232   (0.014) 0.004 0.001 0.001 0.005 0.008 0.001 0.003 0.005 0.001 0.005 0.008 0.001 0.135 0.008 0.001 0.004 0.015 

Locus 7 : 
7 alleles
1.5% missing data
 108   (0.636) 0.771 0.981 0.976 0.552 0.836 0.420 0.539 0.577 0.830 0.846 0.207 0.975 0.172 0.792 0.966 0.937 0.735 
 116   (0.038) 0.009 0.002 0.002 0.018 0.007 0.002 0.006 0.011 0.143 0.015 0.006 0.002 0.008 0.020 0.003 0.008 0.026 
 110   (0.149) 0.050 0.008 0.015 0.076 0.057 0.570 0.143 0.254 0.013 0.066 0.048 0.011 0.651 0.096 0.019 0.028 0.120 
 114   (0.065) 0.075 0.004 0.003 0.151 0.015 0.003 0.293 0.020 0.006 0.020 0.347 0.005 0.017 0.035 0.005 0.012 0.038 
 112   (0.068) 0.087 0.003 0.003 0.185 0.077 0.003 0.011 0.019 0.005 0.043 0.384 0.004 0.145 0.034 0.005 0.009 0.058 
 104   (0.023) 0.005 0.001 0.001 0.007 0.004 0.001 0.003 0.113 0.002 0.005 0.003 0.001 0.003 0.011 0.002 0.003 0.011 
 118   (0.021) 0.004 0.001 0.001 0.011 0.004 0.001 0.006 0.008 0.001 0.006 0.004 0.001 0.003 0.013 0.002 0.003 0.011 

Locus 8 : 
5 alleles
2.2% missing data
 160   (0.162) 0.159 0.540 0.064 0.076 0.192 0.007 0.053 0.052 0.383 0.074 0.035 0.049 0.143 0.091 0.231 0.419 0.120 
 162   (0.633) 0.744 0.451 0.915 0.828 0.578 0.982 0.359 0.600 0.601 0.824 0.872 0.911 0.807 0.364 0.738 0.318 0.683 
 164   (0.087) 0.025 0.004 0.006 0.043 0.022 0.004 0.565 0.139 0.007 0.036 0.015 0.015 0.022 0.465 0.010 0.018 0.068 
 166   (0.023) 0.008 0.001 0.004 0.010 0.005 0.001 0.003 0.011 0.002 0.010 0.004 0.004 0.004 0.013 0.002 0.005 0.014 
 158   (0.095) 0.064 0.004 0.011 0.044 0.203 0.006 0.020 0.198 0.007 0.056 0.075 0.021 0.024 0.067 0.019 0.240 0.114 

Locus 9 : 
4 alleles
0.0% missing data
 229   (0.499) 0.544 0.504 0.614 0.280 0.730 0.936 0.552 0.407 0.247 0.435 0.535 0.965 0.126 0.506 0.190 0.279 0.513 
 226   (0.359) 0.379 0.484 0.378 0.586 0.223 0.056 0.071 0.359 0.741 0.466 0.439 0.025 0.830 0.196 0.058 0.688 0.387 
 223   (0.121) 0.069 0.011 0.007 0.125 0.041 0.007 0.374 0.227 0.010 0.089 0.023 0.008 0.041 0.286 0.742 0.022 0.083 
 232   (0.021) 0.008 0.001 0.001 0.009 0.006 0.001 0.003 0.007 0.002 0.011 0.003 0.001 0.003 0.012 0.010 0.011 0.016 

Values of parameters used in structure:
DATAFILE=C:\Users\eschumacher\Documents\GitHub\Ten_Oaks\Data_Files\QUTO_wild\project_data,	OUTFILE=C:\Users\eschumacher\Documents\GitHub\Ten_Oaks\Data_Files\QUTO_wild\50-50\Results\50-50_run_84,	NUMINDS=136,	NUMLOCI=9,	MISSING=-9,	LABEL=1,	POPDATA=1,	POPFLAG=0,	PHENOTYPE=0,	EXTRACOLS=0,	MAXPOPS=17,	BURNIN=50000,	NUMREPS=50000,	USEPOPINFO=0,	INFERALPHA=1,	INFERLAMBDA=0,	POPSPECIFICLAMBDA=0,	POPALPHAS=0,	COMPUTEPROB=1,	NOADMIX=0,	ADMBURNIN=2500,	UPDATEFREQ=1,	PRINTLIKES=0,	INTERMEDSAVE=0,	PRINTKLD=0,	PRINTNET=0,	PRINTLAMBDA=0,	ANCESTDIST=0,	NUMBOXES=1000,	ANCESTPINT=0.90000,	GENSBACK=2,	MIGRPRIOR=0.05000,	PRINTQHAT=0,	PRINTQSUM=0,	ALPHA=1.0000,	FREQSCORR=1,	FPRIORMEAN=0.0100,	FPRIORSD=0.0500,	ONEFST=0,	LAMBDA=1.0000,	UNIFPRIORALPHA=1,	ALPHAMAX=10.0000,	ALPHAPRIORA=1.0000,	ALPHAPRIORB=2.0000,	ALPHAPROPSD=0.0250,	STARTATPOPINFO=0,	RANDOMIZE=1,	LINKAGE=0,	METROFREQ=10,	REPORTHITRATE=0,	MARKOVPHASE=-1,	PHASED=0,	PLOIDY=2,	PHASEINFO=0	LOCPRIOR=0, 	LOCPRIORINIT=1.000000, 	LOCDATA=0, 	LOCISPOP=0, 	LOCPRIORSTEP=0.100000, 	MAXLOCPRIOR=20.000000, 	SEED=1689804978,	
[STRAT parameters]:    NUMSIMSTATS=1000,	PHENOTYPECOL=-9,	POOLFREQ=10,	LOCUSxONLY=0,	EMERROR=0.00100,	MISSINGPHENO=-9,	