

----------------------------------------------------
STRUCTURE by Pritchard, Stephens and Donnelly (2000)
     and Falush, Stephens and Pritchard (2003)
       Code by Pritchard, Falush and Hubisz
             Version 2.3.4 (Jul 2012)
----------------------------------------------------



Command line arguments:   bin\structure -m C:\Users\eschumacher\Documents\GitHub\Ten_Oaks\Data_Files\QUTO_wild\50-50\mainparams -e C:\Users\eschumacher\Documents\GitHub\Ten_Oaks\Data_Files\QUTO_wild\50-50\extraparams 
Input File:    C:\Users\eschumacher\Documents\GitHub\Ten_Oaks\Data_Files\QUTO_wild\project_data

Run parameters:
   136 individuals
   9 loci
   17 populations assumed
   50000 Burn-in period
   50000 Reps


--------------------------------------------
Proportion of membership of each pre-defined
 population in each of the 17 clusters

Given    Inferred Clusters                                                                                                         Number of
 Pop       1      2      3      4      5      6      7      8      9     10     11     12     13     14     15     16     17      Individuals

  1:     0.018  0.024  0.022  0.014  0.015  0.030  0.036  0.412  0.018  0.013  0.068  0.077  0.074  0.010  0.024  0.133  0.013        1
  2:     0.004  0.009  0.006  0.006  0.460  0.005  0.010  0.009  0.008  0.443  0.006  0.007  0.005  0.005  0.006  0.006  0.006        4
  3:     0.006  0.018  0.013  0.006  0.011  0.004  0.014  0.019  0.777  0.008  0.017  0.014  0.012  0.013  0.009  0.037  0.023        4
  4:     0.008  0.007  0.008  0.548  0.009  0.008  0.015  0.028  0.033  0.005  0.065  0.044  0.015  0.006  0.010  0.185  0.005        5
  5:     0.054  0.126  0.012  0.012  0.106  0.027  0.037  0.082  0.133  0.141  0.037  0.043  0.067  0.016  0.020  0.073  0.014       71
  6:     0.003  0.005  0.010  0.033  0.004  0.004  0.127  0.004  0.004  0.004  0.347  0.244  0.004  0.176  0.006  0.014  0.010        2
  7:     0.006  0.007  0.007  0.006  0.014  0.634  0.064  0.015  0.011  0.019  0.027  0.036  0.005  0.038  0.040  0.051  0.023        5
  8:     0.041  0.054  0.171  0.061  0.012  0.016  0.127  0.023  0.012  0.010  0.041  0.094  0.008  0.028  0.186  0.074  0.043       10
  9:     0.022  0.025  0.045  0.118  0.014  0.010  0.060  0.013  0.077  0.017  0.027  0.077  0.011  0.021  0.383  0.031  0.048        8
 10:     0.018  0.006  0.020  0.131  0.028  0.045  0.085  0.048  0.012  0.111  0.034  0.033  0.014  0.035  0.028  0.032  0.319        9
 11:     0.007  0.011  0.023  0.037  0.033  0.005  0.078  0.014  0.013  0.011  0.222  0.016  0.026  0.383  0.013  0.028  0.082        3
 12:     0.011  0.011  0.075  0.009  0.010  0.606  0.043  0.023  0.043  0.007  0.016  0.029  0.026  0.007  0.038  0.038  0.009        1
 13:     0.008  0.010  0.027  0.007  0.015  0.055  0.022  0.056  0.006  0.039  0.088  0.089  0.006  0.036  0.011  0.034  0.490        3
 14:     0.009  0.006  0.006  0.055  0.028  0.031  0.087  0.011  0.004  0.014  0.122  0.220  0.005  0.036  0.039  0.322  0.006        1
 15:     0.003  0.022  0.004  0.005  0.004  0.005  0.007  0.004  0.005  0.004  0.145  0.008  0.004  0.767  0.005  0.006  0.005        2
 16:     0.007  0.024  0.014  0.008  0.035  0.025  0.023  0.042  0.009  0.022  0.246  0.319  0.009  0.114  0.025  0.035  0.043        4
 17:     0.005  0.004  0.870  0.005  0.004  0.003  0.006  0.006  0.007  0.005  0.006  0.006  0.051  0.004  0.005  0.006  0.006        3
--------------------------------------------

Allele-freq. divergence among pops (Net nucleotide distance),
computed using point estimates of P.

      1       2       3       4       5       6       7       8       9      10      11      12      13      14      15      16      17      
 1      -    0.2876  0.2208  0.2090  0.2658  0.2955  0.1500  0.1730  0.2572  0.2962  0.1847  0.1964  0.2301  0.2430  0.1770  0.1543  0.2264  
 2   0.2876     -    0.2271  0.2454  0.2299  0.2740  0.1201  0.1541  0.1906  0.2808  0.0978  0.1028  0.2366  0.1567  0.1556  0.1151  0.2084  
 3   0.2208  0.2271     -    0.1781  0.1723  0.3268  0.0713  0.1010  0.1253  0.2204  0.1033  0.1025  0.1680  0.1956  0.1121  0.0877  0.1122  
 4   0.2090  0.2454  0.1781     -    0.1678  0.2662  0.0783  0.1562  0.2147  0.1922  0.1335  0.1234  0.2586  0.2039  0.1154  0.1342  0.1666  
 5   0.2658  0.2299  0.1723  0.1678     -    0.2410  0.0815  0.1481  0.2472  0.1289  0.1084  0.1039  0.2757  0.1654  0.1387  0.1198  0.1474  
 6   0.2955  0.2740  0.3268  0.2662  0.2410     -    0.1726  0.2347  0.3843  0.3369  0.1824  0.1699  0.3549  0.2395  0.1761  0.1806  0.2898  
 7   0.1500  0.1201  0.0713  0.0783  0.0815  0.1726     -    0.0500  0.1153  0.1215  0.0229  0.0183  0.1417  0.0905  0.0283  0.0222  0.0732  
 8   0.1730  0.1541  0.1010  0.1562  0.1481  0.2347  0.0500     -    0.1195  0.1415  0.0726  0.0703  0.1118  0.1677  0.0884  0.0379  0.1644  
 9   0.2572  0.1906  0.1253  0.2147  0.2472  0.3843  0.1153  0.1195     -    0.2561  0.1713  0.1641  0.1598  0.2815  0.1322  0.1121  0.1640  
10   0.2962  0.2808  0.2204  0.1922  0.1289  0.3369  0.1215  0.1415  0.2561     -    0.1575  0.1511  0.2893  0.2152  0.1622  0.1649  0.2233  
11   0.1847  0.0978  0.1033  0.1335  0.1084  0.1824  0.0229  0.0726  0.1713  0.1575     -    0.0139  0.1741  0.0448  0.0594  0.0346  0.0832  
12   0.1964  0.1028  0.1025  0.1234  0.1039  0.1699  0.0183  0.0703  0.1641  0.1511  0.0139     -    0.1750  0.0910  0.0407  0.0283  0.0897  
13   0.2301  0.2366  0.1680  0.2586  0.2757  0.3549  0.1417  0.1118  0.1598  0.2893  0.1741  0.1750     -    0.2708  0.1788  0.1184  0.2593  
14   0.2430  0.1567  0.1956  0.2039  0.1654  0.2395  0.0905  0.1677  0.2815  0.2152  0.0448  0.0910  0.2708     -    0.1228  0.1241  0.1425  
15   0.1770  0.1556  0.1121  0.1154  0.1387  0.1761  0.0283  0.0884  0.1322  0.1622  0.0594  0.0407  0.1788  0.1228     -    0.0536  0.1082  
16   0.1543  0.1151  0.0877  0.1342  0.1198  0.1806  0.0222  0.0379  0.1121  0.1649  0.0346  0.0283  0.1184  0.1241  0.0536     -    0.1132  
17   0.2264  0.2084  0.1122  0.1666  0.1474  0.2898  0.0732  0.1644  0.1640  0.2233  0.0832  0.0897  0.2593  0.1425  0.1082  0.1132     -    

Average distances (expected heterozygosity) between individuals in same cluster:
cluster  1  : 0.3320 
cluster  2  : 0.2462 
cluster  3  : 0.4839 
cluster  4  : 0.4894 
cluster  5  : 0.4149 
cluster  6  : 0.3331 
cluster  7  : 0.6075 
cluster  8  : 0.4129 
cluster  9  : 0.3060 
cluster 10  : 0.3132 
cluster 11  : 0.5159 
cluster 12  : 0.5082 
cluster 13  : 0.2120 
cluster 14  : 0.4823 
cluster 15  : 0.6189 
cluster 16  : 0.4609 
cluster 17  : 0.4699 

--------------------------------------------
Estimated Ln Prob of Data   = -2293.9
Mean value of ln likelihood = -1810.1
Variance of ln likelihood   = 967.6
Mean value of alpha         = 0.0352

Mean value of Fst_1         = 0.5444
Mean value of Fst_2         = 0.5755
Mean value of Fst_3         = 0.3333
Mean value of Fst_4         = 0.3382
Mean value of Fst_5         = 0.4025
Mean value of Fst_6         = 0.5419
Mean value of Fst_7         = 0.0527
Mean value of Fst_8         = 0.3123
Mean value of Fst_9         = 0.4847
Mean value of Fst_10         = 0.4980
Mean value of Fst_11         = 0.3623
Mean value of Fst_12         = 0.2789
Mean value of Fst_13         = 0.6478
Mean value of Fst_14         = 0.4145
Mean value of Fst_15         = 0.1595
Mean value of Fst_16         = 0.2779
Mean value of Fst_17         = 0.3224


Inferred ancestry of individuals:
        Label (%Miss) Pop:  Inferred clusters
  1 QTo-W-0007   (11)    1 :  0.018 0.024 0.022 0.014 0.015 0.030 0.036 0.412 0.018 0.013 0.068 0.077 0.074 0.010 0.024 0.133 0.013 
  2 QTo-W-0009    (0)    2 :  0.004 0.024 0.004 0.004 0.889 0.004 0.007 0.007 0.016 0.008 0.004 0.005 0.005 0.004 0.005 0.005 0.005 
  3 QTo-W-0010    (0)    2 :  0.004 0.005 0.009 0.010 0.030 0.006 0.023 0.012 0.005 0.832 0.009 0.012 0.005 0.007 0.012 0.009 0.009 
  4 QTo-W-0011    (0)    2 :  0.004 0.004 0.004 0.004 0.915 0.006 0.005 0.008 0.005 0.010 0.005 0.005 0.005 0.004 0.004 0.006 0.004 
  5 QTo-W-0012   (22)    2 :  0.003 0.004 0.005 0.005 0.006 0.003 0.005 0.007 0.005 0.922 0.005 0.005 0.004 0.004 0.004 0.005 0.005 
  6 QTo-W-0020   (22)    3 :  0.003 0.006 0.004 0.004 0.004 0.003 0.004 0.004 0.932 0.006 0.004 0.004 0.005 0.003 0.005 0.004 0.005 
  7 QTo-W-0021   (22)    3 :  0.012 0.015 0.011 0.006 0.006 0.004 0.009 0.014 0.839 0.006 0.010 0.010 0.021 0.005 0.009 0.017 0.008 
  8 QTo-W-0023   (22)    3 :  0.005 0.042 0.014 0.005 0.007 0.004 0.007 0.013 0.841 0.008 0.007 0.007 0.013 0.005 0.009 0.008 0.007 
  9 QTo-W-0024   (11)    3 :  0.006 0.010 0.024 0.007 0.027 0.004 0.035 0.044 0.495 0.012 0.048 0.037 0.010 0.038 0.012 0.120 0.071 
 10 QTo-W-0033    (0)    4 :  0.006 0.004 0.005 0.884 0.018 0.005 0.009 0.005 0.014 0.007 0.005 0.008 0.005 0.005 0.007 0.009 0.004 
 11 QTo-W-0035   (11)    4 :  0.006 0.005 0.005 0.912 0.006 0.006 0.006 0.005 0.005 0.006 0.005 0.005 0.005 0.005 0.006 0.005 0.005 
 12 QTo-W-0036    (0)    4 :  0.005 0.004 0.004 0.931 0.004 0.005 0.005 0.004 0.004 0.005 0.004 0.005 0.005 0.004 0.004 0.005 0.004 
 13 QTo-W-0039   (11)    4 :  0.013 0.015 0.017 0.006 0.008 0.010 0.016 0.090 0.088 0.005 0.150 0.074 0.039 0.006 0.010 0.447 0.007 
 14 QTo-W-0041    (0)    4 :  0.008 0.009 0.012 0.006 0.007 0.013 0.039 0.037 0.053 0.004 0.160 0.130 0.021 0.010 0.024 0.460 0.007 
 15 QTo-W-0044    (0)    5 :  0.137 0.037 0.005 0.004 0.599 0.029 0.010 0.005 0.011 0.005 0.008 0.008 0.004 0.007 0.007 0.012 0.111 
 16 QTo-W-0047    (0)    5 :  0.005 0.005 0.006 0.005 0.890 0.007 0.008 0.009 0.005 0.020 0.006 0.006 0.006 0.005 0.005 0.008 0.004 
 17 QTo-W-0048   (11)    5 :  0.005 0.006 0.006 0.005 0.889 0.009 0.007 0.011 0.006 0.012 0.007 0.006 0.007 0.006 0.005 0.007 0.005 
 18 QTo-W-0049    (0)    5 :  0.004 0.004 0.007 0.008 0.031 0.006 0.007 0.008 0.005 0.882 0.006 0.006 0.004 0.005 0.006 0.006 0.006 
 19 QTo-W-0050   (22)    5 :  0.007 0.450 0.009 0.124 0.031 0.006 0.057 0.015 0.022 0.031 0.051 0.048 0.011 0.075 0.024 0.027 0.012 
 20 QTo-W-0052    (0)    5 :  0.153 0.005 0.004 0.007 0.009 0.683 0.016 0.019 0.004 0.014 0.009 0.015 0.010 0.014 0.008 0.007 0.022 
 21 QTo-W-0054    (0)    5 :  0.003 0.004 0.005 0.004 0.006 0.003 0.004 0.006 0.004 0.928 0.005 0.005 0.005 0.004 0.004 0.005 0.004 
 22 QTo-W-0056    (0)    5 :  0.004 0.004 0.004 0.004 0.023 0.006 0.005 0.006 0.004 0.911 0.004 0.005 0.004 0.004 0.004 0.005 0.004 
 23 QTo-W-0057    (0)    5 :  0.004 0.004 0.004 0.007 0.150 0.008 0.006 0.005 0.004 0.766 0.006 0.009 0.003 0.005 0.005 0.007 0.007 
 24 QTo-W-0058    (0)    5 :  0.003 0.004 0.004 0.004 0.005 0.003 0.004 0.006 0.004 0.930 0.004 0.005 0.005 0.004 0.004 0.004 0.004 
 25 QTo-W-0059    (0)    5 :  0.098 0.081 0.006 0.005 0.041 0.020 0.026 0.016 0.025 0.565 0.012 0.010 0.005 0.010 0.013 0.014 0.056 
 26 QTo-W-0060    (0)    5 :  0.004 0.004 0.004 0.005 0.063 0.006 0.006 0.006 0.005 0.858 0.006 0.007 0.005 0.004 0.004 0.008 0.005 
 27 QTo-W-0061    (0)    5 :  0.008 0.008 0.028 0.005 0.005 0.011 0.054 0.077 0.038 0.453 0.060 0.045 0.028 0.007 0.022 0.140 0.011 
 28 QTo-W-0062   (11)    5 :  0.004 0.006 0.005 0.005 0.008 0.004 0.006 0.006 0.005 0.915 0.005 0.006 0.005 0.005 0.005 0.006 0.005 
 29 QTo-W-0065   (11)    5 :  0.015 0.011 0.029 0.005 0.008 0.004 0.012 0.043 0.046 0.707 0.014 0.012 0.041 0.006 0.011 0.024 0.013 
 30 QTo-W-0067    (0)    5 :  0.010 0.008 0.011 0.007 0.033 0.008 0.011 0.027 0.031 0.744 0.015 0.019 0.027 0.004 0.008 0.030 0.007 
 31 QTo-W-0071    (0)    5 :  0.006 0.011 0.008 0.005 0.010 0.006 0.020 0.028 0.016 0.006 0.140 0.225 0.013 0.015 0.010 0.473 0.007 
 32 QTo-W-0072    (0)    5 :  0.007 0.627 0.008 0.007 0.004 0.008 0.011 0.023 0.201 0.004 0.011 0.011 0.015 0.005 0.013 0.021 0.024 
 33 QTo-W-0075    (0)    5 :  0.014 0.074 0.006 0.004 0.006 0.009 0.007 0.018 0.757 0.004 0.014 0.007 0.018 0.008 0.007 0.036 0.009 
 34 QTo-W-0076   (11)    5 :  0.008 0.018 0.014 0.010 0.012 0.004 0.014 0.009 0.781 0.008 0.012 0.014 0.009 0.010 0.011 0.020 0.045 
 35 QTo-W-0077   (11)    5 :  0.008 0.049 0.012 0.012 0.309 0.004 0.038 0.149 0.280 0.023 0.016 0.014 0.020 0.006 0.015 0.035 0.009 
 36 QTo-W-0079    (0)    5 :  0.003 0.005 0.004 0.003 0.003 0.002 0.003 0.004 0.941 0.005 0.003 0.003 0.004 0.003 0.004 0.004 0.005 
 37 QTo-W-0080   (11)    5 :  0.008 0.006 0.018 0.010 0.007 0.011 0.157 0.067 0.173 0.134 0.055 0.074 0.020 0.007 0.089 0.132 0.032 
 38 QTo-W-0081   (11)    5 :  0.009 0.006 0.013 0.011 0.007 0.004 0.010 0.015 0.840 0.007 0.010 0.009 0.011 0.005 0.007 0.016 0.020 
 39 QTo-W-0082    (0)    5 :  0.006 0.009 0.010 0.005 0.007 0.004 0.013 0.008 0.747 0.013 0.032 0.038 0.007 0.007 0.014 0.067 0.014 
 40 QTo-W-0087    (0)    5 :  0.004 0.017 0.006 0.004 0.005 0.003 0.006 0.007 0.904 0.008 0.005 0.005 0.006 0.004 0.005 0.006 0.005 
 41 QTo-W-0088   (11)    5 :  0.005 0.008 0.007 0.005 0.007 0.004 0.007 0.012 0.883 0.013 0.006 0.006 0.009 0.004 0.007 0.012 0.006 
 42 QTo-W-0089   (11)    5 :  0.008 0.008 0.007 0.010 0.005 0.004 0.007 0.008 0.888 0.004 0.007 0.006 0.010 0.004 0.006 0.010 0.008 
 43 QTo-W-0090    (0)    5 :  0.007 0.008 0.010 0.024 0.029 0.003 0.038 0.010 0.755 0.007 0.012 0.020 0.010 0.005 0.010 0.037 0.013 
 44 QTo-W-0093   (11)    5 :  0.006 0.208 0.014 0.005 0.024 0.013 0.052 0.016 0.224 0.038 0.070 0.071 0.009 0.040 0.030 0.145 0.036 
 45 QTo-W-0098    (0)    5 :  0.005 0.859 0.006 0.004 0.010 0.007 0.009 0.020 0.008 0.011 0.009 0.009 0.008 0.011 0.007 0.009 0.007 
 46 QTo-W-0101   (11)    5 :  0.006 0.798 0.007 0.006 0.013 0.008 0.013 0.037 0.010 0.014 0.015 0.014 0.010 0.013 0.008 0.015 0.010 
 47 QTo-W-0114    (0)    5 :  0.007 0.893 0.006 0.004 0.004 0.005 0.005 0.011 0.013 0.004 0.008 0.006 0.011 0.005 0.005 0.010 0.005 
 48 QTo-W-0116   (11)    5 :  0.005 0.909 0.004 0.004 0.005 0.004 0.005 0.005 0.007 0.005 0.008 0.006 0.006 0.008 0.004 0.007 0.006 
 49 QTo-W-0117   (22)    5 :  0.005 0.884 0.006 0.005 0.009 0.005 0.007 0.007 0.009 0.007 0.013 0.010 0.007 0.009 0.005 0.007 0.007 
 50 QTo-W-0118    (0)    5 :  0.004 0.932 0.004 0.003 0.004 0.004 0.004 0.004 0.005 0.004 0.005 0.005 0.004 0.006 0.003 0.004 0.005 
 51 QTo-W-0121   (11)    5 :  0.004 0.830 0.006 0.005 0.024 0.004 0.011 0.008 0.036 0.005 0.010 0.009 0.006 0.008 0.007 0.017 0.009 
 52 QTo-W-0124   (11)    5 :  0.004 0.005 0.005 0.008 0.877 0.005 0.007 0.006 0.004 0.039 0.006 0.008 0.004 0.006 0.005 0.007 0.007 
 53 QTo-W-0128    (0)    5 :  0.003 0.004 0.004 0.006 0.916 0.003 0.007 0.005 0.005 0.015 0.005 0.005 0.003 0.004 0.004 0.005 0.006 
 54 QTo-W-0129    (0)    5 :  0.004 0.004 0.005 0.008 0.886 0.004 0.013 0.007 0.005 0.016 0.006 0.007 0.004 0.005 0.008 0.010 0.007 
 55 QTo-W-0131   (11)    5 :  0.027 0.006 0.039 0.072 0.021 0.004 0.336 0.077 0.037 0.043 0.014 0.098 0.014 0.012 0.062 0.118 0.022 
 56 QTo-W-0133   (11)    5 :  0.014 0.009 0.017 0.012 0.039 0.132 0.051 0.165 0.015 0.021 0.180 0.042 0.027 0.137 0.016 0.109 0.013 
 57 QTo-W-0137    (0)    5 :  0.007 0.061 0.014 0.005 0.015 0.006 0.077 0.017 0.029 0.006 0.119 0.185 0.010 0.014 0.021 0.402 0.013 
 58 QTo-W-0138    (0)    5 :  0.016 0.005 0.007 0.008 0.257 0.012 0.064 0.182 0.004 0.203 0.023 0.101 0.024 0.010 0.017 0.042 0.023 
 59 QTo-W-0139    (0)    5 :  0.913 0.004 0.004 0.004 0.007 0.014 0.005 0.005 0.003 0.005 0.005 0.005 0.007 0.004 0.004 0.006 0.004 
 60 QTo-W-0140   (22)    5 :  0.920 0.005 0.004 0.006 0.005 0.005 0.005 0.005 0.005 0.005 0.005 0.005 0.006 0.004 0.005 0.006 0.004 
 61 QTo-W-0142    (0)    5 :  0.929 0.004 0.004 0.004 0.003 0.004 0.004 0.005 0.005 0.003 0.004 0.004 0.010 0.004 0.004 0.005 0.004 
 62 QTo-W-0144    (0)    5 :  0.009 0.008 0.012 0.027 0.012 0.006 0.108 0.209 0.007 0.232 0.104 0.084 0.011 0.072 0.029 0.061 0.009 
 63 QTo-W-0149   (22)    5 :  0.007 0.006 0.093 0.004 0.005 0.004 0.010 0.009 0.008 0.005 0.006 0.006 0.813 0.005 0.006 0.008 0.005 
 64 QTo-W-0151   (11)    5 :  0.006 0.005 0.006 0.004 0.004 0.007 0.008 0.030 0.031 0.014 0.009 0.016 0.824 0.005 0.016 0.009 0.005 
 65 QTo-W-0153   (22)    5 :  0.006 0.005 0.005 0.004 0.004 0.004 0.005 0.007 0.007 0.005 0.005 0.004 0.919 0.005 0.005 0.006 0.004 
 66 QTo-W-0154    (0)    5 :  0.055 0.020 0.009 0.005 0.004 0.011 0.011 0.020 0.010 0.004 0.025 0.029 0.715 0.009 0.014 0.050 0.010 
 67 QTo-W-0159   (11)    5 :  0.010 0.023 0.009 0.005 0.007 0.040 0.026 0.103 0.007 0.016 0.153 0.164 0.014 0.020 0.012 0.377 0.012 
 68 QTo-W-0161   (11)    5 :  0.052 0.025 0.006 0.008 0.005 0.011 0.015 0.027 0.009 0.005 0.031 0.052 0.640 0.010 0.034 0.065 0.006 
 69 QTo-W-0162    (0)    5 :  0.014 0.179 0.007 0.024 0.004 0.012 0.226 0.032 0.024 0.005 0.077 0.125 0.028 0.048 0.100 0.084 0.012 
 70 QTo-W-0163   (11)    5 :  0.042 0.006 0.050 0.015 0.006 0.012 0.073 0.152 0.223 0.025 0.033 0.045 0.021 0.015 0.198 0.061 0.023 
 71 QTo-W-0167   (11)    5 :  0.010 0.256 0.007 0.042 0.079 0.110 0.072 0.020 0.019 0.012 0.085 0.113 0.009 0.040 0.033 0.083 0.010 
 72 QTo-W-0170    (0)    5 :  0.008 0.031 0.008 0.009 0.020 0.085 0.042 0.017 0.008 0.007 0.141 0.215 0.008 0.027 0.022 0.338 0.014 
 73 QTo-W-0171   (22)    5 :  0.013 0.013 0.012 0.037 0.037 0.006 0.092 0.051 0.014 0.077 0.069 0.197 0.014 0.052 0.052 0.235 0.028 
 74 QTo-W-0172   (22)    5 :  0.034 0.070 0.010 0.041 0.008 0.100 0.285 0.012 0.006 0.008 0.077 0.098 0.009 0.097 0.057 0.070 0.018 
 75 QTo-W-0173   (11)    5 :  0.012 0.015 0.012 0.005 0.015 0.047 0.022 0.030 0.010 0.007 0.150 0.185 0.016 0.007 0.011 0.449 0.008 
 76 QTo-W-0174    (0)    5 :  0.010 0.239 0.012 0.011 0.008 0.030 0.025 0.335 0.040 0.012 0.064 0.045 0.027 0.007 0.017 0.108 0.010 
 77 QTo-W-0175    (0)    5 :  0.006 0.006 0.011 0.009 0.020 0.004 0.131 0.390 0.012 0.078 0.029 0.142 0.017 0.014 0.015 0.094 0.021 
 78 QTo-W-0182   (22)    5 :  0.004 0.008 0.007 0.005 0.882 0.005 0.009 0.008 0.007 0.009 0.008 0.010 0.006 0.006 0.006 0.008 0.011 
 79 QTo-W-0184    (0)    5 :  0.009 0.037 0.014 0.066 0.012 0.036 0.101 0.127 0.042 0.011 0.054 0.099 0.020 0.019 0.207 0.065 0.080 
 80 QTo-W-0188    (0)    5 :  0.009 0.012 0.008 0.005 0.012 0.202 0.041 0.062 0.004 0.013 0.117 0.130 0.007 0.091 0.017 0.262 0.009 
 81 QTo-W-0192   (11)    5 :  0.006 0.009 0.007 0.005 0.019 0.006 0.008 0.866 0.009 0.009 0.009 0.007 0.012 0.005 0.006 0.011 0.006 
 82 QTo-W-0193    (0)    5 :  0.005 0.006 0.006 0.004 0.005 0.005 0.012 0.877 0.006 0.018 0.009 0.009 0.011 0.005 0.006 0.012 0.005 
 83 QTo-W-0194    (0)    5 :  0.005 0.006 0.005 0.004 0.011 0.004 0.009 0.890 0.006 0.015 0.006 0.009 0.008 0.004 0.005 0.008 0.004 
 84 QTo-W-0196   (11)    5 :  0.025 0.015 0.061 0.006 0.007 0.019 0.019 0.200 0.033 0.011 0.160 0.018 0.060 0.015 0.013 0.313 0.025 
 85 QTo-W-0197    (0)    5 :  0.018 0.011 0.039 0.004 0.014 0.013 0.025 0.159 0.103 0.007 0.156 0.014 0.042 0.013 0.015 0.336 0.030 
 86 QTo-W-0200   (11)    6 :  0.003 0.005 0.011 0.032 0.004 0.004 0.128 0.004 0.004 0.004 0.348 0.244 0.004 0.176 0.005 0.014 0.011 
 87 QTo-W-0201   (22)    6 :  0.003 0.006 0.010 0.034 0.004 0.004 0.127 0.004 0.004 0.004 0.346 0.243 0.004 0.176 0.007 0.014 0.010 
 88 QTo-W-0205    (0)    7 :  0.005 0.004 0.003 0.003 0.003 0.941 0.004 0.004 0.003 0.003 0.004 0.004 0.003 0.006 0.004 0.004 0.003 
 89 QTo-W-0208    (0)    7 :  0.015 0.011 0.022 0.012 0.051 0.166 0.156 0.025 0.042 0.072 0.038 0.057 0.007 0.016 0.148 0.061 0.101 
 90 QTo-W-0211    (0)    7 :  0.005 0.012 0.005 0.007 0.005 0.199 0.149 0.037 0.004 0.009 0.081 0.106 0.006 0.159 0.037 0.174 0.005 
 91 QTo-W-0212   (11)    7 :  0.004 0.004 0.003 0.004 0.005 0.935 0.004 0.005 0.003 0.005 0.005 0.004 0.004 0.004 0.004 0.005 0.003 
 92 QTo-W-0213    (0)    7 :  0.004 0.004 0.003 0.004 0.004 0.927 0.005 0.005 0.003 0.004 0.006 0.007 0.003 0.004 0.006 0.008 0.003 
 93 QTo-W-0216   (11)    8 :  0.005 0.006 0.751 0.006 0.010 0.005 0.044 0.055 0.007 0.007 0.009 0.008 0.007 0.007 0.017 0.034 0.022 
 94 QTo-W-0220    (0)    8 :  0.005 0.004 0.723 0.005 0.020 0.005 0.060 0.050 0.005 0.009 0.009 0.010 0.006 0.007 0.026 0.036 0.019 
 95 QTo-W-0224   (11)    8 :  0.037 0.016 0.023 0.057 0.030 0.006 0.143 0.016 0.010 0.030 0.140 0.175 0.007 0.085 0.043 0.029 0.153 
 96 QTo-W-0225   (11)    8 :  0.004 0.005 0.007 0.005 0.007 0.019 0.012 0.008 0.009 0.018 0.010 0.121 0.004 0.007 0.747 0.012 0.007 
 97 QTo-W-0227   (11)    8 :  0.014 0.008 0.150 0.093 0.013 0.005 0.148 0.035 0.017 0.007 0.052 0.054 0.016 0.070 0.071 0.069 0.177 
 98 QTo-W-0229    (0)    8 :  0.006 0.003 0.007 0.004 0.003 0.004 0.013 0.004 0.045 0.007 0.009 0.117 0.005 0.006 0.746 0.011 0.009 
 99 QTo-W-0231    (0)    8 :  0.007 0.003 0.018 0.121 0.012 0.036 0.600 0.010 0.006 0.005 0.005 0.027 0.003 0.006 0.060 0.073 0.008 
100 QTo-W-0238   (22)    8 :  0.038 0.023 0.011 0.015 0.009 0.037 0.041 0.019 0.009 0.007 0.099 0.272 0.018 0.038 0.050 0.301 0.013 
101 QTo-W-0240    (0)    8 :  0.014 0.017 0.010 0.289 0.012 0.026 0.185 0.017 0.006 0.009 0.051 0.136 0.009 0.022 0.042 0.144 0.011 
102 QTo-W-0242    (0)    8 :  0.278 0.455 0.013 0.016 0.003 0.012 0.023 0.013 0.008 0.003 0.022 0.023 0.009 0.028 0.058 0.028 0.007 
103 QTo-W-0244    (0)    9 :  0.012 0.040 0.007 0.636 0.004 0.009 0.020 0.006 0.008 0.003 0.060 0.077 0.005 0.039 0.024 0.020 0.029 
104 QTo-W-0245   (11)    9 :  0.022 0.012 0.006 0.206 0.010 0.010 0.097 0.008 0.013 0.006 0.043 0.095 0.015 0.027 0.388 0.018 0.024 
105 QTo-W-0251    (0)    9 :  0.006 0.085 0.306 0.007 0.004 0.011 0.044 0.033 0.305 0.004 0.051 0.017 0.014 0.034 0.017 0.052 0.011 
106 QTo-W-0253    (0)    9 :  0.007 0.020 0.011 0.006 0.005 0.010 0.027 0.007 0.016 0.004 0.011 0.101 0.004 0.006 0.725 0.012 0.029 
107 QTo-W-0256   (11)    9 :  0.006 0.006 0.011 0.039 0.073 0.006 0.110 0.011 0.086 0.071 0.017 0.081 0.007 0.008 0.363 0.048 0.055 
108 QTo-W-0258    (0)    9 :  0.038 0.005 0.009 0.025 0.007 0.004 0.084 0.007 0.171 0.038 0.015 0.055 0.008 0.005 0.247 0.050 0.232 
109 QTo-W-0259    (0)    9 :  0.052 0.021 0.005 0.012 0.004 0.010 0.023 0.012 0.014 0.005 0.007 0.102 0.026 0.011 0.680 0.013 0.003 
110 QTo-W-0260   (22)    9 :  0.034 0.011 0.005 0.016 0.005 0.021 0.077 0.018 0.006 0.005 0.012 0.088 0.009 0.040 0.618 0.031 0.004 
111 QTo-W-0274   (11)   10 :  0.005 0.005 0.010 0.005 0.006 0.004 0.017 0.010 0.010 0.006 0.011 0.011 0.006 0.005 0.023 0.009 0.858 
112 QTo-W-0275    (0)   10 :  0.006 0.006 0.064 0.092 0.033 0.009 0.143 0.070 0.004 0.249 0.068 0.036 0.053 0.086 0.025 0.027 0.028 
113 QTo-W-0278    (0)   10 :  0.025 0.008 0.027 0.045 0.007 0.080 0.080 0.182 0.043 0.009 0.132 0.061 0.030 0.081 0.042 0.060 0.091 
114 QTo-W-0283   (11)   10 :  0.009 0.006 0.007 0.535 0.026 0.126 0.097 0.031 0.012 0.040 0.011 0.024 0.005 0.007 0.032 0.015 0.017 
115 QTo-W-0284    (0)   10 :  0.011 0.007 0.048 0.447 0.015 0.158 0.136 0.023 0.009 0.020 0.010 0.022 0.006 0.009 0.038 0.017 0.023 
116 QTo-W-0287   (22)   10 :  0.007 0.005 0.007 0.009 0.008 0.004 0.009 0.005 0.010 0.007 0.008 0.008 0.005 0.005 0.005 0.006 0.891 
117 QTo-W-0289   (22)   10 :  0.005 0.007 0.007 0.005 0.008 0.005 0.006 0.006 0.008 0.007 0.008 0.008 0.005 0.007 0.006 0.006 0.894 
118 QTo-W-0293    (0)   10 :  0.031 0.006 0.006 0.012 0.142 0.005 0.258 0.011 0.004 0.016 0.041 0.104 0.014 0.101 0.064 0.125 0.059 
119 QTo-W-0295   (11)   10 :  0.065 0.004 0.007 0.029 0.008 0.016 0.020 0.096 0.006 0.649 0.018 0.020 0.007 0.010 0.019 0.020 0.006 
120 QTo-W-0296   (11)   11 :  0.008 0.008 0.006 0.006 0.007 0.004 0.009 0.011 0.006 0.010 0.306 0.008 0.038 0.553 0.005 0.008 0.006 
121 QTo-W-0298    (0)   11 :  0.008 0.011 0.005 0.004 0.005 0.004 0.007 0.009 0.005 0.006 0.309 0.006 0.032 0.568 0.005 0.007 0.008 
122 QTo-W-0300   (11)   11 :  0.005 0.013 0.058 0.102 0.086 0.005 0.218 0.021 0.029 0.015 0.050 0.033 0.007 0.027 0.028 0.070 0.233 
123 QTo-W-0302    (0)   12 :  0.011 0.011 0.075 0.009 0.010 0.606 0.043 0.023 0.043 0.007 0.016 0.029 0.026 0.007 0.038 0.038 0.009 
124 QTo-W-0305    (0)   13 :  0.012 0.006 0.031 0.009 0.008 0.005 0.017 0.006 0.007 0.005 0.063 0.021 0.005 0.026 0.010 0.007 0.762 
125 QTo-W-0308   (11)   13 :  0.007 0.008 0.044 0.006 0.009 0.006 0.023 0.010 0.008 0.007 0.079 0.029 0.006 0.044 0.011 0.009 0.692 
126 QTo-W-0309   (11)   13 :  0.004 0.015 0.007 0.007 0.027 0.153 0.025 0.153 0.004 0.106 0.121 0.216 0.009 0.039 0.012 0.085 0.016 
127 QTo-W-0311    (0)   14 :  0.009 0.006 0.006 0.055 0.028 0.031 0.087 0.011 0.004 0.014 0.122 0.220 0.005 0.036 0.039 0.322 0.006 
128 QTo-W-0312    (0)   15 :  0.003 0.037 0.004 0.004 0.003 0.005 0.008 0.004 0.006 0.003 0.144 0.006 0.004 0.754 0.005 0.006 0.005 
129 QTo-W-0315   (11)   15 :  0.003 0.006 0.004 0.005 0.004 0.005 0.006 0.004 0.004 0.004 0.145 0.010 0.004 0.780 0.005 0.006 0.004 
130 QTo-W-0318    (0)   16 :  0.010 0.023 0.011 0.007 0.006 0.029 0.017 0.019 0.004 0.013 0.292 0.338 0.006 0.147 0.009 0.011 0.059 
131 QTo-W-0322   (11)   16 :  0.007 0.016 0.012 0.007 0.007 0.014 0.013 0.009 0.005 0.010 0.316 0.355 0.005 0.157 0.008 0.011 0.048 
132 QTo-W-0326   (22)   16 :  0.006 0.041 0.020 0.011 0.096 0.029 0.027 0.046 0.007 0.028 0.193 0.277 0.009 0.082 0.021 0.072 0.035 
133 QTo-W-0327   (11)   16 :  0.005 0.016 0.013 0.008 0.032 0.029 0.037 0.094 0.019 0.036 0.182 0.305 0.017 0.072 0.061 0.046 0.029 
134 QTo-W-0328    (0)   17 :  0.004 0.004 0.785 0.005 0.004 0.003 0.006 0.006 0.006 0.004 0.006 0.006 0.140 0.004 0.004 0.006 0.006 
135 QTo-W-0329    (0)   17 :  0.004 0.004 0.925 0.005 0.004 0.003 0.005 0.005 0.006 0.004 0.006 0.005 0.006 0.004 0.004 0.006 0.005 
136 QTo-W-0330   (11)   17 :  0.006 0.005 0.898 0.005 0.005 0.003 0.006 0.007 0.010 0.005 0.007 0.008 0.008 0.005 0.005 0.008 0.007 


Estimated Allele Frequencies in each cluster
First column gives estimated ancestral frequencies


Locus 1 : 
4 alleles
0.7% missing data
 149   (0.842) 0.969 0.993 0.973 0.919 0.988 0.211 0.846 0.973 0.993 0.993 0.919 0.892 0.990 0.626 0.495 0.955 0.972 
 147   (0.066) 0.020 0.003 0.011 0.015 0.005 0.233 0.061 0.011 0.003 0.003 0.063 0.025 0.004 0.353 0.092 0.017 0.011 
 155   (0.053) 0.006 0.002 0.009 0.055 0.004 0.553 0.058 0.010 0.002 0.002 0.011 0.020 0.003 0.014 0.023 0.018 0.010 
 161   (0.038) 0.005 0.002 0.006 0.012 0.003 0.003 0.034 0.006 0.002 0.002 0.007 0.063 0.002 0.007 0.391 0.010 0.008 

Locus 2 : 
6 alleles
12.5% missing data
 179   (0.366) 0.682 0.236 0.875 0.071 0.035 0.030 0.341 0.772 0.966 0.058 0.285 0.275 0.951 0.084 0.373 0.597 0.424 
 176   (0.150) 0.216 0.012 0.028 0.058 0.553 0.929 0.145 0.044 0.007 0.163 0.083 0.117 0.011 0.040 0.082 0.130 0.058 
 173   (0.257) 0.058 0.016 0.051 0.774 0.391 0.019 0.302 0.129 0.016 0.746 0.109 0.216 0.020 0.077 0.280 0.177 0.141 
 164   (0.028) 0.005 0.001 0.006 0.006 0.004 0.002 0.025 0.006 0.001 0.024 0.007 0.010 0.002 0.006 0.014 0.008 0.008 
 182   (0.146) 0.030 0.732 0.029 0.077 0.013 0.015 0.141 0.028 0.007 0.006 0.496 0.338 0.011 0.783 0.078 0.070 0.244 
 170   (0.053) 0.009 0.003 0.010 0.014 0.004 0.005 0.046 0.020 0.003 0.002 0.020 0.044 0.005 0.011 0.173 0.018 0.124 

Locus 3 : 
17 alleles
0.0% missing data
 220   (0.159) 0.031 0.010 0.167 0.362 0.438 0.527 0.157 0.150 0.008 0.105 0.130 0.156 0.017 0.064 0.116 0.086 0.202 
 222   (0.173) 0.545 0.012 0.280 0.084 0.017 0.020 0.174 0.092 0.225 0.019 0.224 0.236 0.130 0.171 0.262 0.317 0.186 
 218   (0.175) 0.024 0.008 0.421 0.078 0.432 0.020 0.162 0.376 0.176 0.673 0.181 0.218 0.019 0.082 0.122 0.109 0.267 
 226   (0.074) 0.029 0.935 0.017 0.013 0.074 0.007 0.062 0.028 0.557 0.007 0.019 0.033 0.006 0.014 0.105 0.030 0.023 
 258   (0.056) 0.009 0.002 0.013 0.012 0.008 0.013 0.062 0.049 0.008 0.004 0.070 0.072 0.005 0.278 0.028 0.098 0.019 
 224   (0.057) 0.007 0.012 0.010 0.370 0.006 0.007 0.080 0.011 0.002 0.003 0.106 0.059 0.004 0.201 0.034 0.016 0.011 
 228   (0.060) 0.009 0.007 0.039 0.011 0.005 0.385 0.061 0.065 0.014 0.005 0.118 0.088 0.014 0.026 0.027 0.270 0.015 
 256   (0.023) 0.002 0.001 0.004 0.003 0.002 0.002 0.019 0.005 0.001 0.176 0.003 0.005 0.001 0.003 0.008 0.006 0.004 
 264   (0.019) 0.315 0.001 0.003 0.003 0.001 0.001 0.015 0.003 0.001 0.001 0.003 0.005 0.001 0.003 0.006 0.004 0.003 
 230   (0.033) 0.004 0.001 0.006 0.005 0.002 0.002 0.026 0.006 0.001 0.001 0.051 0.007 0.790 0.087 0.011 0.007 0.005 
 260   (0.035) 0.005 0.004 0.007 0.029 0.003 0.004 0.041 0.008 0.002 0.001 0.011 0.021 0.003 0.008 0.019 0.019 0.007 
 262   (0.020) 0.005 0.002 0.004 0.005 0.002 0.005 0.019 0.003 0.001 0.001 0.007 0.008 0.002 0.008 0.009 0.006 0.004 
 234   (0.025) 0.003 0.001 0.004 0.004 0.002 0.002 0.019 0.187 0.001 0.001 0.003 0.005 0.002 0.003 0.008 0.006 0.004 
 232   (0.033) 0.004 0.001 0.013 0.011 0.002 0.002 0.052 0.007 0.001 0.001 0.062 0.044 0.002 0.035 0.013 0.011 0.013 
 250   (0.016) 0.002 0.001 0.003 0.002 0.001 0.001 0.014 0.002 0.001 0.001 0.002 0.025 0.001 0.002 0.146 0.002 0.003 
 216   (0.018) 0.006 0.001 0.003 0.003 0.001 0.002 0.017 0.004 0.001 0.001 0.003 0.013 0.001 0.009 0.077 0.006 0.003 
 266   (0.024) 0.002 0.001 0.006 0.005 0.003 0.002 0.021 0.004 0.001 0.001 0.005 0.006 0.001 0.004 0.009 0.008 0.231 

Locus 4 : 
2 alleles
1.5% missing data
 137   (0.975) 0.998 0.999 0.881 0.996 0.998 0.998 0.979 0.991 0.999 0.999 0.996 0.995 0.999 0.997 0.991 0.991 0.995 
 139   (0.025) 0.002 0.001 0.119 0.004 0.002 0.002 0.021 0.009 0.001 0.001 0.004 0.005 0.001 0.003 0.009 0.009 0.005 

Locus 5 : 
17 alleles
11.8% missing data
 187   (0.302) 0.062 0.732 0.062 0.237 0.035 0.866 0.356 0.473 0.018 0.015 0.526 0.708 0.178 0.218 0.523 0.542 0.129 
 243   (0.041) 0.004 0.002 0.007 0.007 0.423 0.003 0.034 0.144 0.003 0.002 0.007 0.009 0.003 0.006 0.014 0.012 0.010 
 203   (0.078) 0.008 0.006 0.015 0.014 0.009 0.007 0.070 0.017 0.377 0.935 0.017 0.051 0.006 0.012 0.211 0.031 0.043 
 201   (0.108) 0.013 0.045 0.030 0.033 0.341 0.009 0.105 0.054 0.431 0.005 0.071 0.040 0.014 0.019 0.054 0.188 0.094 
 197   (0.077) 0.008 0.004 0.029 0.625 0.007 0.006 0.070 0.015 0.144 0.003 0.016 0.023 0.005 0.017 0.032 0.024 0.271 
 195   (0.060) 0.863 0.005 0.011 0.010 0.022 0.054 0.050 0.012 0.004 0.005 0.013 0.015 0.005 0.010 0.029 0.019 0.327 
 247   (0.028) 0.003 0.002 0.005 0.005 0.104 0.002 0.024 0.005 0.001 0.002 0.005 0.007 0.002 0.004 0.011 0.007 0.007 
 235   (0.029) 0.003 0.002 0.006 0.005 0.003 0.003 0.028 0.010 0.005 0.002 0.014 0.019 0.003 0.005 0.016 0.034 0.011 
 249   (0.024) 0.002 0.187 0.004 0.004 0.002 0.002 0.020 0.004 0.001 0.001 0.003 0.006 0.002 0.003 0.008 0.006 0.006 
 199   (0.056) 0.008 0.004 0.033 0.017 0.006 0.012 0.052 0.065 0.006 0.005 0.285 0.027 0.007 0.660 0.024 0.040 0.028 
 245   (0.026) 0.003 0.001 0.005 0.005 0.020 0.002 0.033 0.099 0.001 0.015 0.009 0.039 0.004 0.005 0.010 0.022 0.012 
 219   (0.037) 0.004 0.002 0.085 0.009 0.004 0.003 0.033 0.009 0.002 0.003 0.008 0.010 0.731 0.008 0.013 0.010 0.011 
 217   (0.029) 0.003 0.002 0.421 0.005 0.003 0.002 0.023 0.005 0.002 0.001 0.005 0.007 0.033 0.005 0.010 0.008 0.008 
 229   (0.027) 0.003 0.001 0.005 0.005 0.003 0.002 0.021 0.061 0.001 0.001 0.004 0.006 0.002 0.004 0.009 0.008 0.007 
 215   (0.038) 0.004 0.002 0.273 0.007 0.004 0.022 0.033 0.019 0.002 0.002 0.006 0.009 0.003 0.006 0.017 0.023 0.014 
 205   (0.018) 0.002 0.001 0.004 0.008 0.002 0.002 0.023 0.003 0.001 0.001 0.003 0.006 0.001 0.003 0.008 0.007 0.005 
 227   (0.021) 0.006 0.001 0.004 0.004 0.013 0.002 0.026 0.004 0.001 0.001 0.008 0.018 0.002 0.019 0.011 0.019 0.016 

Locus 6 : 
25 alleles
30.9% missing data
 214   (0.060) 0.012 0.004 0.086 0.031 0.209 0.006 0.066 0.020 0.005 0.121 0.023 0.032 0.008 0.021 0.031 0.028 0.022 
 222   (0.061) 0.011 0.005 0.017 0.131 0.492 0.007 0.059 0.016 0.030 0.086 0.040 0.075 0.011 0.019 0.027 0.124 0.015 
 206   (0.061) 0.012 0.007 0.021 0.019 0.008 0.025 0.056 0.289 0.009 0.369 0.049 0.047 0.011 0.067 0.032 0.081 0.015 
 218   (0.074) 0.029 0.005 0.023 0.022 0.016 0.083 0.072 0.321 0.010 0.368 0.123 0.188 0.143 0.057 0.038 0.045 0.037 
 216   (0.055) 0.010 0.007 0.024 0.015 0.006 0.029 0.051 0.027 0.410 0.003 0.029 0.087 0.133 0.020 0.299 0.028 0.023 
 208   (0.033) 0.006 0.003 0.009 0.132 0.004 0.004 0.030 0.013 0.210 0.002 0.011 0.018 0.005 0.009 0.043 0.012 0.011 
 238   (0.044) 0.008 0.539 0.019 0.010 0.005 0.004 0.038 0.010 0.163 0.002 0.032 0.020 0.006 0.112 0.018 0.030 0.010 
 204   (0.020) 0.002 0.001 0.004 0.393 0.002 0.002 0.016 0.004 0.001 0.001 0.004 0.006 0.002 0.005 0.008 0.006 0.004 
 234   (0.049) 0.007 0.003 0.014 0.012 0.005 0.136 0.044 0.017 0.008 0.003 0.040 0.055 0.008 0.021 0.071 0.093 0.013 
 242   (0.041) 0.006 0.003 0.011 0.016 0.005 0.005 0.073 0.010 0.005 0.002 0.106 0.093 0.006 0.053 0.062 0.061 0.010 
 210   (0.150) 0.499 0.400 0.059 0.080 0.028 0.649 0.145 0.132 0.050 0.011 0.319 0.125 0.143 0.467 0.083 0.259 0.524 
 246   (0.030) 0.006 0.002 0.014 0.011 0.003 0.003 0.030 0.018 0.005 0.010 0.012 0.016 0.008 0.008 0.015 0.032 0.008 
 258   (0.020) 0.004 0.002 0.006 0.005 0.002 0.004 0.018 0.007 0.024 0.001 0.029 0.044 0.006 0.008 0.010 0.078 0.006 
 240   (0.021) 0.003 0.002 0.006 0.008 0.004 0.002 0.019 0.005 0.039 0.001 0.006 0.007 0.003 0.005 0.010 0.008 0.005 
 256   (0.022) 0.003 0.001 0.005 0.005 0.122 0.002 0.017 0.004 0.002 0.001 0.004 0.006 0.002 0.005 0.008 0.006 0.004 
 254   (0.018) 0.003 0.001 0.005 0.005 0.050 0.002 0.015 0.004 0.002 0.001 0.004 0.006 0.003 0.005 0.008 0.005 0.005 
 236   (0.048) 0.349 0.003 0.012 0.021 0.018 0.005 0.047 0.021 0.004 0.004 0.017 0.040 0.474 0.020 0.086 0.027 0.015 
 248   (0.022) 0.003 0.001 0.006 0.011 0.002 0.002 0.047 0.013 0.002 0.002 0.098 0.063 0.004 0.052 0.009 0.010 0.006 
 252   (0.025) 0.004 0.002 0.006 0.006 0.003 0.002 0.023 0.032 0.002 0.002 0.006 0.014 0.004 0.008 0.009 0.013 0.006 
 224   (0.038) 0.006 0.003 0.082 0.009 0.005 0.010 0.033 0.012 0.004 0.002 0.011 0.019 0.005 0.011 0.075 0.018 0.017 
 230   (0.024) 0.003 0.002 0.307 0.010 0.003 0.003 0.028 0.005 0.003 0.001 0.006 0.008 0.004 0.006 0.011 0.010 0.005 
 228   (0.023) 0.007 0.001 0.006 0.008 0.002 0.002 0.021 0.005 0.007 0.002 0.006 0.009 0.003 0.005 0.024 0.008 0.023 
 266   (0.021) 0.003 0.001 0.006 0.005 0.002 0.002 0.016 0.005 0.002 0.001 0.005 0.006 0.003 0.005 0.009 0.008 0.074 
 212   (0.020) 0.003 0.001 0.241 0.032 0.002 0.007 0.019 0.005 0.002 0.001 0.005 0.006 0.004 0.005 0.008 0.005 0.005 
 232   (0.022) 0.003 0.001 0.010 0.005 0.002 0.002 0.018 0.004 0.002 0.001 0.015 0.009 0.002 0.009 0.009 0.005 0.134 

Locus 7 : 
7 alleles
1.5% missing data
 108   (0.637) 0.955 0.976 0.285 0.435 0.827 0.965 0.613 0.917 0.417 0.981 0.729 0.718 0.975 0.849 0.584 0.873 0.173 
 116   (0.033) 0.005 0.001 0.006 0.005 0.145 0.002 0.030 0.005 0.001 0.002 0.006 0.011 0.002 0.008 0.013 0.012 0.009 
 110   (0.147) 0.022 0.016 0.050 0.193 0.013 0.019 0.145 0.042 0.573 0.008 0.054 0.084 0.011 0.032 0.247 0.060 0.664 
 114   (0.067) 0.007 0.003 0.265 0.340 0.006 0.005 0.086 0.013 0.003 0.004 0.075 0.058 0.006 0.041 0.025 0.021 0.019 
 112   (0.063) 0.006 0.003 0.386 0.014 0.005 0.005 0.078 0.014 0.003 0.003 0.127 0.103 0.004 0.063 0.022 0.020 0.127 
 104   (0.027) 0.003 0.001 0.004 0.004 0.002 0.002 0.021 0.004 0.001 0.001 0.004 0.019 0.002 0.004 0.100 0.006 0.004 
 118   (0.025) 0.003 0.001 0.005 0.008 0.002 0.002 0.027 0.004 0.001 0.001 0.003 0.006 0.001 0.003 0.009 0.008 0.004 

Locus 8 : 
5 alleles
2.2% missing data
 160   (0.155) 0.021 0.066 0.035 0.068 0.383 0.238 0.139 0.311 0.007 0.539 0.202 0.063 0.038 0.283 0.063 0.053 0.144 
 162   (0.635) 0.116 0.912 0.777 0.455 0.601 0.733 0.657 0.612 0.981 0.452 0.687 0.823 0.912 0.444 0.608 0.804 0.795 
 164   (0.090) 0.811 0.006 0.018 0.452 0.007 0.011 0.094 0.018 0.004 0.004 0.021 0.046 0.013 0.021 0.127 0.030 0.021 
 166   (0.023) 0.003 0.004 0.004 0.005 0.002 0.002 0.022 0.005 0.001 0.001 0.007 0.011 0.005 0.005 0.013 0.008 0.004 
 158   (0.096) 0.048 0.012 0.166 0.021 0.007 0.016 0.088 0.054 0.007 0.004 0.082 0.057 0.032 0.246 0.188 0.106 0.036 

Locus 9 : 
4 alleles
0.0% missing data
 229   (0.500) 0.498 0.616 0.522 0.582 0.236 0.196 0.477 0.847 0.935 0.504 0.362 0.316 0.965 0.233 0.419 0.592 0.141 
 226   (0.350) 0.049 0.376 0.449 0.091 0.752 0.059 0.385 0.112 0.057 0.485 0.552 0.544 0.025 0.707 0.366 0.334 0.826 
 223   (0.127) 0.450 0.007 0.026 0.324 0.010 0.734 0.118 0.036 0.007 0.011 0.079 0.132 0.008 0.045 0.207 0.063 0.029 
 232   (0.023) 0.002 0.001 0.004 0.004 0.002 0.011 0.020 0.005 0.001 0.001 0.007 0.009 0.001 0.015 0.009 0.011 0.004 

Values of parameters used in structure:
DATAFILE=C:\Users\eschumacher\Documents\GitHub\Ten_Oaks\Data_Files\QUTO_wild\project_data,	OUTFILE=C:\Users\eschumacher\Documents\GitHub\Ten_Oaks\Data_Files\QUTO_wild\50-50\Results\50-50_run_83,	NUMINDS=136,	NUMLOCI=9,	MISSING=-9,	LABEL=1,	POPDATA=1,	POPFLAG=0,	PHENOTYPE=0,	EXTRACOLS=0,	MAXPOPS=17,	BURNIN=50000,	NUMREPS=50000,	USEPOPINFO=0,	INFERALPHA=1,	INFERLAMBDA=0,	POPSPECIFICLAMBDA=0,	POPALPHAS=0,	COMPUTEPROB=1,	NOADMIX=0,	ADMBURNIN=2500,	UPDATEFREQ=1,	PRINTLIKES=0,	INTERMEDSAVE=0,	PRINTKLD=0,	PRINTNET=0,	PRINTLAMBDA=0,	ANCESTDIST=0,	NUMBOXES=1000,	ANCESTPINT=0.90000,	GENSBACK=2,	MIGRPRIOR=0.05000,	PRINTQHAT=0,	PRINTQSUM=0,	ALPHA=1.0000,	FREQSCORR=1,	FPRIORMEAN=0.0100,	FPRIORSD=0.0500,	ONEFST=0,	LAMBDA=1.0000,	UNIFPRIORALPHA=1,	ALPHAMAX=10.0000,	ALPHAPRIORA=1.0000,	ALPHAPRIORB=2.0000,	ALPHAPROPSD=0.0250,	STARTATPOPINFO=0,	RANDOMIZE=1,	LINKAGE=0,	METROFREQ=10,	REPORTHITRATE=0,	MARKOVPHASE=-1,	PHASED=0,	PLOIDY=2,	PHASEINFO=0	LOCPRIOR=0, 	LOCPRIORINIT=1.000000, 	LOCDATA=0, 	LOCISPOP=0, 	LOCPRIORSTEP=0.100000, 	MAXLOCPRIOR=20.000000, 	SEED=1689804898,	
[STRAT parameters]:    NUMSIMSTATS=1000,	PHENOTYPECOL=-9,	POOLFREQ=10,	LOCUSxONLY=0,	EMERROR=0.00100,	MISSINGPHENO=-9,	