

----------------------------------------------------
STRUCTURE by Pritchard, Stephens and Donnelly (2000)
     and Falush, Stephens and Pritchard (2003)
       Code by Pritchard, Falush and Hubisz
             Version 2.3.4 (Jul 2012)
----------------------------------------------------



Command line arguments:   bin\structure -m C:\Users\eschumacher\Documents\GitHub\Ten_Oaks\Data_Files\QUTO_wild\50-50\mainparams -e C:\Users\eschumacher\Documents\GitHub\Ten_Oaks\Data_Files\QUTO_wild\50-50\extraparams 
Input File:    C:\Users\eschumacher\Documents\GitHub\Ten_Oaks\Data_Files\QUTO_wild\project_data

Run parameters:
   136 individuals
   9 loci
   17 populations assumed
   50000 Burn-in period
   50000 Reps


--------------------------------------------
Proportion of membership of each pre-defined
 population in each of the 17 clusters

Given    Inferred Clusters                                                                                                         Number of
 Pop       1      2      3      4      5      6      7      8      9     10     11     12     13     14     15     16     17      Individuals

  1:     0.047  0.287  0.010  0.022  0.017  0.026  0.163  0.016  0.013  0.039  0.042  0.053  0.012  0.013  0.015  0.201  0.023        1
  2:     0.007  0.008  0.004  0.010  0.008  0.004  0.009  0.459  0.439  0.010  0.010  0.006  0.006  0.005  0.005  0.006  0.005        4
  3:     0.017  0.019  0.011  0.015  0.784  0.007  0.022  0.010  0.008  0.015  0.018  0.014  0.015  0.005  0.013  0.022  0.004        4
  4:     0.047  0.056  0.004  0.007  0.036  0.008  0.028  0.009  0.005  0.012  0.015  0.058  0.005  0.547  0.011  0.141  0.008        5
  5:     0.039  0.064  0.014  0.127  0.132  0.102  0.053  0.104  0.142  0.035  0.030  0.031  0.015  0.011  0.011  0.061  0.027       71
  6:     0.124  0.009  0.006  0.007  0.004  0.003  0.026  0.004  0.004  0.011  0.012  0.014  0.008  0.010  0.564  0.188  0.005        2
  7:     0.035  0.020  0.026  0.007  0.009  0.004  0.033  0.014  0.016  0.070  0.048  0.037  0.019  0.006  0.005  0.027  0.623        5
  8:     0.150  0.052  0.014  0.052  0.012  0.027  0.065  0.011  0.010  0.093  0.131  0.157  0.041  0.055  0.033  0.084  0.014       10
  9:     0.028  0.026  0.016  0.026  0.076  0.021  0.085  0.014  0.015  0.067  0.110  0.282  0.047  0.114  0.040  0.023  0.010        8
 10:     0.030  0.044  0.037  0.006  0.012  0.014  0.048  0.023  0.111  0.086  0.059  0.023  0.302  0.116  0.023  0.022  0.045        9
 11:     0.019  0.013  0.574  0.010  0.013  0.031  0.023  0.028  0.010  0.082  0.050  0.013  0.058  0.031  0.026  0.014  0.005        3
 12:     0.092  0.033  0.006  0.011  0.038  0.011  0.035  0.010  0.006  0.033  0.066  0.030  0.007  0.010  0.012  0.041  0.558        1
 13:     0.058  0.101  0.024  0.009  0.007  0.006  0.042  0.016  0.030  0.034  0.024  0.015  0.506  0.008  0.021  0.062  0.038        3
 14:     0.182  0.147  0.004  0.006  0.004  0.005  0.023  0.018  0.014  0.028  0.031  0.119  0.007  0.048  0.019  0.320  0.023        1
 15:     0.007  0.005  0.905  0.021  0.005  0.003  0.005  0.004  0.003  0.005  0.005  0.006  0.005  0.005  0.005  0.006  0.005        2
 16:     0.176  0.201  0.011  0.036  0.009  0.006  0.043  0.031  0.021  0.027  0.032  0.031  0.147  0.009  0.032  0.160  0.026        4
 17:     0.006  0.006  0.004  0.004  0.008  0.021  0.006  0.004  0.005  0.006  0.006  0.005  0.006  0.004  0.899  0.006  0.003        3
--------------------------------------------

Allele-freq. divergence among pops (Net nucleotide distance),
computed using point estimates of P.

      1       2       3       4       5       6       7       8       9      10      11      12      13      14      15      16      17      
 1      -    0.0138  0.1427  0.1153  0.1304  0.1336  0.0134  0.0953  0.1438  0.0130  0.0099  0.0308  0.0831  0.1289  0.0707  0.0077  0.1888  
 2   0.0138     -    0.1597  0.1093  0.1280  0.1249  0.0074  0.1132  0.1355  0.0216  0.0220  0.0389  0.1168  0.1437  0.0932  0.0082  0.1904  
 3   0.1427  0.1597     -    0.1976  0.3264  0.2566  0.1537  0.2025  0.2477  0.1308  0.1362  0.1630  0.1802  0.2578  0.2532  0.1632  0.2802  
 4   0.1153  0.1093  0.1976     -    0.1895  0.2490  0.1236  0.2297  0.2813  0.1218  0.1281  0.1405  0.2000  0.2574  0.2194  0.1063  0.2791  
 5   0.1304  0.1280  0.3264  0.1895     -    0.1884  0.1039  0.2476  0.2563  0.1072  0.1040  0.1196  0.1809  0.2275  0.1382  0.1342  0.3899  
 6   0.1336  0.1249  0.2566  0.2490  0.1884     -    0.1063  0.2541  0.2699  0.1163  0.1139  0.1406  0.2372  0.2073  0.1922  0.1399  0.3235  
 7   0.0134  0.0074  0.1537  0.1236  0.1039  0.1063     -    0.1040  0.1230  0.0092  0.0077  0.0237  0.1096  0.1178  0.0837  0.0159  0.1878  
 8   0.0953  0.1132  0.2025  0.2297  0.2476  0.2541  0.1040     -    0.1289  0.0826  0.0905  0.1302  0.1521  0.1786  0.1831  0.1130  0.2430  
 9   0.1438  0.1355  0.2477  0.2813  0.2563  0.2699  0.1230  0.1289     -    0.1198  0.1262  0.1576  0.2287  0.2014  0.2386  0.1596  0.3423  
10   0.0130  0.0216  0.1308  0.1218  0.1072  0.1163  0.0092  0.0826  0.1198     -    0.0022  0.0203  0.0776  0.0915  0.0729  0.0211  0.1791  
11   0.0099  0.0220  0.1362  0.1281  0.1040  0.1139  0.0077  0.0905  0.1262  0.0022     -    0.0152  0.0809  0.1014  0.0719  0.0210  0.1815  
12   0.0308  0.0389  0.1630  0.1405  0.1196  0.1406  0.0237  0.1302  0.1576  0.0203  0.0152     -    0.1062  0.1263  0.0977  0.0322  0.1730  
13   0.0831  0.1168  0.1802  0.2000  0.1809  0.2372  0.1096  0.1521  0.2287  0.0776  0.0809  0.1062     -    0.1874  0.1105  0.1033  0.2886  
14   0.1289  0.1437  0.2578  0.2574  0.2275  0.2073  0.1178  0.1786  0.2014  0.0915  0.1014  0.1263  0.1874     -    0.1905  0.1437  0.2813  
15   0.0707  0.0932  0.2532  0.2194  0.1382  0.1922  0.0837  0.1831  0.2386  0.0729  0.0719  0.0977  0.1105  0.1905     -    0.0779  0.3307  
16   0.0077  0.0082  0.1632  0.1063  0.1342  0.1399  0.0159  0.1130  0.1596  0.0211  0.0210  0.0322  0.1033  0.1437  0.0779     -    0.1853  
17   0.1888  0.1904  0.2802  0.2791  0.3899  0.3235  0.1878  0.2430  0.3423  0.1791  0.1815  0.1730  0.2886  0.2813  0.3307  0.1853     -    

Average distances (expected heterozygosity) between individuals in same cluster:
cluster  1  : 0.5356 
cluster  2  : 0.4627 
cluster  3  : 0.4149 
cluster  4  : 0.2451 
cluster  5  : 0.3031 
cluster  6  : 0.3394 
cluster  7  : 0.5467 
cluster  8  : 0.4164 
cluster  9  : 0.3130 
cluster 10  : 0.6115 
cluster 11  : 0.6153 
cluster 12  : 0.5971 
cluster 13  : 0.4587 
cluster 14  : 0.4692 
cluster 15  : 0.4508 
cluster 16  : 0.4701 
cluster 17  : 0.3293 

--------------------------------------------
Estimated Ln Prob of Data   = -2335.3
Mean value of ln likelihood = -1845.8
Variance of ln likelihood   = 978.9
Mean value of alpha         = 0.0353

Mean value of Fst_1         = 0.2865
Mean value of Fst_2         = 0.3318
Mean value of Fst_3         = 0.4310
Mean value of Fst_4         = 0.5832
Mean value of Fst_5         = 0.4916
Mean value of Fst_6         = 0.4977
Mean value of Fst_7         = 0.2279
Mean value of Fst_8         = 0.4034
Mean value of Fst_9         = 0.5001
Mean value of Fst_10         = 0.0001
Mean value of Fst_11         = 0.0872
Mean value of Fst_12         = 0.2057
Mean value of Fst_13         = 0.3500
Mean value of Fst_14         = 0.3772
Mean value of Fst_15         = 0.3636
Mean value of Fst_16         = 0.3199
Mean value of Fst_17         = 0.5467


Inferred ancestry of individuals:
        Label (%Miss) Pop:  Inferred clusters
  1 QTo-W-0007   (11)    1 :  0.047 0.287 0.010 0.022 0.017 0.026 0.163 0.016 0.013 0.039 0.042 0.053 0.012 0.013 0.015 0.201 0.023 
  2 QTo-W-0009    (0)    2 :  0.005 0.006 0.004 0.026 0.018 0.004 0.007 0.885 0.008 0.006 0.005 0.005 0.004 0.004 0.004 0.005 0.004 
  3 QTo-W-0010    (0)    2 :  0.012 0.012 0.006 0.005 0.005 0.004 0.016 0.027 0.815 0.025 0.023 0.010 0.009 0.009 0.006 0.010 0.006 
  4 QTo-W-0011    (0)    2 :  0.005 0.006 0.004 0.004 0.005 0.005 0.006 0.917 0.010 0.005 0.005 0.004 0.004 0.004 0.004 0.005 0.006 
  5 QTo-W-0012   (22)    2 :  0.005 0.006 0.004 0.004 0.005 0.003 0.006 0.007 0.921 0.005 0.005 0.004 0.005 0.005 0.006 0.005 0.003 
  6 QTo-W-0020   (22)    3 :  0.004 0.004 0.003 0.006 0.931 0.003 0.005 0.003 0.006 0.004 0.004 0.005 0.005 0.004 0.004 0.004 0.003 
  7 QTo-W-0021   (22)    3 :  0.011 0.015 0.005 0.014 0.851 0.015 0.010 0.005 0.006 0.008 0.008 0.008 0.008 0.006 0.011 0.015 0.004 
  8 QTo-W-0023   (22)    3 :  0.009 0.011 0.005 0.032 0.852 0.006 0.011 0.006 0.008 0.007 0.009 0.007 0.006 0.005 0.013 0.009 0.004 
  9 QTo-W-0024   (11)    3 :  0.046 0.048 0.032 0.010 0.501 0.006 0.064 0.025 0.011 0.042 0.049 0.036 0.041 0.005 0.023 0.058 0.005 
 10 QTo-W-0033    (0)    4 :  0.008 0.008 0.004 0.004 0.013 0.005 0.006 0.019 0.006 0.009 0.009 0.007 0.005 0.881 0.005 0.007 0.005 
 11 QTo-W-0035   (11)    4 :  0.006 0.006 0.004 0.005 0.005 0.006 0.006 0.006 0.006 0.006 0.006 0.006 0.005 0.912 0.005 0.006 0.006 
 12 QTo-W-0036    (0)    4 :  0.004 0.004 0.004 0.004 0.004 0.005 0.005 0.005 0.005 0.005 0.004 0.004 0.004 0.931 0.004 0.004 0.005 
 13 QTo-W-0039   (11)    4 :  0.092 0.146 0.006 0.016 0.106 0.016 0.075 0.008 0.006 0.016 0.026 0.123 0.007 0.006 0.013 0.329 0.010 
 14 QTo-W-0041    (0)    4 :  0.126 0.116 0.004 0.008 0.054 0.011 0.047 0.006 0.004 0.025 0.033 0.151 0.005 0.005 0.030 0.360 0.014 
 15 QTo-W-0044    (0)    5 :  0.011 0.012 0.006 0.046 0.010 0.043 0.010 0.585 0.006 0.020 0.015 0.007 0.157 0.004 0.005 0.009 0.053 
 16 QTo-W-0047    (0)    5 :  0.008 0.008 0.004 0.005 0.005 0.004 0.008 0.888 0.018 0.009 0.009 0.005 0.006 0.005 0.005 0.006 0.007 
 17 QTo-W-0048   (11)    5 :  0.006 0.011 0.006 0.006 0.006 0.006 0.009 0.886 0.014 0.007 0.006 0.005 0.005 0.006 0.005 0.008 0.009 
 18 QTo-W-0049    (0)    5 :  0.008 0.007 0.005 0.004 0.004 0.004 0.009 0.028 0.881 0.007 0.007 0.005 0.005 0.008 0.004 0.006 0.006 
 19 QTo-W-0050   (22)    5 :  0.029 0.023 0.065 0.461 0.023 0.007 0.028 0.028 0.027 0.049 0.035 0.022 0.013 0.127 0.019 0.039 0.006 
 20 QTo-W-0052    (0)    5 :  0.009 0.026 0.011 0.005 0.004 0.090 0.015 0.010 0.012 0.014 0.014 0.010 0.040 0.005 0.004 0.009 0.724 
 21 QTo-W-0054    (0)    5 :  0.005 0.006 0.004 0.004 0.004 0.004 0.006 0.006 0.928 0.004 0.004 0.004 0.004 0.004 0.004 0.005 0.003 
 22 QTo-W-0056    (0)    5 :  0.005 0.005 0.004 0.004 0.004 0.003 0.006 0.023 0.910 0.005 0.005 0.004 0.004 0.004 0.003 0.005 0.006 
 23 QTo-W-0057    (0)    5 :  0.008 0.008 0.005 0.004 0.004 0.003 0.006 0.152 0.756 0.007 0.006 0.006 0.006 0.006 0.004 0.008 0.008 
 24 QTo-W-0058    (0)    5 :  0.005 0.005 0.004 0.004 0.004 0.004 0.006 0.005 0.930 0.004 0.005 0.004 0.004 0.004 0.004 0.005 0.003 
 25 QTo-W-0059    (0)    5 :  0.013 0.019 0.010 0.088 0.024 0.037 0.021 0.064 0.536 0.030 0.027 0.011 0.067 0.005 0.005 0.010 0.034 
 26 QTo-W-0060    (0)    5 :  0.007 0.008 0.004 0.004 0.005 0.004 0.007 0.068 0.848 0.006 0.006 0.005 0.004 0.006 0.005 0.008 0.006 
 27 QTo-W-0061    (0)    5 :  0.050 0.077 0.005 0.008 0.034 0.011 0.073 0.005 0.439 0.062 0.063 0.039 0.008 0.004 0.022 0.089 0.010 
 28 QTo-W-0062   (11)    5 :  0.006 0.006 0.005 0.006 0.005 0.004 0.006 0.008 0.913 0.006 0.006 0.005 0.005 0.005 0.004 0.005 0.004 
 29 QTo-W-0065   (11)    5 :  0.019 0.031 0.005 0.010 0.048 0.024 0.026 0.006 0.717 0.012 0.016 0.014 0.013 0.005 0.027 0.024 0.004 
 30 QTo-W-0067    (0)    5 :  0.019 0.024 0.004 0.008 0.031 0.013 0.021 0.036 0.745 0.014 0.013 0.010 0.006 0.007 0.012 0.029 0.006 
 31 QTo-W-0071    (0)    5 :  0.189 0.158 0.011 0.009 0.016 0.009 0.031 0.008 0.005 0.019 0.019 0.122 0.009 0.007 0.012 0.370 0.005 
 32 QTo-W-0072    (0)    5 :  0.012 0.019 0.004 0.633 0.192 0.009 0.014 0.004 0.004 0.012 0.011 0.016 0.020 0.007 0.010 0.022 0.009 
 33 QTo-W-0075    (0)    5 :  0.012 0.018 0.010 0.068 0.778 0.015 0.014 0.006 0.004 0.008 0.011 0.012 0.008 0.004 0.005 0.017 0.010 
 34 QTo-W-0076   (11)    5 :  0.015 0.014 0.009 0.018 0.782 0.007 0.011 0.012 0.008 0.015 0.013 0.012 0.036 0.010 0.015 0.018 0.004 
 35 QTo-W-0077   (11)    5 :  0.018 0.078 0.005 0.046 0.302 0.011 0.068 0.307 0.025 0.030 0.029 0.017 0.007 0.012 0.012 0.028 0.005 
 36 QTo-W-0079    (0)    5 :  0.004 0.004 0.003 0.005 0.940 0.003 0.004 0.003 0.005 0.004 0.004 0.004 0.004 0.003 0.004 0.003 0.003 
 37 QTo-W-0080   (11)    5 :  0.053 0.070 0.007 0.007 0.141 0.009 0.075 0.007 0.128 0.160 0.094 0.089 0.032 0.009 0.018 0.091 0.010 
 38 QTo-W-0081   (11)    5 :  0.012 0.014 0.004 0.006 0.837 0.009 0.018 0.007 0.007 0.009 0.010 0.010 0.017 0.012 0.012 0.011 0.004 
 39 QTo-W-0082    (0)    5 :  0.034 0.029 0.007 0.009 0.740 0.005 0.013 0.007 0.014 0.018 0.016 0.026 0.014 0.005 0.011 0.046 0.003 
 40 QTo-W-0087    (0)    5 :  0.006 0.006 0.004 0.018 0.901 0.005 0.006 0.006 0.008 0.006 0.005 0.006 0.005 0.004 0.006 0.005 0.003 
 41 QTo-W-0088   (11)    5 :  0.007 0.010 0.004 0.008 0.890 0.006 0.008 0.007 0.013 0.007 0.006 0.006 0.006 0.004 0.007 0.006 0.004 
 42 QTo-W-0089   (11)    5 :  0.007 0.008 0.004 0.008 0.888 0.009 0.007 0.005 0.005 0.007 0.007 0.007 0.009 0.010 0.007 0.009 0.004 
 43 QTo-W-0090    (0)    5 :  0.022 0.019 0.004 0.008 0.739 0.008 0.015 0.025 0.006 0.041 0.028 0.016 0.012 0.024 0.008 0.023 0.003 
 44 QTo-W-0093   (11)    5 :  0.053 0.054 0.032 0.222 0.219 0.006 0.042 0.023 0.038 0.059 0.052 0.044 0.032 0.005 0.015 0.091 0.012 
 45 QTo-W-0098    (0)    5 :  0.008 0.015 0.012 0.859 0.008 0.006 0.012 0.010 0.013 0.009 0.007 0.007 0.007 0.004 0.006 0.009 0.007 
 46 QTo-W-0101   (11)    5 :  0.012 0.026 0.015 0.794 0.011 0.007 0.022 0.012 0.014 0.012 0.012 0.010 0.009 0.005 0.008 0.020 0.008 
 47 QTo-W-0114    (0)    5 :  0.007 0.009 0.005 0.897 0.012 0.008 0.008 0.003 0.004 0.005 0.006 0.007 0.004 0.004 0.006 0.009 0.005 
 48 QTo-W-0116   (11)    5 :  0.006 0.006 0.010 0.910 0.006 0.005 0.005 0.005 0.005 0.005 0.005 0.005 0.007 0.004 0.005 0.006 0.004 
 49 QTo-W-0117   (22)    5 :  0.008 0.008 0.010 0.883 0.010 0.005 0.007 0.007 0.007 0.007 0.006 0.006 0.009 0.005 0.006 0.009 0.005 
 50 QTo-W-0118    (0)    5 :  0.005 0.004 0.006 0.931 0.004 0.004 0.004 0.004 0.004 0.004 0.004 0.004 0.005 0.004 0.004 0.005 0.004 
 51 QTo-W-0121   (11)    5 :  0.010 0.009 0.008 0.836 0.033 0.004 0.008 0.024 0.006 0.011 0.009 0.008 0.009 0.005 0.005 0.012 0.004 
 52 QTo-W-0124   (11)    5 :  0.006 0.006 0.005 0.005 0.004 0.004 0.007 0.846 0.067 0.008 0.006 0.005 0.007 0.008 0.005 0.007 0.004 
 53 QTo-W-0128    (0)    5 :  0.006 0.005 0.004 0.005 0.005 0.003 0.006 0.892 0.033 0.006 0.006 0.005 0.006 0.006 0.004 0.005 0.003 
 54 QTo-W-0129    (0)    5 :  0.008 0.008 0.006 0.004 0.005 0.004 0.009 0.841 0.033 0.022 0.017 0.009 0.007 0.010 0.005 0.009 0.004 
 55 QTo-W-0131   (11)    5 :  0.063 0.042 0.009 0.006 0.029 0.025 0.132 0.019 0.037 0.260 0.205 0.046 0.021 0.050 0.018 0.034 0.004 
 56 QTo-W-0133   (11)    5 :  0.063 0.149 0.167 0.011 0.015 0.014 0.118 0.038 0.021 0.055 0.051 0.050 0.009 0.012 0.016 0.092 0.120 
 57 QTo-W-0137    (0)    5 :  0.144 0.122 0.013 0.063 0.020 0.006 0.024 0.013 0.006 0.048 0.045 0.115 0.012 0.005 0.028 0.331 0.006 
 58 QTo-W-0138    (0)    5 :  0.052 0.094 0.010 0.004 0.003 0.025 0.151 0.246 0.217 0.041 0.054 0.022 0.020 0.007 0.006 0.034 0.012 
 59 QTo-W-0139    (0)    5 :  0.007 0.005 0.005 0.004 0.004 0.875 0.007 0.010 0.005 0.007 0.006 0.006 0.006 0.006 0.004 0.007 0.038 
 60 QTo-W-0140   (22)    5 :  0.006 0.006 0.004 0.004 0.004 0.912 0.006 0.005 0.005 0.006 0.005 0.006 0.006 0.008 0.004 0.005 0.007 
 61 QTo-W-0142    (0)    5 :  0.004 0.005 0.004 0.004 0.004 0.931 0.004 0.003 0.003 0.004 0.004 0.004 0.005 0.004 0.003 0.005 0.006 
 62 QTo-W-0144    (0)    5 :  0.048 0.138 0.053 0.009 0.007 0.007 0.110 0.014 0.234 0.104 0.067 0.029 0.008 0.018 0.057 0.092 0.006 
 63 QTo-W-0149   (22)    5 :  0.008 0.009 0.006 0.006 0.009 0.794 0.009 0.005 0.006 0.012 0.011 0.007 0.005 0.005 0.097 0.008 0.004 
 64 QTo-W-0151   (11)    5 :  0.014 0.026 0.005 0.005 0.040 0.789 0.022 0.005 0.015 0.013 0.012 0.017 0.006 0.005 0.006 0.015 0.005 
 65 QTo-W-0153   (22)    5 :  0.006 0.007 0.005 0.006 0.007 0.912 0.006 0.004 0.005 0.006 0.005 0.005 0.004 0.005 0.007 0.006 0.004 
 66 QTo-W-0154    (0)    5 :  0.020 0.033 0.007 0.033 0.013 0.747 0.019 0.005 0.004 0.010 0.010 0.022 0.008 0.006 0.013 0.039 0.012 
 67 QTo-W-0159   (11)    5 :  0.123 0.148 0.018 0.034 0.007 0.009 0.099 0.007 0.015 0.021 0.022 0.101 0.016 0.006 0.010 0.330 0.033 
 68 QTo-W-0161   (11)    5 :  0.040 0.056 0.007 0.052 0.009 0.598 0.035 0.005 0.006 0.017 0.013 0.046 0.008 0.008 0.012 0.067 0.020 
 69 QTo-W-0162    (0)    5 :  0.066 0.088 0.043 0.168 0.020 0.015 0.058 0.004 0.005 0.189 0.126 0.079 0.020 0.017 0.008 0.081 0.011 
 70 QTo-W-0163   (11)    5 :  0.063 0.081 0.012 0.006 0.205 0.031 0.108 0.006 0.025 0.083 0.105 0.153 0.020 0.014 0.021 0.056 0.011 
 71 QTo-W-0167   (11)    5 :  0.069 0.037 0.025 0.287 0.020 0.007 0.054 0.073 0.011 0.046 0.039 0.038 0.010 0.046 0.027 0.094 0.118 
 72 QTo-W-0170    (0)    5 :  0.173 0.122 0.017 0.029 0.007 0.006 0.044 0.020 0.007 0.061 0.048 0.094 0.017 0.009 0.008 0.261 0.076 
 73 QTo-W-0171   (22)    5 :  0.124 0.127 0.044 0.011 0.013 0.012 0.088 0.036 0.070 0.072 0.063 0.082 0.020 0.035 0.018 0.177 0.006 
 74 QTo-W-0172   (22)    5 :  0.060 0.056 0.082 0.068 0.007 0.024 0.067 0.008 0.007 0.273 0.137 0.046 0.022 0.031 0.009 0.034 0.070 
 75 QTo-W-0173   (11)    5 :  0.178 0.104 0.006 0.015 0.013 0.012 0.053 0.014 0.008 0.019 0.018 0.114 0.009 0.005 0.015 0.378 0.041 
 76 QTo-W-0174    (0)    5 :  0.050 0.226 0.006 0.248 0.041 0.013 0.132 0.008 0.015 0.018 0.023 0.035 0.009 0.008 0.008 0.134 0.025 
 77 QTo-W-0175    (0)    5 :  0.063 0.161 0.010 0.006 0.011 0.010 0.283 0.026 0.075 0.133 0.104 0.030 0.016 0.008 0.009 0.051 0.004 
 78 QTo-W-0182   (22)    5 :  0.010 0.009 0.005 0.007 0.008 0.004 0.008 0.877 0.009 0.009 0.009 0.006 0.010 0.005 0.008 0.009 0.005 
 79 QTo-W-0184    (0)    5 :  0.078 0.109 0.007 0.038 0.034 0.010 0.124 0.011 0.010 0.102 0.094 0.134 0.084 0.048 0.011 0.070 0.035 
 80 QTo-W-0188    (0)    5 :  0.118 0.083 0.066 0.013 0.005 0.006 0.113 0.014 0.016 0.042 0.042 0.077 0.010 0.005 0.006 0.193 0.192 
 81 QTo-W-0192   (11)    5 :  0.008 0.424 0.005 0.009 0.009 0.008 0.332 0.025 0.014 0.011 0.014 0.007 0.005 0.005 0.008 0.110 0.005 
 82 QTo-W-0193    (0)    5 :  0.009 0.430 0.004 0.006 0.007 0.007 0.332 0.005 0.024 0.021 0.016 0.007 0.005 0.004 0.007 0.111 0.005 
 83 QTo-W-0194    (0)    5 :  0.008 0.433 0.004 0.006 0.006 0.006 0.347 0.016 0.024 0.010 0.007 0.005 0.004 0.004 0.006 0.110 0.004 
 84 QTo-W-0196   (11)    5 :  0.189 0.195 0.018 0.014 0.024 0.019 0.123 0.006 0.009 0.017 0.092 0.089 0.012 0.005 0.011 0.160 0.016 
 85 QTo-W-0197    (0)    5 :  0.174 0.174 0.012 0.013 0.091 0.009 0.111 0.011 0.006 0.021 0.091 0.088 0.008 0.004 0.009 0.164 0.015 
 86 QTo-W-0200   (11)    6 :  0.124 0.010 0.005 0.007 0.004 0.003 0.027 0.004 0.004 0.011 0.012 0.013 0.008 0.010 0.566 0.189 0.005 
 87 QTo-W-0201   (22)    6 :  0.124 0.009 0.006 0.007 0.004 0.003 0.026 0.004 0.004 0.012 0.013 0.015 0.007 0.010 0.563 0.187 0.006 
 88 QTo-W-0205    (0)    7 :  0.004 0.005 0.006 0.004 0.003 0.003 0.004 0.003 0.003 0.004 0.004 0.004 0.003 0.003 0.003 0.005 0.940 
 89 QTo-W-0208    (0)    7 :  0.056 0.032 0.015 0.010 0.034 0.008 0.075 0.051 0.062 0.158 0.109 0.101 0.079 0.012 0.012 0.034 0.151 
 90 QTo-W-0211    (0)    7 :  0.102 0.056 0.102 0.013 0.004 0.005 0.075 0.005 0.008 0.177 0.117 0.071 0.006 0.006 0.005 0.085 0.166 
 91 QTo-W-0212   (11)    7 :  0.004 0.005 0.004 0.004 0.003 0.003 0.005 0.005 0.005 0.004 0.004 0.004 0.003 0.004 0.003 0.004 0.934 
 92 QTo-W-0213    (0)    7 :  0.007 0.005 0.005 0.004 0.003 0.003 0.005 0.004 0.004 0.006 0.005 0.007 0.003 0.004 0.003 0.008 0.924 
 93 QTo-W-0216   (11)    8 :  0.418 0.019 0.005 0.005 0.007 0.006 0.079 0.007 0.007 0.013 0.206 0.006 0.009 0.005 0.089 0.113 0.004 
 94 QTo-W-0220    (0)    8 :  0.410 0.017 0.004 0.004 0.006 0.004 0.083 0.015 0.009 0.015 0.213 0.010 0.009 0.004 0.081 0.111 0.004 
 95 QTo-W-0224   (11)    8 :  0.109 0.128 0.039 0.015 0.008 0.026 0.038 0.032 0.024 0.093 0.059 0.034 0.259 0.045 0.009 0.075 0.006 
 96 QTo-W-0225   (11)    8 :  0.011 0.010 0.004 0.005 0.008 0.004 0.107 0.007 0.018 0.013 0.157 0.605 0.008 0.004 0.007 0.012 0.017 
 97 QTo-W-0227   (11)    8 :  0.233 0.021 0.028 0.007 0.015 0.008 0.083 0.011 0.007 0.095 0.150 0.032 0.069 0.079 0.067 0.089 0.005 
 98 QTo-W-0229    (0)    8 :  0.010 0.007 0.003 0.003 0.040 0.005 0.101 0.003 0.009 0.010 0.154 0.603 0.008 0.004 0.021 0.015 0.004 
 99 QTo-W-0231    (0)    8 :  0.009 0.016 0.005 0.003 0.006 0.005 0.046 0.012 0.005 0.519 0.239 0.032 0.005 0.059 0.007 0.005 0.027 
100 QTo-W-0238   (22)    8 :  0.187 0.189 0.010 0.022 0.008 0.021 0.031 0.009 0.007 0.020 0.026 0.110 0.020 0.015 0.020 0.271 0.034 
101 QTo-W-0240    (0)    8 :  0.078 0.085 0.009 0.017 0.006 0.011 0.046 0.011 0.008 0.114 0.069 0.063 0.014 0.306 0.018 0.119 0.025 
102 QTo-W-0242    (0)    8 :  0.031 0.023 0.028 0.442 0.011 0.175 0.037 0.003 0.003 0.041 0.041 0.076 0.007 0.027 0.007 0.030 0.016 
103 QTo-W-0244    (0)    9 :  0.036 0.054 0.016 0.044 0.008 0.007 0.017 0.004 0.003 0.016 0.014 0.019 0.068 0.634 0.011 0.040 0.008 
104 QTo-W-0245   (11)    9 :  0.036 0.025 0.013 0.010 0.012 0.026 0.098 0.011 0.006 0.104 0.129 0.268 0.025 0.183 0.012 0.033 0.010 
105 QTo-W-0251    (0)    9 :  0.024 0.040 0.036 0.085 0.308 0.007 0.037 0.004 0.004 0.066 0.049 0.026 0.009 0.005 0.263 0.026 0.010 
106 QTo-W-0253    (0)    9 :  0.025 0.012 0.006 0.023 0.018 0.004 0.121 0.005 0.004 0.024 0.146 0.545 0.031 0.006 0.006 0.018 0.007 
107 QTo-W-0256   (11)    9 :  0.037 0.020 0.006 0.007 0.079 0.006 0.084 0.071 0.062 0.108 0.131 0.283 0.036 0.035 0.010 0.020 0.006 
108 QTo-W-0258    (0)    9 :  0.033 0.023 0.006 0.005 0.159 0.016 0.052 0.010 0.031 0.121 0.111 0.182 0.199 0.020 0.012 0.016 0.004 
109 QTo-W-0259    (0)    9 :  0.010 0.011 0.014 0.026 0.017 0.077 0.131 0.004 0.005 0.030 0.141 0.497 0.003 0.010 0.004 0.009 0.009 
110 QTo-W-0260   (22)    9 :  0.021 0.024 0.032 0.011 0.005 0.026 0.143 0.005 0.005 0.065 0.159 0.435 0.005 0.018 0.004 0.018 0.024 
111 QTo-W-0274   (11)   10 :  0.016 0.014 0.005 0.006 0.011 0.005 0.019 0.006 0.005 0.038 0.027 0.030 0.784 0.005 0.016 0.009 0.003 
112 QTo-W-0275    (0)   10 :  0.030 0.047 0.094 0.007 0.004 0.026 0.057 0.032 0.244 0.135 0.079 0.025 0.022 0.066 0.094 0.028 0.010 
113 QTo-W-0278    (0)   10 :  0.084 0.152 0.091 0.007 0.037 0.020 0.128 0.007 0.009 0.076 0.080 0.052 0.063 0.031 0.016 0.069 0.077 
114 QTo-W-0283   (11)   10 :  0.015 0.025 0.008 0.006 0.013 0.007 0.045 0.026 0.041 0.079 0.056 0.015 0.018 0.490 0.008 0.014 0.132 
115 QTo-W-0284    (0)   10 :  0.015 0.020 0.012 0.006 0.010 0.009 0.040 0.016 0.023 0.129 0.089 0.016 0.022 0.396 0.036 0.011 0.150 
116 QTo-W-0287   (22)   10 :  0.009 0.006 0.004 0.005 0.013 0.005 0.010 0.008 0.007 0.009 0.010 0.006 0.875 0.011 0.010 0.006 0.004 
117 QTo-W-0289   (22)   10 :  0.009 0.009 0.007 0.008 0.007 0.004 0.009 0.008 0.007 0.008 0.010 0.006 0.882 0.005 0.009 0.006 0.005 
118 QTo-W-0293    (0)   10 :  0.074 0.053 0.096 0.006 0.004 0.020 0.088 0.092 0.014 0.271 0.161 0.032 0.042 0.010 0.009 0.025 0.005 
119 QTo-W-0295   (11)   10 :  0.020 0.069 0.012 0.004 0.007 0.030 0.040 0.009 0.649 0.024 0.022 0.020 0.008 0.029 0.010 0.027 0.020 
120 QTo-W-0296   (11)   11 :  0.007 0.009 0.843 0.009 0.007 0.045 0.008 0.007 0.010 0.010 0.008 0.007 0.007 0.006 0.007 0.008 0.004 
121 QTo-W-0298    (0)   11 :  0.007 0.008 0.865 0.008 0.005 0.042 0.007 0.005 0.007 0.007 0.006 0.006 0.007 0.004 0.005 0.007 0.004 
122 QTo-W-0300   (11)   11 :  0.042 0.023 0.015 0.012 0.028 0.005 0.055 0.070 0.013 0.231 0.136 0.028 0.161 0.084 0.065 0.028 0.005 
123 QTo-W-0302    (0)   12 :  0.092 0.033 0.006 0.011 0.038 0.011 0.035 0.010 0.006 0.033 0.066 0.030 0.007 0.010 0.012 0.041 0.558 
124 QTo-W-0305    (0)   13 :  0.017 0.026 0.022 0.006 0.008 0.008 0.012 0.008 0.005 0.036 0.022 0.009 0.768 0.010 0.022 0.016 0.006 
125 QTo-W-0308   (11)   13 :  0.022 0.036 0.034 0.008 0.008 0.006 0.016 0.010 0.007 0.040 0.026 0.010 0.711 0.006 0.033 0.019 0.007 
126 QTo-W-0309   (11)   13 :  0.134 0.241 0.015 0.013 0.004 0.005 0.099 0.029 0.079 0.026 0.024 0.024 0.037 0.007 0.009 0.150 0.103 
127 QTo-W-0311    (0)   14 :  0.182 0.147 0.004 0.006 0.004 0.005 0.023 0.018 0.014 0.028 0.031 0.119 0.007 0.048 0.019 0.320 0.023 
128 QTo-W-0312    (0)   15 :  0.006 0.004 0.892 0.036 0.006 0.003 0.004 0.004 0.003 0.006 0.006 0.006 0.005 0.004 0.004 0.006 0.004 
129 QTo-W-0315   (11)   15 :  0.007 0.005 0.918 0.006 0.004 0.003 0.005 0.005 0.004 0.005 0.005 0.006 0.005 0.005 0.005 0.006 0.005 
130 QTo-W-0318    (0)   16 :  0.178 0.184 0.017 0.039 0.004 0.007 0.019 0.006 0.014 0.026 0.031 0.013 0.231 0.009 0.034 0.154 0.035 
131 QTo-W-0322   (11)   16 :  0.193 0.178 0.011 0.045 0.005 0.006 0.017 0.009 0.009 0.020 0.026 0.017 0.213 0.011 0.056 0.162 0.021 
132 QTo-W-0326   (22)   16 :  0.173 0.213 0.009 0.043 0.007 0.006 0.052 0.083 0.027 0.028 0.026 0.036 0.076 0.010 0.024 0.161 0.025 
133 QTo-W-0327   (11)   16 :  0.160 0.229 0.007 0.017 0.020 0.007 0.081 0.028 0.035 0.034 0.047 0.058 0.068 0.007 0.014 0.164 0.023 
134 QTo-W-0328    (0)   17 :  0.006 0.005 0.004 0.004 0.007 0.051 0.006 0.004 0.005 0.008 0.006 0.004 0.006 0.004 0.871 0.006 0.003 
135 QTo-W-0329    (0)   17 :  0.006 0.006 0.003 0.004 0.007 0.005 0.005 0.004 0.005 0.005 0.006 0.004 0.006 0.004 0.924 0.005 0.003 
136 QTo-W-0330   (11)   17 :  0.007 0.007 0.004 0.005 0.010 0.006 0.007 0.005 0.006 0.006 0.006 0.005 0.008 0.005 0.903 0.008 0.003 


Estimated Allele Frequencies in each cluster
First column gives estimated ancestral frequencies


Locus 1 : 
4 alleles
0.7% missing data
 149   (0.841) 0.955 0.968 0.592 0.993 0.993 0.987 0.859 0.987 0.993 0.841 0.799 0.583 0.975 0.936 0.973 0.971 0.194 
 147   (0.065) 0.016 0.014 0.390 0.003 0.003 0.006 0.038 0.005 0.003 0.065 0.060 0.072 0.010 0.011 0.011 0.011 0.246 
 155   (0.058) 0.018 0.012 0.012 0.002 0.002 0.004 0.025 0.005 0.002 0.058 0.042 0.019 0.009 0.044 0.010 0.011 0.557 
 161   (0.037) 0.012 0.007 0.006 0.001 0.002 0.003 0.078 0.003 0.002 0.037 0.098 0.327 0.007 0.009 0.006 0.007 0.003 

Locus 2 : 
6 alleles
12.5% missing data
 179   (0.374) 0.502 0.557 0.070 0.239 0.967 0.900 0.550 0.036 0.064 0.373 0.460 0.440 0.356 0.063 0.836 0.527 0.029 
 176   (0.136) 0.102 0.071 0.028 0.011 0.006 0.052 0.102 0.567 0.161 0.136 0.108 0.084 0.055 0.049 0.031 0.110 0.932 
 173   (0.266) 0.161 0.153 0.059 0.016 0.016 0.026 0.206 0.376 0.746 0.266 0.233 0.249 0.116 0.796 0.072 0.160 0.020 
 164   (0.031) 0.009 0.007 0.005 0.001 0.001 0.003 0.012 0.004 0.021 0.031 0.024 0.012 0.008 0.006 0.006 0.007 0.002 
 182   (0.145) 0.199 0.190 0.832 0.730 0.007 0.015 0.074 0.013 0.006 0.145 0.108 0.073 0.349 0.076 0.043 0.176 0.013 
 170   (0.049) 0.027 0.022 0.007 0.003 0.002 0.004 0.055 0.004 0.002 0.049 0.066 0.142 0.116 0.010 0.011 0.021 0.004 

Locus 3 : 
17 alleles
0.0% missing data
 220   (0.167) 0.225 0.174 0.048 0.010 0.008 0.013 0.158 0.432 0.104 0.167 0.186 0.105 0.190 0.367 0.052 0.132 0.531 
 222   (0.170) 0.185 0.193 0.218 0.012 0.224 0.319 0.150 0.017 0.019 0.171 0.168 0.284 0.193 0.083 0.309 0.272 0.020 
 218   (0.156) 0.239 0.283 0.027 0.008 0.171 0.011 0.243 0.438 0.674 0.156 0.182 0.115 0.300 0.063 0.331 0.172 0.021 
 226   (0.059) 0.019 0.022 0.011 0.935 0.563 0.006 0.045 0.073 0.005 0.059 0.055 0.081 0.020 0.010 0.014 0.018 0.008 
 258   (0.076) 0.065 0.054 0.278 0.003 0.009 0.005 0.076 0.009 0.005 0.076 0.066 0.043 0.017 0.013 0.016 0.061 0.016 
 224   (0.051) 0.039 0.011 0.209 0.011 0.002 0.003 0.029 0.006 0.002 0.051 0.040 0.027 0.010 0.393 0.101 0.052 0.008 
 228   (0.078) 0.124 0.121 0.025 0.008 0.012 0.006 0.089 0.007 0.006 0.077 0.080 0.093 0.015 0.012 0.036 0.185 0.376 
 256   (0.022) 0.005 0.004 0.003 0.001 0.001 0.001 0.009 0.002 0.175 0.022 0.017 0.006 0.003 0.003 0.004 0.004 0.002 
 264   (0.019) 0.004 0.003 0.002 0.001 0.001 0.166 0.007 0.001 0.001 0.019 0.014 0.005 0.003 0.003 0.003 0.003 0.001 
 230   (0.028) 0.007 0.005 0.143 0.001 0.001 0.456 0.010 0.002 0.001 0.028 0.022 0.009 0.004 0.004 0.005 0.004 0.002 
 260   (0.039) 0.016 0.016 0.008 0.004 0.002 0.003 0.018 0.003 0.002 0.039 0.029 0.018 0.007 0.026 0.007 0.014 0.004 
 262   (0.018) 0.007 0.005 0.007 0.001 0.001 0.001 0.008 0.001 0.001 0.018 0.013 0.006 0.003 0.003 0.003 0.004 0.003 
 234   (0.019) 0.005 0.089 0.002 0.001 0.001 0.001 0.078 0.002 0.001 0.019 0.013 0.005 0.003 0.002 0.003 0.023 0.001 
 232   (0.023) 0.040 0.004 0.004 0.001 0.001 0.002 0.016 0.002 0.001 0.023 0.022 0.008 0.006 0.005 0.102 0.042 0.002 
 250   (0.025) 0.005 0.004 0.003 0.001 0.001 0.002 0.030 0.002 0.001 0.025 0.046 0.126 0.003 0.003 0.004 0.004 0.002 
 216   (0.021) 0.006 0.006 0.007 0.001 0.001 0.002 0.026 0.002 0.001 0.021 0.027 0.059 0.003 0.004 0.003 0.005 0.003 
 266   (0.029) 0.009 0.005 0.004 0.001 0.001 0.002 0.010 0.003 0.001 0.029 0.022 0.009 0.220 0.005 0.008 0.005 0.002 

Locus 4 : 
2 alleles
1.5% missing data
 137   (0.977) 0.928 0.996 0.997 0.999 0.999 0.998 0.980 0.998 0.999 0.977 0.952 0.993 0.997 0.997 0.986 0.980 0.999 
 139   (0.023) 0.072 0.004 0.003 0.001 0.001 0.002 0.020 0.002 0.001 0.023 0.048 0.007 0.003 0.003 0.014 0.020 0.001 

Locus 5 : 
17 alleles
11.8% missing data
 187   (0.301) 0.483 0.615 0.057 0.733 0.017 0.096 0.435 0.034 0.015 0.301 0.309 0.537 0.199 0.221 0.248 0.681 0.843 
 243   (0.038) 0.010 0.070 0.005 0.002 0.003 0.003 0.066 0.429 0.002 0.038 0.028 0.011 0.008 0.006 0.006 0.019 0.003 
 203   (0.087) 0.032 0.022 0.012 0.007 0.374 0.006 0.063 0.011 0.934 0.087 0.099 0.184 0.038 0.014 0.016 0.019 0.008 
 201   (0.114) 0.082 0.067 0.017 0.047 0.437 0.008 0.085 0.326 0.007 0.114 0.107 0.085 0.059 0.029 0.026 0.090 0.009 
 197   (0.062) 0.047 0.013 0.010 0.003 0.144 0.004 0.033 0.006 0.003 0.062 0.059 0.021 0.225 0.661 0.015 0.020 0.005 
 195   (0.057) 0.019 0.017 0.008 0.007 0.004 0.444 0.023 0.035 0.006 0.057 0.044 0.025 0.369 0.009 0.010 0.010 0.085 
 247   (0.024) 0.006 0.005 0.003 0.001 0.001 0.002 0.010 0.102 0.002 0.024 0.017 0.007 0.007 0.004 0.004 0.004 0.002 
 235   (0.031) 0.019 0.016 0.005 0.003 0.003 0.003 0.015 0.003 0.002 0.031 0.024 0.020 0.010 0.005 0.008 0.027 0.003 
 249   (0.021) 0.005 0.004 0.003 0.183 0.001 0.001 0.007 0.002 0.001 0.021 0.016 0.006 0.004 0.003 0.003 0.003 0.001 
 199   (0.057) 0.036 0.060 0.838 0.004 0.005 0.005 0.059 0.006 0.006 0.057 0.048 0.033 0.021 0.012 0.036 0.030 0.013 
 245   (0.031) 0.022 0.041 0.005 0.002 0.001 0.004 0.082 0.023 0.015 0.032 0.034 0.014 0.011 0.005 0.005 0.015 0.003 
 219   (0.043) 0.012 0.009 0.008 0.002 0.002 0.395 0.017 0.004 0.003 0.043 0.032 0.014 0.011 0.009 0.156 0.008 0.003 
 217   (0.028) 0.008 0.006 0.004 0.002 0.002 0.021 0.010 0.003 0.001 0.028 0.022 0.009 0.007 0.004 0.425 0.005 0.002 
 229   (0.024) 0.007 0.030 0.003 0.001 0.001 0.002 0.028 0.002 0.001 0.024 0.017 0.007 0.005 0.004 0.004 0.010 0.002 
 215   (0.028) 0.187 0.009 0.004 0.002 0.002 0.002 0.041 0.003 0.001 0.028 0.106 0.009 0.006 0.004 0.029 0.048 0.013 
 205   (0.024) 0.006 0.005 0.003 0.001 0.001 0.002 0.008 0.002 0.001 0.024 0.016 0.008 0.005 0.005 0.004 0.004 0.002 
 227   (0.030) 0.019 0.012 0.016 0.001 0.001 0.003 0.019 0.009 0.001 0.030 0.023 0.010 0.013 0.005 0.005 0.007 0.002 

Locus 6 : 
25 alleles
30.9% missing data
 214   (0.064) 0.076 0.025 0.017 0.004 0.005 0.008 0.045 0.212 0.121 0.064 0.075 0.025 0.025 0.022 0.021 0.032 0.007 
 222   (0.060) 0.071 0.064 0.015 0.004 0.027 0.007 0.029 0.491 0.084 0.060 0.046 0.052 0.015 0.139 0.015 0.106 0.007 
 206   (0.058) 0.053 0.170 0.042 0.007 0.008 0.008 0.145 0.008 0.372 0.058 0.052 0.042 0.013 0.015 0.016 0.095 0.021 
 218   (0.076) 0.125 0.274 0.028 0.005 0.010 0.067 0.180 0.017 0.366 0.076 0.071 0.040 0.062 0.021 0.020 0.129 0.071 
 216   (0.060) 0.055 0.045 0.017 0.007 0.415 0.050 0.079 0.007 0.003 0.060 0.105 0.249 0.023 0.015 0.015 0.039 0.025 
 208   (0.041) 0.020 0.015 0.010 0.003 0.212 0.005 0.029 0.005 0.002 0.041 0.037 0.037 0.012 0.134 0.009 0.014 0.005 
 238   (0.045) 0.021 0.015 0.118 0.535 0.168 0.005 0.018 0.005 0.002 0.045 0.034 0.022 0.009 0.009 0.017 0.023 0.005 
 204   (0.022) 0.007 0.005 0.005 0.001 0.002 0.002 0.009 0.002 0.001 0.022 0.016 0.007 0.004 0.431 0.004 0.005 0.002 
 234   (0.056) 0.050 0.033 0.019 0.004 0.009 0.006 0.040 0.006 0.004 0.056 0.054 0.087 0.012 0.013 0.014 0.074 0.132 
 242   (0.032) 0.064 0.025 0.008 0.002 0.004 0.004 0.025 0.004 0.002 0.032 0.032 0.067 0.006 0.008 0.122 0.101 0.004 
 210   (0.148) 0.195 0.177 0.619 0.406 0.048 0.314 0.153 0.032 0.011 0.148 0.163 0.120 0.534 0.075 0.042 0.164 0.677 
 246   (0.025) 0.018 0.013 0.006 0.002 0.004 0.004 0.025 0.003 0.009 0.025 0.022 0.012 0.006 0.007 0.009 0.016 0.003 
 258   (0.025) 0.043 0.036 0.009 0.002 0.026 0.003 0.015 0.003 0.001 0.025 0.020 0.028 0.007 0.006 0.007 0.062 0.004 
 240   (0.015) 0.008 0.005 0.004 0.001 0.034 0.002 0.007 0.003 0.001 0.015 0.011 0.006 0.004 0.006 0.004 0.005 0.002 
 256   (0.018) 0.005 0.004 0.004 0.001 0.001 0.002 0.007 0.119 0.003 0.018 0.014 0.007 0.003 0.004 0.004 0.004 0.002 
 254   (0.017) 0.006 0.005 0.005 0.001 0.001 0.002 0.007 0.046 0.001 0.017 0.015 0.006 0.004 0.005 0.004 0.004 0.002 
 236   (0.044) 0.025 0.022 0.020 0.003 0.004 0.491 0.051 0.015 0.005 0.044 0.048 0.068 0.012 0.017 0.010 0.015 0.005 
 248   (0.023) 0.040 0.011 0.010 0.001 0.002 0.002 0.019 0.003 0.003 0.023 0.018 0.010 0.005 0.006 0.123 0.056 0.002 
 252   (0.019) 0.010 0.014 0.005 0.001 0.002 0.002 0.028 0.002 0.002 0.019 0.017 0.007 0.004 0.004 0.004 0.007 0.002 
 224   (0.031) 0.064 0.009 0.008 0.002 0.003 0.004 0.036 0.005 0.002 0.031 0.058 0.056 0.013 0.007 0.014 0.022 0.007 
 230   (0.035) 0.012 0.009 0.009 0.002 0.005 0.004 0.016 0.004 0.002 0.036 0.027 0.012 0.007 0.009 0.285 0.008 0.004 
 228   (0.020) 0.009 0.006 0.005 0.001 0.006 0.002 0.010 0.002 0.001 0.020 0.017 0.018 0.017 0.006 0.005 0.005 0.002 
 266   (0.018) 0.007 0.005 0.004 0.001 0.001 0.002 0.008 0.002 0.001 0.018 0.014 0.008 0.063 0.004 0.005 0.004 0.002 
 212   (0.024) 0.008 0.006 0.006 0.001 0.002 0.003 0.011 0.003 0.001 0.024 0.019 0.009 0.005 0.033 0.225 0.006 0.007 
 232   (0.023) 0.008 0.009 0.008 0.001 0.002 0.002 0.009 0.002 0.001 0.023 0.016 0.007 0.136 0.005 0.007 0.006 0.002 

Locus 7 : 
7 alleles
1.5% missing data
 108   (0.622) 0.737 0.878 0.936 0.974 0.424 0.973 0.775 0.828 0.981 0.622 0.642 0.643 0.168 0.440 0.166 0.807 0.964 
 116   (0.032) 0.011 0.007 0.007 0.001 0.001 0.002 0.014 0.143 0.001 0.032 0.023 0.009 0.008 0.004 0.005 0.006 0.002 
 110   (0.166) 0.067 0.053 0.029 0.017 0.567 0.012 0.111 0.014 0.009 0.166 0.160 0.210 0.655 0.175 0.046 0.045 0.021 
 114   (0.061) 0.038 0.013 0.011 0.002 0.003 0.004 0.027 0.006 0.004 0.061 0.041 0.020 0.015 0.361 0.385 0.049 0.004 
 112   (0.076) 0.136 0.041 0.012 0.003 0.003 0.005 0.044 0.006 0.003 0.076 0.085 0.024 0.148 0.012 0.392 0.088 0.005 
 104   (0.023) 0.005 0.003 0.003 0.001 0.001 0.001 0.022 0.002 0.001 0.023 0.035 0.088 0.003 0.003 0.004 0.004 0.002 
 118   (0.021) 0.005 0.004 0.002 0.001 0.001 0.001 0.007 0.002 0.001 0.021 0.015 0.007 0.003 0.004 0.003 0.003 0.002 

Locus 8 : 
5 alleles
2.2% missing data
 160   (0.160) 0.060 0.184 0.430 0.063 0.007 0.024 0.175 0.387 0.541 0.160 0.122 0.058 0.135 0.059 0.035 0.071 0.237 
 162   (0.638) 0.715 0.736 0.312 0.919 0.983 0.283 0.636 0.596 0.451 0.638 0.622 0.671 0.819 0.449 0.915 0.827 0.736 
 164   (0.092) 0.031 0.024 0.018 0.006 0.004 0.664 0.064 0.008 0.004 0.092 0.082 0.099 0.024 0.470 0.015 0.020 0.010 
 166   (0.021) 0.007 0.007 0.004 0.003 0.001 0.003 0.009 0.002 0.001 0.021 0.015 0.010 0.004 0.004 0.003 0.006 0.002 
 158   (0.089) 0.186 0.048 0.235 0.009 0.006 0.026 0.116 0.007 0.004 0.089 0.159 0.162 0.018 0.019 0.031 0.076 0.016 

Locus 9 : 
4 alleles
0.0% missing data
 229   (0.511) 0.423 0.595 0.285 0.616 0.940 0.778 0.643 0.245 0.509 0.511 0.499 0.449 0.116 0.574 0.423 0.473 0.186 
 226   (0.353) 0.482 0.320 0.686 0.375 0.053 0.026 0.268 0.744 0.480 0.353 0.365 0.354 0.840 0.075 0.548 0.446 0.051 
 223   (0.115) 0.086 0.081 0.021 0.008 0.006 0.195 0.079 0.009 0.011 0.115 0.121 0.188 0.041 0.348 0.025 0.075 0.755 
 232   (0.021) 0.009 0.005 0.009 0.001 0.001 0.001 0.010 0.002 0.001 0.021 0.015 0.009 0.003 0.003 0.003 0.006 0.008 

Values of parameters used in structure:
DATAFILE=C:\Users\eschumacher\Documents\GitHub\Ten_Oaks\Data_Files\QUTO_wild\project_data,	OUTFILE=C:\Users\eschumacher\Documents\GitHub\Ten_Oaks\Data_Files\QUTO_wild\50-50\Results\50-50_run_81,	NUMINDS=136,	NUMLOCI=9,	MISSING=-9,	LABEL=1,	POPDATA=1,	POPFLAG=0,	PHENOTYPE=0,	EXTRACOLS=0,	MAXPOPS=17,	BURNIN=50000,	NUMREPS=50000,	USEPOPINFO=0,	INFERALPHA=1,	INFERLAMBDA=0,	POPSPECIFICLAMBDA=0,	POPALPHAS=0,	COMPUTEPROB=1,	NOADMIX=0,	ADMBURNIN=2500,	UPDATEFREQ=1,	PRINTLIKES=0,	INTERMEDSAVE=0,	PRINTKLD=0,	PRINTNET=0,	PRINTLAMBDA=0,	ANCESTDIST=0,	NUMBOXES=1000,	ANCESTPINT=0.90000,	GENSBACK=2,	MIGRPRIOR=0.05000,	PRINTQHAT=0,	PRINTQSUM=0,	ALPHA=1.0000,	FREQSCORR=1,	FPRIORMEAN=0.0100,	FPRIORSD=0.0500,	ONEFST=0,	LAMBDA=1.0000,	UNIFPRIORALPHA=1,	ALPHAMAX=10.0000,	ALPHAPRIORA=1.0000,	ALPHAPRIORB=2.0000,	ALPHAPROPSD=0.0250,	STARTATPOPINFO=0,	RANDOMIZE=1,	LINKAGE=0,	METROFREQ=10,	REPORTHITRATE=0,	MARKOVPHASE=-1,	PHASED=0,	PLOIDY=2,	PHASEINFO=0	LOCPRIOR=0, 	LOCPRIORINIT=1.000000, 	LOCDATA=0, 	LOCISPOP=0, 	LOCPRIORSTEP=0.100000, 	MAXLOCPRIOR=20.000000, 	SEED=1689804738,	
[STRAT parameters]:    NUMSIMSTATS=1000,	PHENOTYPECOL=-9,	POOLFREQ=10,	LOCUSxONLY=0,	EMERROR=0.00100,	MISSINGPHENO=-9,	