

----------------------------------------------------
STRUCTURE by Pritchard, Stephens and Donnelly (2000)
     and Falush, Stephens and Pritchard (2003)
       Code by Pritchard, Falush and Hubisz
             Version 2.3.4 (Jul 2012)
----------------------------------------------------



Command line arguments:   bin\structure -m C:\Users\eschumacher\Documents\GitHub\Ten_Oaks\Data_Files\QUTO_wild\50-50\mainparams -e C:\Users\eschumacher\Documents\GitHub\Ten_Oaks\Data_Files\QUTO_wild\50-50\extraparams 
Input File:    C:\Users\eschumacher\Documents\GitHub\Ten_Oaks\Data_Files\QUTO_wild\project_data

Run parameters:
   136 individuals
   9 loci
   20 populations assumed
   50000 Burn-in period
   50000 Reps


--------------------------------------------
Proportion of membership of each pre-defined
 population in each of the 20 clusters

Given    Inferred Clusters                                                                                                                              Number of
 Pop       1      2      3      4      5      6      7      8      9     10     11     12     13     14     15     16     17     18     19     20      Individuals

  1:     0.026  0.179  0.017  0.021  0.283  0.056  0.017  0.018  0.026  0.096  0.009  0.016  0.017  0.016  0.050  0.011  0.028  0.069  0.016  0.029        1
  2:     0.005  0.007  0.011  0.007  0.007  0.004  0.007  0.459  0.006  0.006  0.005  0.005  0.006  0.006  0.008  0.427  0.005  0.008  0.004  0.007        4
  3:     0.004  0.011  0.024  0.009  0.026  0.013  0.019  0.007  0.015  0.019  0.005  0.015  0.735  0.016  0.023  0.008  0.009  0.022  0.006  0.012        4
  4:     0.009  0.021  0.012  0.014  0.076  0.017  0.007  0.007  0.016  0.112  0.534  0.008  0.027  0.006  0.040  0.005  0.017  0.059  0.007  0.008        5
  5:     0.025  0.043  0.059  0.021  0.069  0.065  0.121  0.061  0.026  0.045  0.010  0.010  0.126  0.015  0.033  0.133  0.021  0.047  0.051  0.021       71
  6:     0.004  0.367  0.005  0.533  0.004  0.004  0.005  0.004  0.005  0.006  0.014  0.010  0.004  0.006  0.006  0.004  0.006  0.006  0.003  0.005        2
  7:     0.625  0.014  0.006  0.019  0.022  0.004  0.007  0.022  0.048  0.033  0.005  0.005  0.009  0.021  0.030  0.014  0.025  0.053  0.006  0.032        5
  8:     0.015  0.041  0.012  0.079  0.028  0.007  0.051  0.011  0.042  0.094  0.041  0.061  0.010  0.103  0.092  0.009  0.161  0.071  0.037  0.034       10
  9:     0.010  0.025  0.036  0.035  0.023  0.011  0.025  0.006  0.038  0.125  0.107  0.044  0.071  0.033  0.046  0.013  0.260  0.049  0.020  0.025        8
 10:     0.045  0.027  0.035  0.025  0.040  0.012  0.006  0.014  0.046  0.025  0.112  0.023  0.011  0.231  0.106  0.105  0.016  0.051  0.016  0.051        9
 11:     0.004  0.015  0.084  0.028  0.015  0.038  0.012  0.007  0.159  0.013  0.024  0.033  0.009  0.039  0.030  0.009  0.008  0.035  0.007  0.430        3
 12:     0.569  0.016  0.007  0.027  0.019  0.022  0.011  0.015  0.017  0.030  0.008  0.031  0.039  0.057  0.048  0.006  0.029  0.029  0.008  0.013        1
 13:     0.034  0.059  0.027  0.075  0.032  0.006  0.009  0.013  0.019  0.035  0.007  0.018  0.006  0.329  0.141  0.020  0.054  0.042  0.008  0.066        3
 14:     0.032  0.120  0.075  0.153  0.071  0.006  0.007  0.010  0.064  0.157  0.032  0.005  0.004  0.006  0.044  0.014  0.070  0.106  0.008  0.014        1
 15:     0.005  0.005  0.004  0.007  0.004  0.004  0.022  0.004  0.502  0.005  0.004  0.004  0.005  0.005  0.005  0.003  0.005  0.006  0.003  0.397        2
 16:     0.020  0.189  0.039  0.251  0.023  0.008  0.020  0.017  0.020  0.078  0.007  0.012  0.009  0.020  0.018  0.015  0.164  0.067  0.007  0.015        4
 17:     0.003  0.006  0.004  0.006  0.006  0.042  0.004  0.004  0.004  0.006  0.004  0.870  0.007  0.006  0.006  0.004  0.005  0.006  0.004  0.005        3
--------------------------------------------

Allele-freq. divergence among pops (Net nucleotide distance),
computed using point estimates of P.

      1       2       3       4       5       6       7       8       9      10      11      12      13      14      15      16      17      18      19      20      
 1      -    0.2023  0.3385  0.2066  0.2172  0.3784  0.2879  0.2353  0.2045  0.1760  0.3053  0.3696  0.4037  0.2781  0.2125  0.3599  0.1795  0.1783  0.3166  0.2340  
 2   0.2023     -    0.1455  0.0149  0.0247  0.1586  0.1136  0.1312  0.0644  0.0193  0.1488  0.1028  0.1485  0.0767  0.0302  0.1487  0.0357  0.0139  0.2012  0.0879  
 3   0.3385  0.1455     -    0.1366  0.1716  0.3269  0.2768  0.1546  0.1454  0.1464  0.1945  0.2445  0.2897  0.1605  0.1252  0.1448  0.1581  0.1216  0.3248  0.1646  
 4   0.2066  0.0149  0.1366     -    0.0716  0.2119  0.1216  0.1385  0.0628  0.0364  0.1478  0.1158  0.1856  0.0679  0.0419  0.1743  0.0368  0.0292  0.2355  0.0919  
 5   0.2172  0.0247  0.1716  0.0716     -    0.1134  0.1349  0.1471  0.0857  0.0219  0.1651  0.1090  0.1111  0.1007  0.0319  0.1489  0.0613  0.0192  0.1652  0.1009  
 6   0.3784  0.1586  0.3269  0.2119  0.1134     -    0.2494  0.2867  0.2124  0.1373  0.2899  0.1875  0.1715  0.2241  0.1453  0.3021  0.1883  0.1365  0.2435  0.2224  
 7   0.2879  0.1136  0.2768  0.1216  0.1349  0.2494     -    0.2433  0.1342  0.1163  0.2773  0.2518  0.1968  0.1936  0.1369  0.2925  0.1390  0.1121  0.3035  0.1509  
 8   0.2353  0.1312  0.1546  0.1385  0.1471  0.2867  0.2433     -    0.1472  0.1393  0.2315  0.2160  0.2645  0.1543  0.1193  0.1858  0.1559  0.1130  0.2808  0.1601  
 9   0.2045  0.0644  0.1454  0.0628  0.0857  0.2124  0.1342  0.1472     -    0.0560  0.1691  0.1646  0.2094  0.0913  0.0524  0.1706  0.0598  0.0438  0.2000  0.0155  
10   0.1760  0.0193  0.1464  0.0364  0.0219  0.1373  0.1163  0.1393  0.0560     -    0.1468  0.1019  0.1108  0.0692  0.0177  0.1598  0.0170  0.0057  0.1639  0.0811  
11   0.3053  0.1488  0.1945  0.1478  0.1651  0.2899  0.2773  0.2315  0.1691  0.1468     -    0.2190  0.2394  0.1709  0.1287  0.2172  0.1478  0.1231  0.2326  0.1888  
12   0.3696  0.1028  0.2445  0.1158  0.1090  0.1875  0.2518  0.2160  0.1646  0.1019  0.2190     -    0.1373  0.0988  0.0780  0.2540  0.1275  0.0964  0.2535  0.1826  
13   0.4037  0.1485  0.2897  0.1856  0.1111  0.1715  0.1968  0.2645  0.2094  0.1108  0.2394  0.1373     -    0.1415  0.1019  0.2665  0.1426  0.1181  0.2713  0.2269  
14   0.2781  0.0767  0.1605  0.0679  0.1007  0.2241  0.1936  0.1543  0.0913  0.0692  0.1709  0.0988  0.1415     -    0.0247  0.2053  0.0779  0.0609  0.2034  0.1030  
15   0.2125  0.0302  0.1252  0.0419  0.0319  0.1453  0.1369  0.1193  0.0524  0.0177  0.1287  0.0780  0.1019  0.0247     -    0.1493  0.0393  0.0115  0.1531  0.0675  
16   0.3599  0.1487  0.1448  0.1743  0.1489  0.3021  0.2925  0.1858  0.1706  0.1598  0.2172  0.2540  0.2665  0.2053  0.1493     -    0.1649  0.1366  0.3127  0.1796  
17   0.1795  0.0357  0.1581  0.0368  0.0613  0.1883  0.1390  0.1559  0.0598  0.0170  0.1478  0.1275  0.1426  0.0779  0.0393  0.1649     -    0.0267  0.1948  0.0930  
18   0.1783  0.0139  0.1216  0.0292  0.0192  0.1365  0.1121  0.1130  0.0438  0.0057  0.1231  0.0964  0.1181  0.0609  0.0115  0.1366  0.0267     -    0.1585  0.0652  
19   0.3166  0.2012  0.3248  0.2355  0.1652  0.2435  0.3035  0.2808  0.2000  0.1639  0.2326  0.2535  0.2713  0.2034  0.1531  0.3127  0.1948  0.1585     -    0.1970  
20   0.2340  0.0879  0.1646  0.0919  0.1009  0.2224  0.1509  0.1601  0.0155  0.0811  0.1888  0.1826  0.2269  0.1030  0.0675  0.1796  0.0930  0.0652  0.1970     -    

Average distances (expected heterozygosity) between individuals in same cluster:
cluster  1  : 0.3175 
cluster  2  : 0.4935 
cluster  3  : 0.3251 
cluster  4  : 0.5142 
cluster  5  : 0.4482 
cluster  6  : 0.1992 
cluster  7  : 0.2375 
cluster  8  : 0.3842 
cluster  9  : 0.5649 
cluster 10  : 0.5326 
cluster 11  : 0.4560 
cluster 12  : 0.4260 
cluster 13  : 0.2994 
cluster 14  : 0.5196 
cluster 15  : 0.5681 
cluster 16  : 0.3010 
cluster 17  : 0.5931 
cluster 18  : 0.5509 
cluster 19  : 0.3164 
cluster 20  : 0.5168 

--------------------------------------------
Estimated Ln Prob of Data   = -2294.5
Mean value of ln likelihood = -1765.3
Variance of ln likelihood   = 1058.5
Mean value of alpha         = 0.0353

Mean value of Fst_1         = 0.5740
Mean value of Fst_2         = 0.3572
Mean value of Fst_3         = 0.4927
Mean value of Fst_4         = 0.3072
Mean value of Fst_5         = 0.3143
Mean value of Fst_6         = 0.6654
Mean value of Fst_7         = 0.6006
Mean value of Fst_8         = 0.4587
Mean value of Fst_9         = 0.3251
Mean value of Fst_10         = 0.2898
Mean value of Fst_11         = 0.4113
Mean value of Fst_12         = 0.4208
Mean value of Fst_13         = 0.5013
Mean value of Fst_14         = 0.3351
Mean value of Fst_15         = 0.2505
Mean value of Fst_16         = 0.5242
Mean value of Fst_17         = 0.2564
Mean value of Fst_18         = 0.1812
Mean value of Fst_19         = 0.5721
Mean value of Fst_20         = 0.3432


Inferred ancestry of individuals:
        Label (%Miss) Pop:  Inferred clusters
  1 QTo-W-0007   (11)    1 :  0.026 0.179 0.017 0.021 0.283 0.056 0.017 0.018 0.026 0.096 0.009 0.016 0.017 0.016 0.050 0.011 0.028 0.069 0.016 0.029 
  2 QTo-W-0009    (0)    2 :  0.004 0.005 0.006 0.004 0.006 0.004 0.016 0.896 0.004 0.005 0.004 0.004 0.011 0.004 0.005 0.007 0.004 0.005 0.003 0.004 
  3 QTo-W-0010    (0)    2 :  0.007 0.010 0.019 0.014 0.011 0.005 0.005 0.030 0.013 0.009 0.008 0.008 0.004 0.012 0.016 0.784 0.009 0.018 0.005 0.014 
  4 QTo-W-0011    (0)    2 :  0.005 0.005 0.009 0.004 0.006 0.005 0.004 0.904 0.004 0.005 0.004 0.004 0.004 0.004 0.005 0.008 0.004 0.005 0.004 0.005 
  5 QTo-W-0012   (22)    2 :  0.003 0.006 0.008 0.005 0.006 0.004 0.004 0.005 0.004 0.005 0.005 0.005 0.005 0.005 0.005 0.908 0.004 0.005 0.003 0.004 
  6 QTo-W-0020   (22)    3 :  0.003 0.004 0.003 0.004 0.004 0.004 0.006 0.004 0.003 0.005 0.004 0.004 0.920 0.005 0.004 0.007 0.005 0.004 0.003 0.003 
  7 QTo-W-0021   (22)    3 :  0.004 0.012 0.005 0.007 0.019 0.021 0.019 0.006 0.007 0.016 0.006 0.016 0.790 0.009 0.014 0.006 0.011 0.013 0.011 0.009 
  8 QTo-W-0023   (22)    3 :  0.004 0.009 0.006 0.008 0.012 0.012 0.043 0.008 0.006 0.011 0.005 0.015 0.809 0.008 0.009 0.008 0.007 0.009 0.005 0.006 
  9 QTo-W-0024   (11)    3 :  0.004 0.020 0.082 0.020 0.068 0.013 0.009 0.011 0.043 0.045 0.005 0.027 0.421 0.042 0.064 0.011 0.014 0.062 0.006 0.031 
 10 QTo-W-0033    (0)    4 :  0.005 0.007 0.025 0.008 0.007 0.005 0.004 0.017 0.005 0.007 0.846 0.005 0.014 0.005 0.007 0.006 0.007 0.010 0.006 0.005 
 11 QTo-W-0035   (11)    4 :  0.006 0.006 0.007 0.006 0.005 0.006 0.005 0.005 0.005 0.005 0.893 0.005 0.005 0.004 0.006 0.006 0.005 0.006 0.007 0.005 
 12 QTo-W-0036    (0)    4 :  0.005 0.005 0.006 0.005 0.004 0.005 0.004 0.004 0.004 0.004 0.918 0.004 0.004 0.004 0.004 0.005 0.004 0.004 0.005 0.004 
 13 QTo-W-0039   (11)    4 :  0.010 0.036 0.011 0.013 0.199 0.043 0.013 0.005 0.026 0.262 0.005 0.016 0.066 0.011 0.102 0.005 0.026 0.130 0.010 0.011 
 14 QTo-W-0041    (0)    4 :  0.018 0.051 0.011 0.036 0.163 0.025 0.008 0.004 0.039 0.282 0.005 0.011 0.044 0.008 0.079 0.004 0.046 0.144 0.007 0.016 
 15 QTo-W-0044    (0)    5 :  0.018 0.006 0.014 0.007 0.007 0.004 0.030 0.634 0.008 0.008 0.004 0.005 0.008 0.079 0.031 0.004 0.006 0.008 0.109 0.010 
 16 QTo-W-0047    (0)    5 :  0.005 0.005 0.014 0.005 0.006 0.005 0.005 0.892 0.005 0.005 0.004 0.004 0.005 0.005 0.007 0.008 0.005 0.006 0.004 0.005 
 17 QTo-W-0048   (11)    5 :  0.008 0.008 0.010 0.006 0.010 0.006 0.006 0.874 0.006 0.006 0.005 0.005 0.005 0.006 0.006 0.011 0.005 0.007 0.004 0.006 
 18 QTo-W-0049    (0)    5 :  0.006 0.007 0.023 0.007 0.007 0.004 0.005 0.029 0.006 0.006 0.009 0.005 0.004 0.009 0.009 0.841 0.005 0.008 0.004 0.006 
 19 QTo-W-0050   (22)    5 :  0.005 0.042 0.033 0.077 0.017 0.010 0.430 0.014 0.047 0.020 0.116 0.009 0.019 0.011 0.023 0.028 0.021 0.032 0.007 0.037 
 20 QTo-W-0052    (0)    5 :  0.622 0.013 0.006 0.012 0.017 0.009 0.004 0.021 0.025 0.010 0.006 0.005 0.005 0.021 0.018 0.013 0.013 0.016 0.151 0.014 
 21 QTo-W-0054    (0)    5 :  0.003 0.006 0.007 0.005 0.006 0.004 0.004 0.005 0.004 0.004 0.004 0.004 0.004 0.004 0.004 0.915 0.004 0.004 0.003 0.004 
 22 QTo-W-0056    (0)    5 :  0.006 0.005 0.006 0.004 0.005 0.004 0.003 0.037 0.005 0.004 0.004 0.004 0.003 0.005 0.005 0.881 0.004 0.005 0.004 0.005 
 23 QTo-W-0057    (0)    5 :  0.009 0.006 0.078 0.008 0.007 0.003 0.004 0.122 0.006 0.007 0.006 0.004 0.004 0.006 0.007 0.701 0.006 0.008 0.004 0.006 
 24 QTo-W-0058    (0)    5 :  0.003 0.005 0.007 0.005 0.005 0.004 0.004 0.005 0.004 0.004 0.004 0.004 0.004 0.004 0.004 0.916 0.004 0.005 0.003 0.004 
 25 QTo-W-0059    (0)    5 :  0.020 0.011 0.010 0.008 0.014 0.005 0.078 0.072 0.015 0.014 0.005 0.005 0.021 0.039 0.022 0.538 0.010 0.014 0.085 0.014 
 26 QTo-W-0060    (0)    5 :  0.006 0.006 0.024 0.006 0.006 0.004 0.004 0.073 0.005 0.007 0.005 0.004 0.005 0.005 0.005 0.812 0.005 0.008 0.004 0.004 
 27 QTo-W-0061    (0)    5 :  0.010 0.027 0.006 0.031 0.085 0.025 0.007 0.006 0.020 0.076 0.005 0.023 0.030 0.019 0.064 0.451 0.023 0.066 0.007 0.020 
 28 QTo-W-0062   (11)    5 :  0.004 0.006 0.011 0.005 0.005 0.005 0.005 0.006 0.005 0.006 0.005 0.005 0.005 0.005 0.005 0.897 0.005 0.006 0.004 0.005 
 29 QTo-W-0065   (11)    5 :  0.004 0.022 0.008 0.010 0.033 0.035 0.009 0.008 0.010 0.017 0.004 0.028 0.039 0.014 0.018 0.689 0.013 0.018 0.012 0.010 
 30 QTo-W-0067    (0)    5 :  0.008 0.019 0.014 0.008 0.025 0.025 0.008 0.058 0.008 0.023 0.007 0.013 0.029 0.008 0.016 0.689 0.008 0.019 0.009 0.008 
 31 QTo-W-0071    (0)    5 :  0.006 0.078 0.019 0.037 0.127 0.019 0.012 0.013 0.070 0.205 0.006 0.013 0.017 0.015 0.074 0.006 0.058 0.200 0.008 0.018 
 32 QTo-W-0072    (0)    5 :  0.007 0.013 0.004 0.008 0.027 0.015 0.618 0.004 0.008 0.022 0.007 0.009 0.177 0.020 0.015 0.003 0.012 0.015 0.007 0.007 
 33 QTo-W-0075    (0)    5 :  0.010 0.007 0.007 0.005 0.022 0.017 0.057 0.005 0.007 0.037 0.004 0.005 0.724 0.009 0.020 0.004 0.006 0.028 0.014 0.010 
 34 QTo-W-0076   (11)    5 :  0.004 0.011 0.015 0.012 0.012 0.009 0.015 0.009 0.010 0.017 0.011 0.015 0.760 0.029 0.021 0.007 0.011 0.016 0.007 0.011 
 35 QTo-W-0077   (11)    5 :  0.004 0.071 0.081 0.017 0.123 0.017 0.050 0.114 0.022 0.034 0.015 0.011 0.262 0.010 0.042 0.035 0.015 0.048 0.007 0.022 
 36 QTo-W-0079    (0)    5 :  0.003 0.004 0.003 0.003 0.004 0.004 0.005 0.003 0.003 0.004 0.003 0.004 0.931 0.004 0.004 0.005 0.005 0.004 0.003 0.003 
 37 QTo-W-0080   (11)    5 :  0.009 0.043 0.008 0.056 0.067 0.015 0.007 0.009 0.060 0.106 0.009 0.023 0.122 0.025 0.076 0.123 0.070 0.128 0.008 0.036 
 38 QTo-W-0081   (11)    5 :  0.004 0.010 0.009 0.009 0.017 0.011 0.006 0.006 0.007 0.017 0.013 0.018 0.783 0.015 0.024 0.008 0.007 0.016 0.007 0.012 
 39 QTo-W-0082    (0)    5 :  0.003 0.013 0.008 0.014 0.020 0.007 0.009 0.007 0.015 0.032 0.005 0.011 0.729 0.013 0.021 0.013 0.023 0.039 0.006 0.010 
 40 QTo-W-0087    (0)    5 :  0.003 0.006 0.006 0.005 0.008 0.007 0.021 0.005 0.005 0.007 0.004 0.006 0.874 0.006 0.007 0.009 0.005 0.007 0.004 0.004 
 41 QTo-W-0088   (11)    5 :  0.004 0.008 0.008 0.006 0.012 0.010 0.008 0.006 0.005 0.009 0.004 0.009 0.859 0.007 0.010 0.013 0.007 0.008 0.005 0.005 
 42 QTo-W-0089   (11)    5 :  0.004 0.007 0.005 0.005 0.009 0.010 0.009 0.004 0.006 0.009 0.011 0.007 0.860 0.009 0.013 0.005 0.006 0.009 0.007 0.005 
 43 QTo-W-0090    (0)    5 :  0.003 0.012 0.029 0.009 0.016 0.010 0.006 0.024 0.013 0.021 0.020 0.011 0.722 0.011 0.028 0.006 0.011 0.026 0.008 0.013 
 44 QTo-W-0093   (11)    5 :  0.012 0.028 0.044 0.040 0.049 0.007 0.176 0.012 0.034 0.088 0.005 0.011 0.219 0.027 0.051 0.031 0.046 0.072 0.005 0.043 
 45 QTo-W-0098    (0)    5 :  0.006 0.014 0.010 0.008 0.016 0.008 0.832 0.009 0.009 0.009 0.004 0.006 0.009 0.007 0.007 0.011 0.007 0.010 0.005 0.013 
 46 QTo-W-0101   (11)    5 :  0.009 0.025 0.013 0.013 0.030 0.012 0.753 0.012 0.013 0.013 0.005 0.008 0.011 0.009 0.012 0.014 0.010 0.014 0.006 0.018 
 47 QTo-W-0114    (0)    5 :  0.005 0.009 0.003 0.006 0.012 0.011 0.873 0.004 0.005 0.010 0.004 0.006 0.012 0.005 0.008 0.004 0.006 0.007 0.006 0.005 
 48 QTo-W-0116   (11)    5 :  0.004 0.006 0.005 0.007 0.006 0.005 0.896 0.005 0.006 0.006 0.004 0.004 0.006 0.005 0.006 0.005 0.005 0.006 0.004 0.008 
 49 QTo-W-0117   (22)    5 :  0.004 0.009 0.007 0.010 0.007 0.008 0.859 0.008 0.009 0.008 0.005 0.006 0.010 0.006 0.007 0.007 0.008 0.008 0.005 0.008 
 50 QTo-W-0118    (0)    5 :  0.004 0.004 0.004 0.005 0.004 0.004 0.919 0.004 0.005 0.004 0.003 0.004 0.005 0.005 0.004 0.004 0.004 0.004 0.004 0.006 
 51 QTo-W-0121   (11)    5 :  0.004 0.008 0.044 0.009 0.010 0.006 0.801 0.007 0.007 0.011 0.004 0.005 0.031 0.007 0.011 0.005 0.007 0.010 0.004 0.008 
 52 QTo-W-0124   (11)    5 :  0.004 0.007 0.878 0.006 0.005 0.004 0.005 0.014 0.005 0.006 0.005 0.005 0.004 0.006 0.005 0.019 0.005 0.006 0.003 0.006 
 53 QTo-W-0128    (0)    5 :  0.003 0.004 0.917 0.005 0.004 0.004 0.004 0.007 0.004 0.004 0.004 0.004 0.004 0.004 0.004 0.009 0.004 0.004 0.003 0.004 
 54 QTo-W-0129    (0)    5 :  0.004 0.005 0.897 0.006 0.005 0.004 0.004 0.009 0.006 0.005 0.005 0.004 0.004 0.005 0.006 0.009 0.004 0.008 0.003 0.005 
 55 QTo-W-0131   (11)    5 :  0.004 0.031 0.013 0.087 0.079 0.012 0.006 0.019 0.110 0.048 0.062 0.018 0.031 0.031 0.116 0.032 0.037 0.170 0.023 0.071 
 56 QTo-W-0133   (11)    5 :  0.109 0.076 0.013 0.019 0.107 0.025 0.010 0.055 0.061 0.071 0.009 0.016 0.014 0.023 0.056 0.018 0.013 0.083 0.013 0.210 
 57 QTo-W-0137    (0)    5 :  0.007 0.058 0.028 0.050 0.091 0.010 0.064 0.014 0.069 0.215 0.004 0.021 0.025 0.019 0.069 0.006 0.052 0.170 0.007 0.022 
 58 QTo-W-0138    (0)    5 :  0.015 0.045 0.183 0.018 0.109 0.023 0.004 0.084 0.084 0.043 0.008 0.006 0.003 0.017 0.069 0.133 0.023 0.085 0.015 0.032 
 59 QTo-W-0139    (0)    5 :  0.014 0.004 0.003 0.004 0.005 0.009 0.004 0.011 0.004 0.005 0.005 0.004 0.004 0.004 0.005 0.004 0.004 0.006 0.895 0.005 
 60 QTo-W-0140   (22)    5 :  0.005 0.005 0.004 0.004 0.006 0.006 0.005 0.005 0.005 0.005 0.006 0.004 0.005 0.004 0.005 0.005 0.005 0.005 0.907 0.005 
 61 QTo-W-0142    (0)    5 :  0.004 0.004 0.003 0.004 0.005 0.011 0.004 0.003 0.004 0.005 0.004 0.004 0.004 0.004 0.005 0.003 0.004 0.005 0.916 0.004 
 62 QTo-W-0144    (0)    5 :  0.006 0.140 0.029 0.087 0.130 0.009 0.008 0.007 0.057 0.037 0.018 0.011 0.007 0.009 0.036 0.209 0.024 0.076 0.007 0.094 
 63 QTo-W-0149   (22)    5 :  0.004 0.007 0.005 0.006 0.009 0.798 0.005 0.005 0.006 0.007 0.005 0.089 0.006 0.006 0.007 0.005 0.005 0.010 0.007 0.007 
 64 QTo-W-0151   (11)    5 :  0.005 0.017 0.004 0.012 0.019 0.800 0.004 0.004 0.007 0.012 0.004 0.006 0.033 0.006 0.009 0.014 0.020 0.011 0.006 0.007 
 65 QTo-W-0153   (22)    5 :  0.004 0.006 0.004 0.004 0.007 0.906 0.005 0.004 0.004 0.005 0.004 0.006 0.006 0.004 0.005 0.005 0.004 0.005 0.006 0.005 
 66 QTo-W-0154    (0)    5 :  0.013 0.015 0.004 0.010 0.041 0.683 0.020 0.004 0.014 0.049 0.005 0.008 0.009 0.010 0.021 0.004 0.013 0.023 0.038 0.013 
 67 QTo-W-0159   (11)    5 :  0.042 0.069 0.008 0.031 0.162 0.013 0.035 0.007 0.047 0.222 0.005 0.008 0.007 0.015 0.068 0.019 0.045 0.168 0.009 0.020 
 68 QTo-W-0161   (11)    5 :  0.014 0.030 0.005 0.018 0.049 0.632 0.021 0.005 0.021 0.058 0.006 0.007 0.008 0.007 0.021 0.004 0.028 0.030 0.028 0.010 
 69 QTo-W-0162    (0)    5 :  0.010 0.059 0.005 0.072 0.052 0.024 0.166 0.005 0.071 0.092 0.009 0.008 0.022 0.013 0.053 0.004 0.087 0.141 0.014 0.092 
 70 QTo-W-0163   (11)    5 :  0.011 0.058 0.006 0.027 0.116 0.017 0.005 0.006 0.042 0.097 0.011 0.030 0.193 0.040 0.051 0.026 0.149 0.059 0.031 0.025 
 71 QTo-W-0167   (11)    5 :  0.069 0.099 0.007 0.125 0.035 0.009 0.226 0.157 0.035 0.032 0.030 0.006 0.016 0.010 0.030 0.010 0.023 0.051 0.009 0.020 
 72 QTo-W-0170    (0)    5 :  0.094 0.074 0.013 0.061 0.071 0.009 0.030 0.026 0.056 0.160 0.008 0.008 0.009 0.019 0.055 0.007 0.083 0.179 0.008 0.030 
 73 QTo-W-0171   (22)    5 :  0.006 0.057 0.136 0.052 0.085 0.016 0.012 0.011 0.113 0.079 0.024 0.017 0.014 0.018 0.074 0.052 0.046 0.135 0.013 0.042 
 74 QTo-W-0172   (22)    5 :  0.091 0.034 0.009 0.103 0.043 0.009 0.065 0.007 0.107 0.050 0.035 0.008 0.006 0.012 0.081 0.007 0.059 0.129 0.029 0.115 
 75 QTo-W-0173   (11)    5 :  0.050 0.057 0.007 0.035 0.136 0.015 0.019 0.020 0.047 0.242 0.005 0.012 0.011 0.013 0.061 0.008 0.056 0.186 0.011 0.010 
 76 QTo-W-0174    (0)    5 :  0.029 0.136 0.008 0.013 0.230 0.022 0.226 0.012 0.016 0.076 0.008 0.010 0.033 0.017 0.053 0.012 0.017 0.061 0.009 0.014 
 77 QTo-W-0175    (0)    5 :  0.004 0.095 0.060 0.018 0.210 0.026 0.006 0.008 0.115 0.060 0.007 0.015 0.011 0.018 0.120 0.039 0.016 0.125 0.006 0.041 
 78 QTo-W-0182   (22)    5 :  0.005 0.012 0.238 0.012 0.014 0.006 0.008 0.571 0.010 0.012 0.006 0.009 0.018 0.014 0.018 0.009 0.010 0.013 0.004 0.010 
 79 QTo-W-0184    (0)    5 :  0.037 0.068 0.010 0.059 0.101 0.014 0.032 0.014 0.057 0.120 0.044 0.011 0.033 0.074 0.057 0.010 0.112 0.100 0.010 0.038 
 80 QTo-W-0188    (0)    5 :  0.211 0.043 0.008 0.026 0.126 0.007 0.015 0.021 0.106 0.099 0.004 0.006 0.005 0.018 0.054 0.014 0.027 0.160 0.008 0.042 
 81 QTo-W-0192   (11)    5 :  0.005 0.355 0.007 0.007 0.494 0.012 0.010 0.023 0.006 0.009 0.004 0.008 0.009 0.006 0.009 0.008 0.006 0.010 0.005 0.007 
 82 QTo-W-0193    (0)    5 :  0.005 0.364 0.005 0.010 0.505 0.008 0.007 0.005 0.007 0.009 0.004 0.006 0.006 0.006 0.010 0.016 0.006 0.010 0.004 0.008 
 83 QTo-W-0194    (0)    5 :  0.005 0.369 0.004 0.006 0.513 0.009 0.007 0.013 0.005 0.006 0.004 0.005 0.005 0.005 0.006 0.015 0.005 0.008 0.004 0.006 
 84 QTo-W-0196   (11)    5 :  0.014 0.031 0.006 0.009 0.235 0.038 0.012 0.008 0.013 0.195 0.004 0.019 0.014 0.060 0.190 0.009 0.009 0.100 0.017 0.016 
 85 QTo-W-0197    (0)    5 :  0.010 0.021 0.024 0.007 0.225 0.036 0.009 0.006 0.010 0.197 0.004 0.012 0.047 0.053 0.198 0.006 0.007 0.100 0.012 0.016 
 86 QTo-W-0200   (11)    6 :  0.004 0.367 0.005 0.534 0.004 0.003 0.005 0.004 0.005 0.005 0.014 0.010 0.004 0.007 0.006 0.004 0.006 0.006 0.003 0.004 
 87 QTo-W-0201   (22)    6 :  0.004 0.367 0.005 0.532 0.004 0.004 0.005 0.004 0.005 0.006 0.014 0.011 0.004 0.005 0.006 0.004 0.007 0.006 0.003 0.005 
 88 QTo-W-0205    (0)    7 :  0.927 0.004 0.003 0.004 0.004 0.003 0.004 0.004 0.008 0.005 0.003 0.003 0.003 0.003 0.004 0.003 0.004 0.004 0.004 0.005 
 89 QTo-W-0208    (0)    7 :  0.138 0.022 0.013 0.045 0.037 0.007 0.010 0.092 0.037 0.082 0.010 0.014 0.033 0.074 0.087 0.052 0.075 0.095 0.013 0.064 
 90 QTo-W-0211    (0)    7 :  0.217 0.037 0.004 0.040 0.061 0.005 0.013 0.006 0.186 0.066 0.005 0.005 0.004 0.020 0.049 0.008 0.033 0.154 0.005 0.081 
 91 QTo-W-0212   (11)    7 :  0.923 0.004 0.005 0.004 0.005 0.004 0.004 0.005 0.004 0.004 0.004 0.003 0.003 0.003 0.004 0.005 0.004 0.004 0.004 0.004 
 92 QTo-W-0213    (0)    7 :  0.918 0.004 0.004 0.004 0.005 0.003 0.004 0.005 0.005 0.007 0.003 0.003 0.003 0.003 0.004 0.004 0.006 0.006 0.003 0.004 
 93 QTo-W-0216   (11)    8 :  0.005 0.011 0.008 0.082 0.012 0.008 0.005 0.009 0.007 0.009 0.005 0.252 0.006 0.317 0.200 0.008 0.011 0.019 0.005 0.020 
 94 QTo-W-0220    (0)    8 :  0.004 0.008 0.007 0.077 0.009 0.006 0.004 0.024 0.008 0.013 0.004 0.234 0.006 0.311 0.202 0.009 0.015 0.030 0.004 0.024 
 95 QTo-W-0224   (11)    8 :  0.005 0.075 0.014 0.143 0.026 0.006 0.015 0.030 0.057 0.054 0.037 0.011 0.009 0.097 0.074 0.017 0.123 0.105 0.035 0.069 
 96 QTo-W-0225   (11)    8 :  0.020 0.009 0.007 0.011 0.007 0.004 0.005 0.006 0.008 0.269 0.004 0.006 0.008 0.008 0.008 0.014 0.582 0.011 0.004 0.007 
 97 QTo-W-0227   (11)    8 :  0.005 0.056 0.017 0.104 0.028 0.010 0.006 0.009 0.054 0.033 0.067 0.044 0.013 0.241 0.166 0.006 0.024 0.065 0.013 0.038 
 98 QTo-W-0229    (0)    8 :  0.004 0.010 0.003 0.013 0.006 0.005 0.003 0.003 0.006 0.273 0.004 0.007 0.032 0.009 0.008 0.008 0.590 0.008 0.005 0.004 
 99 QTo-W-0231    (0)    8 :  0.035 0.005 0.016 0.123 0.042 0.003 0.003 0.006 0.128 0.021 0.077 0.015 0.006 0.008 0.150 0.005 0.030 0.208 0.007 0.110 
100 QTo-W-0238   (22)    8 :  0.034 0.117 0.011 0.121 0.070 0.012 0.018 0.008 0.066 0.152 0.011 0.015 0.008 0.011 0.035 0.007 0.125 0.125 0.035 0.017 
101 QTo-W-0240    (0)    8 :  0.029 0.108 0.037 0.099 0.057 0.009 0.017 0.009 0.059 0.081 0.189 0.015 0.006 0.012 0.052 0.008 0.055 0.111 0.016 0.031 
102 QTo-W-0242    (0)    8 :  0.014 0.012 0.003 0.013 0.024 0.009 0.436 0.004 0.026 0.040 0.017 0.007 0.010 0.013 0.023 0.003 0.048 0.030 0.248 0.019 
103 QTo-W-0244    (0)    9 :  0.009 0.048 0.004 0.071 0.010 0.005 0.042 0.004 0.018 0.032 0.589 0.009 0.009 0.017 0.015 0.003 0.049 0.031 0.013 0.020 
104 QTo-W-0245   (11)    9 :  0.010 0.047 0.018 0.088 0.022 0.014 0.010 0.011 0.040 0.116 0.183 0.006 0.011 0.022 0.038 0.006 0.243 0.063 0.025 0.026 
105 QTo-W-0251    (0)    9 :  0.011 0.017 0.004 0.012 0.036 0.012 0.084 0.005 0.029 0.040 0.005 0.301 0.274 0.013 0.043 0.004 0.010 0.050 0.005 0.045 
106 QTo-W-0253    (0)    9 :  0.008 0.017 0.004 0.022 0.010 0.004 0.019 0.005 0.016 0.246 0.005 0.007 0.017 0.035 0.036 0.004 0.505 0.021 0.007 0.011 
107 QTo-W-0256   (11)    9 :  0.006 0.014 0.223 0.024 0.021 0.006 0.006 0.009 0.034 0.123 0.027 0.009 0.078 0.023 0.044 0.045 0.225 0.051 0.006 0.025 
108 QTo-W-0258    (0)    9 :  0.003 0.016 0.021 0.031 0.020 0.006 0.004 0.006 0.049 0.102 0.017 0.011 0.156 0.145 0.103 0.034 0.161 0.047 0.031 0.034 
109 QTo-W-0259    (0)    9 :  0.010 0.014 0.005 0.008 0.021 0.029 0.023 0.004 0.042 0.191 0.013 0.004 0.015 0.005 0.038 0.005 0.484 0.030 0.047 0.012 
110 QTo-W-0260   (22)    9 :  0.022 0.029 0.004 0.019 0.045 0.009 0.010 0.005 0.072 0.150 0.014 0.005 0.005 0.005 0.048 0.005 0.405 0.096 0.028 0.025 
111 QTo-W-0274   (11)   10 :  0.004 0.008 0.007 0.011 0.010 0.005 0.005 0.006 0.010 0.018 0.005 0.016 0.009 0.617 0.217 0.006 0.017 0.014 0.005 0.011 
112 QTo-W-0275    (0)   10 :  0.011 0.041 0.101 0.031 0.048 0.044 0.006 0.011 0.062 0.027 0.063 0.076 0.004 0.021 0.034 0.200 0.009 0.074 0.005 0.130 
113 QTo-W-0278    (0)   10 :  0.056 0.086 0.010 0.033 0.109 0.020 0.008 0.008 0.060 0.068 0.027 0.020 0.034 0.075 0.078 0.009 0.034 0.089 0.022 0.151 
114 QTo-W-0283   (11)   10 :  0.138 0.020 0.013 0.035 0.034 0.006 0.006 0.028 0.035 0.018 0.472 0.007 0.012 0.013 0.022 0.037 0.018 0.057 0.009 0.017 
115 QTo-W-0284    (0)   10 :  0.171 0.014 0.009 0.030 0.039 0.005 0.006 0.016 0.045 0.018 0.394 0.047 0.009 0.017 0.044 0.017 0.013 0.062 0.012 0.031 
116 QTo-W-0287   (22)   10 :  0.004 0.007 0.008 0.008 0.005 0.005 0.005 0.008 0.007 0.006 0.010 0.014 0.011 0.648 0.222 0.006 0.006 0.007 0.007 0.005 
117 QTo-W-0289   (22)   10 :  0.005 0.006 0.007 0.008 0.007 0.005 0.007 0.007 0.006 0.007 0.004 0.016 0.008 0.650 0.224 0.007 0.007 0.007 0.005 0.007 
118 QTo-W-0293    (0)   10 :  0.005 0.022 0.145 0.058 0.069 0.013 0.006 0.033 0.170 0.048 0.009 0.006 0.004 0.032 0.105 0.013 0.018 0.130 0.022 0.092 
119 QTo-W-0295   (11)   10 :  0.016 0.040 0.015 0.013 0.040 0.007 0.004 0.006 0.015 0.016 0.024 0.008 0.006 0.006 0.011 0.655 0.019 0.020 0.060 0.017 
120 QTo-W-0296   (11)   11 :  0.004 0.009 0.007 0.007 0.008 0.059 0.009 0.007 0.218 0.008 0.004 0.006 0.005 0.006 0.007 0.009 0.006 0.012 0.007 0.598 
121 QTo-W-0298    (0)   11 :  0.004 0.006 0.006 0.006 0.006 0.049 0.009 0.005 0.224 0.007 0.004 0.005 0.005 0.006 0.006 0.006 0.005 0.014 0.009 0.618 
122 QTo-W-0300   (11)   11 :  0.005 0.031 0.239 0.071 0.031 0.007 0.016 0.010 0.035 0.024 0.064 0.088 0.017 0.105 0.078 0.012 0.013 0.077 0.005 0.074 
123 QTo-W-0302    (0)   12 :  0.569 0.016 0.007 0.027 0.019 0.022 0.011 0.015 0.017 0.030 0.008 0.031 0.039 0.057 0.048 0.006 0.029 0.029 0.008 0.013 
124 QTo-W-0305    (0)   13 :  0.006 0.019 0.008 0.037 0.006 0.004 0.006 0.008 0.014 0.012 0.009 0.019 0.008 0.523 0.203 0.005 0.015 0.015 0.014 0.069 
125 QTo-W-0308   (11)   13 :  0.006 0.025 0.011 0.047 0.010 0.006 0.009 0.008 0.018 0.015 0.006 0.027 0.008 0.453 0.196 0.006 0.022 0.021 0.007 0.101 
126 QTo-W-0309   (11)   13 :  0.091 0.133 0.061 0.141 0.079 0.006 0.012 0.023 0.026 0.077 0.006 0.007 0.004 0.011 0.025 0.049 0.126 0.091 0.004 0.027 
127 QTo-W-0311    (0)   14 :  0.032 0.120 0.075 0.153 0.071 0.006 0.007 0.010 0.064 0.157 0.032 0.005 0.004 0.006 0.044 0.014 0.070 0.106 0.008 0.014 
128 QTo-W-0312    (0)   15 :  0.005 0.005 0.004 0.006 0.004 0.003 0.039 0.003 0.493 0.005 0.004 0.003 0.006 0.005 0.006 0.003 0.005 0.006 0.003 0.391 
129 QTo-W-0315   (11)   15 :  0.005 0.006 0.005 0.007 0.004 0.004 0.005 0.004 0.512 0.005 0.005 0.004 0.003 0.005 0.005 0.004 0.005 0.006 0.003 0.404 
130 QTo-W-0318    (0)   16 :  0.028 0.218 0.007 0.294 0.015 0.005 0.020 0.006 0.017 0.068 0.005 0.013 0.004 0.024 0.016 0.012 0.166 0.057 0.010 0.017 
131 QTo-W-0322   (11)   16 :  0.012 0.231 0.008 0.324 0.009 0.004 0.016 0.007 0.012 0.060 0.007 0.018 0.004 0.020 0.015 0.008 0.169 0.058 0.006 0.011 
132 QTo-W-0326   (22)   16 :  0.020 0.148 0.089 0.201 0.031 0.008 0.031 0.035 0.024 0.091 0.009 0.011 0.006 0.021 0.019 0.017 0.145 0.078 0.005 0.013 
133 QTo-W-0327   (11)   16 :  0.021 0.160 0.053 0.187 0.038 0.014 0.014 0.022 0.028 0.095 0.006 0.008 0.020 0.015 0.023 0.024 0.176 0.075 0.005 0.018 
134 QTo-W-0328    (0)   17 :  0.003 0.006 0.004 0.006 0.005 0.114 0.004 0.004 0.004 0.005 0.004 0.804 0.006 0.006 0.005 0.004 0.004 0.005 0.004 0.004 
135 QTo-W-0329    (0)   17 :  0.003 0.005 0.004 0.005 0.005 0.005 0.004 0.004 0.004 0.005 0.004 0.917 0.006 0.005 0.005 0.004 0.004 0.004 0.004 0.004 
136 QTo-W-0330   (11)   17 :  0.003 0.007 0.005 0.008 0.007 0.006 0.005 0.005 0.004 0.008 0.004 0.888 0.008 0.007 0.007 0.005 0.006 0.007 0.005 0.005 


Estimated Allele Frequencies in each cluster
First column gives estimated ancestral frequencies


Locus 1 : 
4 alleles
0.7% missing data
 149   (0.842) 0.182 0.962 0.980 0.933 0.957 0.991 0.994 0.983 0.623 0.798 0.934 0.976 0.993 0.967 0.924 0.994 0.573 0.891 0.971 0.767 
 147   (0.064) 0.227 0.014 0.007 0.024 0.016 0.004 0.003 0.007 0.327 0.035 0.011 0.010 0.003 0.013 0.030 0.002 0.070 0.042 0.018 0.197 
 155   (0.051) 0.588 0.012 0.005 0.025 0.016 0.003 0.002 0.006 0.029 0.017 0.044 0.008 0.002 0.011 0.024 0.002 0.016 0.041 0.006 0.021 
 161   (0.043) 0.003 0.012 0.007 0.019 0.011 0.002 0.002 0.004 0.020 0.151 0.011 0.006 0.002 0.009 0.022 0.002 0.341 0.026 0.005 0.015 

Locus 2 : 
6 alleles
12.5% missing data
 179   (0.390) 0.028 0.467 0.055 0.248 0.717 0.955 0.224 0.045 0.198 0.523 0.062 0.884 0.968 0.538 0.547 0.057 0.357 0.416 0.707 0.186 
 176   (0.142) 0.936 0.087 0.027 0.114 0.072 0.011 0.010 0.896 0.083 0.093 0.044 0.025 0.006 0.056 0.086 0.147 0.069 0.142 0.200 0.066 
 173   (0.233) 0.016 0.170 0.882 0.222 0.134 0.017 0.013 0.033 0.178 0.166 0.811 0.047 0.015 0.102 0.171 0.765 0.212 0.227 0.047 0.110 
 164   (0.027) 0.002 0.009 0.005 0.014 0.007 0.002 0.001 0.004 0.010 0.009 0.005 0.006 0.001 0.009 0.013 0.022 0.010 0.015 0.005 0.010 
 182   (0.153) 0.014 0.245 0.025 0.369 0.049 0.012 0.750 0.016 0.507 0.125 0.069 0.030 0.008 0.170 0.127 0.006 0.216 0.163 0.033 0.607 
 170   (0.054) 0.004 0.023 0.007 0.034 0.022 0.004 0.003 0.006 0.025 0.085 0.010 0.010 0.002 0.125 0.056 0.002 0.134 0.037 0.009 0.020 

Locus 3 : 
17 alleles
0.0% missing data
 220   (0.163) 0.517 0.126 0.471 0.144 0.121 0.014 0.008 0.404 0.090 0.111 0.374 0.078 0.007 0.231 0.190 0.080 0.126 0.152 0.029 0.123 
 222   (0.184) 0.020 0.140 0.047 0.146 0.171 0.120 0.012 0.021 0.185 0.303 0.067 0.372 0.223 0.146 0.181 0.017 0.270 0.238 0.545 0.273 
 218   (0.188) 0.020 0.285 0.387 0.225 0.280 0.017 0.008 0.393 0.090 0.149 0.068 0.429 0.162 0.296 0.231 0.691 0.180 0.167 0.023 0.078 
 226   (0.071) 0.006 0.025 0.011 0.031 0.032 0.005 0.943 0.137 0.029 0.053 0.011 0.017 0.580 0.022 0.038 0.006 0.083 0.043 0.021 0.026 
 258   (0.056) 0.015 0.031 0.031 0.030 0.059 0.005 0.002 0.007 0.280 0.047 0.009 0.013 0.006 0.021 0.055 0.003 0.026 0.096 0.007 0.156 
 224   (0.048) 0.005 0.110 0.006 0.163 0.013 0.003 0.008 0.008 0.148 0.017 0.416 0.008 0.002 0.010 0.022 0.002 0.021 0.028 0.006 0.104 
 228   (0.067) 0.398 0.051 0.015 0.047 0.144 0.013 0.007 0.009 0.054 0.184 0.010 0.037 0.010 0.031 0.118 0.005 0.045 0.135 0.009 0.042 
 256   (0.018) 0.001 0.004 0.002 0.005 0.005 0.001 0.001 0.002 0.007 0.005 0.002 0.003 0.001 0.004 0.007 0.187 0.005 0.008 0.002 0.007 
 264   (0.014) 0.001 0.002 0.001 0.004 0.003 0.001 0.001 0.001 0.004 0.002 0.002 0.002 0.001 0.002 0.006 0.001 0.004 0.007 0.333 0.005 
 230   (0.025) 0.002 0.005 0.003 0.009 0.005 0.810 0.001 0.002 0.040 0.006 0.003 0.004 0.001 0.005 0.009 0.001 0.006 0.013 0.003 0.118 
 260   (0.033) 0.003 0.017 0.005 0.022 0.014 0.003 0.003 0.004 0.019 0.018 0.016 0.007 0.002 0.008 0.019 0.001 0.018 0.035 0.005 0.014 
 262   (0.021) 0.004 0.006 0.002 0.010 0.006 0.001 0.002 0.002 0.010 0.007 0.004 0.004 0.001 0.004 0.010 0.001 0.009 0.015 0.004 0.012 
 234   (0.022) 0.001 0.095 0.002 0.008 0.125 0.001 0.001 0.002 0.006 0.005 0.003 0.003 0.001 0.004 0.008 0.001 0.005 0.009 0.002 0.007 
 232   (0.022) 0.001 0.086 0.003 0.130 0.006 0.001 0.001 0.002 0.009 0.005 0.005 0.006 0.001 0.016 0.017 0.001 0.006 0.012 0.003 0.007 
 250   (0.022) 0.001 0.004 0.002 0.007 0.004 0.001 0.001 0.002 0.008 0.058 0.003 0.003 0.001 0.004 0.009 0.001 0.131 0.009 0.002 0.008 
 216   (0.017) 0.002 0.007 0.002 0.008 0.006 0.001 0.001 0.002 0.011 0.022 0.003 0.003 0.001 0.003 0.011 0.001 0.058 0.017 0.005 0.009 
 266   (0.026) 0.002 0.006 0.010 0.010 0.006 0.002 0.001 0.003 0.009 0.007 0.005 0.011 0.001 0.193 0.070 0.001 0.007 0.015 0.003 0.011 

Locus 4 : 
2 alleles
1.5% missing data
 137   (0.974) 0.998 0.996 0.997 0.985 0.995 0.999 0.999 0.997 0.992 0.994 0.997 0.957 0.999 0.940 0.954 0.999 0.993 0.988 0.998 0.990 
 139   (0.026) 0.002 0.004 0.003 0.015 0.005 0.001 0.001 0.003 0.008 0.006 0.003 0.043 0.001 0.060 0.046 0.001 0.007 0.012 0.002 0.010 

Locus 5 : 
17 alleles
11.8% missing data
 187   (0.288) 0.889 0.699 0.067 0.702 0.504 0.159 0.735 0.050 0.239 0.552 0.185 0.057 0.016 0.124 0.235 0.012 0.603 0.447 0.047 0.119 
 243   (0.061) 0.004 0.078 0.016 0.018 0.104 0.004 0.003 0.626 0.025 0.015 0.009 0.010 0.005 0.016 0.029 0.003 0.015 0.032 0.006 0.015 
 203   (0.090) 0.008 0.019 0.020 0.039 0.027 0.006 0.007 0.015 0.036 0.111 0.014 0.017 0.387 0.040 0.055 0.952 0.196 0.054 0.009 0.033 
 201   (0.101) 0.008 0.029 0.753 0.045 0.113 0.015 0.035 0.036 0.041 0.127 0.021 0.026 0.420 0.056 0.140 0.004 0.038 0.114 0.010 0.045 
 197   (0.068) 0.005 0.018 0.011 0.036 0.018 0.005 0.003 0.008 0.028 0.020 0.706 0.016 0.146 0.227 0.116 0.003 0.021 0.044 0.007 0.028 
 195   (0.049) 0.043 0.011 0.007 0.014 0.014 0.003 0.004 0.052 0.022 0.018 0.007 0.009 0.003 0.270 0.110 0.004 0.020 0.029 0.885 0.021 
 247   (0.017) 0.001 0.003 0.004 0.005 0.004 0.001 0.001 0.163 0.006 0.004 0.002 0.003 0.001 0.004 0.007 0.001 0.004 0.008 0.002 0.005 
 235   (0.034) 0.003 0.012 0.007 0.015 0.017 0.003 0.003 0.004 0.017 0.028 0.005 0.008 0.004 0.012 0.021 0.002 0.016 0.033 0.003 0.012 
 249   (0.019) 0.001 0.003 0.002 0.007 0.004 0.001 0.194 0.002 0.005 0.005 0.003 0.003 0.001 0.005 0.007 0.001 0.004 0.010 0.002 0.007 
 199   (0.055) 0.010 0.039 0.012 0.026 0.045 0.008 0.004 0.008 0.451 0.038 0.012 0.037 0.005 0.028 0.042 0.005 0.018 0.061 0.006 0.620 
 245   (0.031) 0.002 0.024 0.047 0.008 0.060 0.007 0.001 0.010 0.039 0.023 0.005 0.006 0.001 0.012 0.047 0.006 0.011 0.046 0.003 0.018 
 219   (0.039) 0.003 0.008 0.009 0.015 0.010 0.747 0.002 0.005 0.015 0.011 0.007 0.134 0.002 0.011 0.017 0.003 0.010 0.022 0.004 0.017 
 217   (0.040) 0.003 0.008 0.006 0.012 0.010 0.033 0.002 0.005 0.013 0.012 0.006 0.559 0.003 0.011 0.019 0.002 0.011 0.021 0.004 0.016 
 229   (0.025) 0.002 0.031 0.003 0.008 0.041 0.002 0.001 0.003 0.008 0.007 0.004 0.004 0.001 0.007 0.010 0.001 0.007 0.012 0.002 0.010 
 215   (0.031) 0.015 0.006 0.004 0.029 0.007 0.003 0.002 0.004 0.010 0.009 0.004 0.100 0.002 0.156 0.111 0.001 0.011 0.019 0.003 0.011 
 205   (0.017) 0.002 0.003 0.002 0.008 0.005 0.001 0.001 0.002 0.010 0.005 0.005 0.003 0.001 0.005 0.010 0.001 0.005 0.017 0.002 0.005 
 227   (0.034) 0.002 0.008 0.030 0.014 0.015 0.002 0.002 0.006 0.033 0.014 0.005 0.006 0.002 0.015 0.026 0.001 0.010 0.032 0.004 0.018 

Locus 6 : 
25 alleles
30.9% missing data
 214   (0.064) 0.006 0.022 0.012 0.041 0.024 0.009 0.004 0.339 0.039 0.025 0.024 0.036 0.005 0.062 0.061 0.115 0.030 0.052 0.011 0.032 
 222   (0.052) 0.006 0.043 0.455 0.040 0.042 0.009 0.004 0.487 0.045 0.072 0.114 0.014 0.023 0.018 0.041 0.065 0.033 0.069 0.009 0.022 
 206   (0.063) 0.024 0.160 0.016 0.029 0.226 0.012 0.007 0.011 0.093 0.056 0.016 0.019 0.008 0.026 0.046 0.392 0.031 0.080 0.011 0.049 
 218   (0.077) 0.058 0.229 0.037 0.156 0.206 0.117 0.005 0.017 0.061 0.081 0.018 0.021 0.010 0.033 0.065 0.378 0.136 0.112 0.027 0.055 
 216   (0.055) 0.025 0.036 0.011 0.050 0.026 0.116 0.006 0.009 0.034 0.133 0.012 0.017 0.428 0.032 0.038 0.003 0.273 0.043 0.010 0.028 
 208   (0.037) 0.004 0.015 0.007 0.022 0.016 0.005 0.002 0.006 0.019 0.023 0.147 0.009 0.219 0.016 0.020 0.002 0.031 0.026 0.006 0.016 
 238   (0.048) 0.004 0.014 0.008 0.021 0.018 0.007 0.550 0.006 0.109 0.025 0.009 0.020 0.161 0.014 0.024 0.002 0.017 0.036 0.008 0.064 
 204   (0.027) 0.002 0.006 0.003 0.011 0.006 0.003 0.001 0.003 0.010 0.008 0.466 0.006 0.002 0.007 0.013 0.001 0.008 0.015 0.003 0.009 
 234   (0.050) 0.155 0.026 0.009 0.026 0.039 0.008 0.003 0.008 0.046 0.083 0.011 0.013 0.007 0.018 0.034 0.003 0.071 0.063 0.007 0.022 
 242   (0.036) 0.004 0.126 0.007 0.184 0.026 0.005 0.002 0.005 0.023 0.059 0.009 0.009 0.004 0.010 0.023 0.002 0.057 0.033 0.005 0.015 
 210   (0.121) 0.668 0.086 0.029 0.090 0.196 0.108 0.394 0.048 0.308 0.215 0.053 0.041 0.034 0.450 0.322 0.009 0.075 0.177 0.505 0.501 
 246   (0.036) 0.004 0.013 0.006 0.018 0.023 0.008 0.002 0.005 0.022 0.020 0.011 0.012 0.005 0.014 0.026 0.009 0.015 0.033 0.006 0.015 
 258   (0.038) 0.006 0.022 0.008 0.019 0.030 0.007 0.003 0.007 0.027 0.046 0.008 0.011 0.029 0.014 0.029 0.002 0.025 0.060 0.006 0.017 
 240   (0.020) 0.002 0.006 0.006 0.010 0.006 0.004 0.001 0.005 0.009 0.007 0.006 0.006 0.036 0.006 0.009 0.001 0.007 0.012 0.003 0.009 
 256   (0.024) 0.002 0.006 0.228 0.008 0.006 0.002 0.001 0.003 0.010 0.007 0.005 0.005 0.002 0.006 0.011 0.001 0.007 0.013 0.003 0.009 
 254   (0.017) 0.002 0.004 0.096 0.007 0.004 0.002 0.001 0.003 0.006 0.005 0.004 0.004 0.001 0.004 0.008 0.001 0.005 0.010 0.002 0.008 
 236   (0.049) 0.005 0.017 0.030 0.022 0.028 0.554 0.003 0.011 0.046 0.041 0.018 0.011 0.004 0.016 0.040 0.003 0.062 0.045 0.349 0.023 
 248   (0.029) 0.002 0.118 0.005 0.167 0.014 0.003 0.002 0.004 0.015 0.010 0.008 0.007 0.002 0.007 0.013 0.003 0.010 0.019 0.004 0.017 
 252   (0.026) 0.002 0.013 0.007 0.011 0.022 0.005 0.001 0.003 0.018 0.011 0.005 0.007 0.002 0.008 0.017 0.002 0.008 0.021 0.003 0.013 
 224   (0.034) 0.006 0.011 0.006 0.021 0.010 0.004 0.002 0.009 0.014 0.033 0.007 0.033 0.004 0.057 0.048 0.002 0.054 0.022 0.005 0.019 
 230   (0.023) 0.002 0.005 0.004 0.010 0.008 0.003 0.001 0.003 0.014 0.008 0.008 0.384 0.003 0.006 0.013 0.001 0.008 0.018 0.003 0.008 
 228   (0.010) 0.001 0.004 0.003 0.006 0.003 0.001 0.001 0.002 0.006 0.009 0.003 0.003 0.006 0.014 0.012 0.001 0.016 0.008 0.004 0.008 
 266   (0.016) 0.001 0.004 0.003 0.007 0.005 0.002 0.001 0.002 0.008 0.007 0.003 0.004 0.001 0.057 0.025 0.001 0.006 0.008 0.002 0.008 
 212   (0.022) 0.006 0.005 0.003 0.010 0.007 0.003 0.001 0.003 0.008 0.007 0.030 0.301 0.002 0.006 0.011 0.001 0.007 0.014 0.003 0.010 
 232   (0.026) 0.002 0.008 0.004 0.015 0.007 0.003 0.001 0.003 0.011 0.009 0.005 0.008 0.002 0.097 0.051 0.001 0.009 0.014 0.003 0.025 

Locus 7 : 
7 alleles
1.5% missing data
 108   (0.630) 0.968 0.696 0.919 0.528 0.887 0.977 0.975 0.767 0.840 0.762 0.417 0.184 0.401 0.290 0.592 0.982 0.617 0.752 0.958 0.825 
 116   (0.037) 0.002 0.008 0.019 0.013 0.011 0.002 0.001 0.199 0.020 0.012 0.005 0.006 0.002 0.009 0.018 0.001 0.009 0.023 0.005 0.015 
 110   (0.151) 0.018 0.047 0.025 0.078 0.057 0.010 0.016 0.017 0.075 0.133 0.190 0.054 0.589 0.534 0.255 0.008 0.216 0.117 0.020 0.078 
 114   (0.066) 0.004 0.102 0.019 0.150 0.017 0.004 0.003 0.006 0.024 0.019 0.370 0.358 0.003 0.017 0.027 0.004 0.018 0.038 0.006 0.028 
 112   (0.070) 0.005 0.139 0.012 0.212 0.016 0.004 0.003 0.006 0.023 0.026 0.011 0.391 0.003 0.142 0.090 0.003 0.042 0.042 0.007 0.037 
 104   (0.025) 0.001 0.004 0.003 0.008 0.006 0.001 0.001 0.002 0.008 0.043 0.003 0.004 0.001 0.005 0.009 0.001 0.091 0.012 0.002 0.008 
 118   (0.022) 0.002 0.004 0.003 0.009 0.006 0.001 0.001 0.002 0.010 0.006 0.005 0.004 0.001 0.004 0.011 0.001 0.006 0.017 0.002 0.009 

Locus 8 : 
5 alleles
2.2% missing data
 160   (0.161) 0.242 0.174 0.388 0.070 0.221 0.055 0.056 0.355 0.177 0.057 0.054 0.033 0.007 0.105 0.106 0.552 0.052 0.109 0.021 0.436 
 162   (0.644) 0.731 0.765 0.589 0.826 0.673 0.905 0.924 0.625 0.528 0.772 0.421 0.887 0.983 0.736 0.683 0.440 0.695 0.724 0.099 0.386 
 164   (0.085) 0.009 0.021 0.010 0.043 0.028 0.013 0.005 0.009 0.047 0.051 0.507 0.015 0.003 0.022 0.046 0.003 0.099 0.070 0.843 0.034 
 166   (0.023) 0.002 0.007 0.003 0.010 0.007 0.004 0.003 0.002 0.010 0.011 0.004 0.004 0.001 0.005 0.010 0.001 0.011 0.017 0.003 0.010 
 158   (0.087) 0.016 0.033 0.010 0.051 0.071 0.022 0.010 0.009 0.239 0.110 0.015 0.061 0.005 0.132 0.154 0.003 0.143 0.081 0.035 0.133 

Locus 9 : 
4 alleles
0.0% missing data
 229   (0.494) 0.183 0.473 0.111 0.241 0.772 0.967 0.628 0.378 0.333 0.517 0.580 0.545 0.941 0.227 0.472 0.515 0.346 0.523 0.489 0.404 
 226   (0.362) 0.047 0.435 0.870 0.638 0.176 0.024 0.365 0.608 0.587 0.352 0.068 0.428 0.052 0.735 0.458 0.474 0.432 0.368 0.045 0.536 
 223   (0.122) 0.759 0.086 0.017 0.112 0.045 0.007 0.006 0.012 0.058 0.124 0.349 0.023 0.007 0.032 0.059 0.010 0.214 0.092 0.464 0.050 
 232   (0.022) 0.011 0.006 0.002 0.009 0.007 0.001 0.001 0.002 0.023 0.008 0.003 0.004 0.001 0.005 0.010 0.001 0.008 0.017 0.002 0.011 

Values of parameters used in structure:
DATAFILE=C:\Users\eschumacher\Documents\GitHub\Ten_Oaks\Data_Files\QUTO_wild\project_data,	OUTFILE=C:\Users\eschumacher\Documents\GitHub\Ten_Oaks\Data_Files\QUTO_wild\50-50\Results\50-50_run_98,	NUMINDS=136,	NUMLOCI=9,	MISSING=-9,	LABEL=1,	POPDATA=1,	POPFLAG=0,	PHENOTYPE=0,	EXTRACOLS=0,	MAXPOPS=20,	BURNIN=50000,	NUMREPS=50000,	USEPOPINFO=0,	INFERALPHA=1,	INFERLAMBDA=0,	POPSPECIFICLAMBDA=0,	POPALPHAS=0,	COMPUTEPROB=1,	NOADMIX=0,	ADMBURNIN=2500,	UPDATEFREQ=1,	PRINTLIKES=0,	INTERMEDSAVE=0,	PRINTKLD=0,	PRINTNET=0,	PRINTLAMBDA=0,	ANCESTDIST=0,	NUMBOXES=1000,	ANCESTPINT=0.90000,	GENSBACK=2,	MIGRPRIOR=0.05000,	PRINTQHAT=0,	PRINTQSUM=0,	ALPHA=1.0000,	FREQSCORR=1,	FPRIORMEAN=0.0100,	FPRIORSD=0.0500,	ONEFST=0,	LAMBDA=1.0000,	UNIFPRIORALPHA=1,	ALPHAMAX=10.0000,	ALPHAPRIORA=1.0000,	ALPHAPRIORB=2.0000,	ALPHAPROPSD=0.0250,	STARTATPOPINFO=0,	RANDOMIZE=1,	LINKAGE=0,	METROFREQ=10,	REPORTHITRATE=0,	MARKOVPHASE=-1,	PHASED=0,	PLOIDY=2,	PHASEINFO=0	LOCPRIOR=0, 	LOCPRIORINIT=1.000000, 	LOCDATA=0, 	LOCISPOP=0, 	LOCPRIORSTEP=0.100000, 	MAXLOCPRIOR=20.000000, 	SEED=1689806201,	
[STRAT parameters]:    NUMSIMSTATS=1000,	PHENOTYPECOL=-9,	POOLFREQ=10,	LOCUSxONLY=0,	EMERROR=0.00100,	MISSINGPHENO=-9,	