

----------------------------------------------------
STRUCTURE by Pritchard, Stephens and Donnelly (2000)
     and Falush, Stephens and Pritchard (2003)
       Code by Pritchard, Falush and Hubisz
             Version 2.3.4 (Jul 2012)
----------------------------------------------------



Command line arguments:   bin\structure -m C:\Users\eschumacher\Documents\GitHub\Ten_Oaks\Data_Files\QUTO_wild\50-50\mainparams -e C:\Users\eschumacher\Documents\GitHub\Ten_Oaks\Data_Files\QUTO_wild\50-50\extraparams 
Input File:    C:\Users\eschumacher\Documents\GitHub\Ten_Oaks\Data_Files\QUTO_wild\project_data

Run parameters:
   136 individuals
   9 loci
   16 populations assumed
   50000 Burn-in period
   50000 Reps


--------------------------------------------
Proportion of membership of each pre-defined
 population in each of the 16 clusters

Given    Inferred Clusters                                                                                                  Number of
 Pop       1      2      3      4      5      6      7      8      9     10     11     12     13     14     15     16      Individuals

  1:     0.012  0.020  0.020  0.026  0.017  0.091  0.021  0.275  0.263  0.017  0.017  0.027  0.014  0.020  0.012  0.149        1
  2:     0.005  0.006  0.004  0.007  0.008  0.009  0.005  0.009  0.008  0.464  0.006  0.005  0.443  0.010  0.005  0.007        4
  3:     0.005  0.008  0.007  0.012  0.794  0.020  0.014  0.024  0.022  0.011  0.014  0.004  0.008  0.017  0.014  0.025        4
  4:     0.550  0.012  0.008  0.010  0.038  0.083  0.010  0.047  0.049  0.009  0.005  0.008  0.006  0.008  0.004  0.154        5
  5:     0.013  0.018  0.081  0.023  0.136  0.058  0.034  0.071  0.062  0.106  0.017  0.029  0.142  0.128  0.017  0.065       71
  6:     0.015  0.007  0.003  0.413  0.004  0.058  0.305  0.005  0.103  0.004  0.044  0.005  0.004  0.007  0.006  0.016        2
  7:     0.006  0.043  0.005  0.019  0.011  0.064  0.005  0.032  0.027  0.014  0.026  0.640  0.018  0.007  0.037  0.048        5
  8:     0.060  0.204  0.033  0.067  0.012  0.111  0.015  0.033  0.141  0.011  0.114  0.015  0.010  0.054  0.015  0.107       10
  9:     0.123  0.429  0.018  0.037  0.079  0.061  0.046  0.032  0.021  0.015  0.037  0.010  0.016  0.025  0.017  0.033        8
 10:     0.135  0.017  0.016  0.074  0.013  0.048  0.029  0.066  0.044  0.025  0.273  0.051  0.118  0.006  0.048  0.038        9
 11:     0.044  0.007  0.018  0.038  0.015  0.051  0.024  0.032  0.022  0.041  0.065  0.005  0.011  0.012  0.580  0.034        3
 12:     0.009  0.025  0.012  0.021  0.044  0.041  0.010  0.027  0.114  0.009  0.030  0.591  0.006  0.012  0.006  0.043        1
 13:     0.008  0.008  0.008  0.189  0.006  0.035  0.016  0.031  0.040  0.015  0.486  0.055  0.033  0.011  0.030  0.030        3
 14:     0.048  0.050  0.007  0.093  0.004  0.303  0.014  0.021  0.023  0.025  0.012  0.024  0.015  0.006  0.005  0.348        1
 15:     0.005  0.005  0.003  0.007  0.005  0.006  0.004  0.005  0.005  0.004  0.005  0.005  0.004  0.021  0.912  0.005        2
 16:     0.008  0.027  0.007  0.501  0.009  0.065  0.015  0.026  0.032  0.033  0.163  0.030  0.022  0.024  0.009  0.031        4
 17:     0.005  0.005  0.012  0.011  0.007  0.006  0.904  0.006  0.006  0.005  0.010  0.003  0.005  0.005  0.004  0.006        3
--------------------------------------------

Allele-freq. divergence among pops (Net nucleotide distance),
computed using point estimates of P.

      1       2       3       4       5       6       7       8       9      10      11      12      13      14      15      16      
 1      -    0.1269  0.1948  0.1529  0.2186  0.1085  0.1827  0.1285  0.1348  0.1727  0.1522  0.2661  0.1966  0.2495  0.2385  0.1242  
 2   0.1269     -    0.1629  0.0813  0.1378  0.0408  0.1182  0.0714  0.0708  0.1504  0.0912  0.1783  0.1711  0.1652  0.1681  0.0511  
 3   0.1948  0.1629     -    0.2192  0.2080  0.1305  0.1652  0.1136  0.1144  0.2491  0.1923  0.2897  0.2723  0.2543  0.2363  0.1215  
 4   0.1529  0.0813  0.2192     -    0.2028  0.0377  0.1156  0.0828  0.0785  0.1194  0.0434  0.2019  0.1768  0.1157  0.1380  0.0534  
 5   0.2186  0.1378  0.2080  0.2028     -    0.1245  0.1133  0.1039  0.1035  0.2457  0.1559  0.3767  0.2560  0.1894  0.3107  0.1135  
 6   0.1085  0.0408  0.1305  0.0377  0.1245     -    0.0751  0.0243  0.0264  0.0957  0.0625  0.1625  0.1414  0.1075  0.1351  0.0031  
 7   0.1827  0.1182  0.1652  0.1156  0.1133  0.0751     -    0.0779  0.0681  0.1890  0.1021  0.3147  0.2325  0.2071  0.2368  0.0707  
 8   0.1285  0.0714  0.1136  0.0828  0.1039  0.0243  0.0779     -    0.0086  0.1191  0.0953  0.1974  0.1279  0.1306  0.1570  0.0183  
 9   0.1348  0.0708  0.1144  0.0785  0.1035  0.0264  0.0681  0.0086     -    0.1195  0.0775  0.2027  0.1467  0.1376  0.1557  0.0180  
10   0.1727  0.1504  0.2491  0.1194  0.2457  0.0957  0.1890  0.1191  0.1195     -    0.1238  0.2340  0.1302  0.2294  0.1920  0.1051  
11   0.1522  0.0912  0.1923  0.0434  0.1559  0.0625  0.1021  0.0953  0.0775  0.1238     -    0.2472  0.1955  0.1704  0.1474  0.0715  
12   0.2661  0.1783  0.2897  0.2019  0.3767  0.1625  0.3147  0.1974  0.2027  0.2340  0.2472     -    0.3307  0.2677  0.2630  0.1718  
13   0.1966  0.1711  0.2723  0.1768  0.2560  0.1414  0.2325  0.1279  0.1467  0.1302  0.1955  0.3307     -    0.2809  0.2362  0.1526  
14   0.2495  0.1652  0.2543  0.1157  0.1894  0.1075  0.2071  0.1306  0.1376  0.2294  0.1704  0.2677  0.2809     -    0.1873  0.1132  
15   0.2385  0.1681  0.2363  0.1380  0.3107  0.1351  0.2368  0.1570  0.1557  0.1920  0.1474  0.2630  0.2362  0.1873     -    0.1458  
16   0.1242  0.0511  0.1215  0.0534  0.1135  0.0031  0.0707  0.0183  0.0180  0.1051  0.0715  0.1718  0.1526  0.1132  0.1458     -    

Average distances (expected heterozygosity) between individuals in same cluster:
cluster  1  : 0.4838 
cluster  2  : 0.6126 
cluster  3  : 0.3574 
cluster  4  : 0.4719 
cluster  5  : 0.3058 
cluster  6  : 0.5359 
cluster  7  : 0.4331 
cluster  8  : 0.4819 
cluster  9  : 0.5072 
cluster 10  : 0.4147 
cluster 11  : 0.5138 
cluster 12  : 0.3429 
cluster 13  : 0.3115 
cluster 14  : 0.2469 
cluster 15  : 0.4311 
cluster 16  : 0.5025 

--------------------------------------------
Estimated Ln Prob of Data   = -2210.4
Mean value of ln likelihood = -1826.7
Variance of ln likelihood   = 767.2
Mean value of alpha         = 0.0357

Mean value of Fst_1         = 0.3553
Mean value of Fst_2         = 0.1796
Mean value of Fst_3         = 0.5250
Mean value of Fst_4         = 0.3448
Mean value of Fst_5         = 0.4908
Mean value of Fst_6         = 0.1489
Mean value of Fst_7         = 0.4016
Mean value of Fst_8         = 0.2734
Mean value of Fst_9         = 0.2629
Mean value of Fst_10         = 0.4068
Mean value of Fst_11         = 0.3042
Mean value of Fst_12         = 0.5306
Mean value of Fst_13         = 0.5016
Mean value of Fst_14         = 0.5791
Mean value of Fst_15         = 0.3997
Mean value of Fst_16         = 0.2183


Inferred ancestry of individuals:
        Label (%Miss) Pop:  Inferred clusters
  1 QTo-W-0007   (11)    1 :  0.012 0.020 0.020 0.026 0.017 0.091 0.021 0.275 0.263 0.017 0.017 0.027 0.014 0.020 0.012 0.149 
  2 QTo-W-0009    (0)    2 :  0.004 0.005 0.004 0.005 0.017 0.005 0.004 0.007 0.005 0.891 0.004 0.004 0.008 0.026 0.004 0.006 
  3 QTo-W-0010    (0)    2 :  0.009 0.010 0.004 0.011 0.004 0.020 0.005 0.014 0.016 0.037 0.011 0.007 0.827 0.005 0.006 0.012 
  4 QTo-W-0011    (0)    2 :  0.004 0.004 0.004 0.005 0.004 0.006 0.004 0.007 0.006 0.920 0.004 0.006 0.010 0.005 0.004 0.005 
  5 QTo-W-0012   (22)    2 :  0.005 0.005 0.004 0.006 0.005 0.005 0.005 0.006 0.005 0.006 0.005 0.003 0.927 0.004 0.004 0.004 
  6 QTo-W-0020   (22)    3 :  0.004 0.005 0.004 0.004 0.935 0.004 0.004 0.004 0.004 0.003 0.004 0.003 0.007 0.006 0.003 0.004 
  7 QTo-W-0021   (22)    3 :  0.006 0.008 0.012 0.007 0.854 0.014 0.016 0.012 0.011 0.006 0.008 0.004 0.006 0.015 0.006 0.013 
  8 QTo-W-0023   (22)    3 :  0.005 0.008 0.006 0.007 0.849 0.008 0.015 0.012 0.014 0.007 0.007 0.004 0.008 0.039 0.005 0.009 
  9 QTo-W-0024   (11)    3 :  0.006 0.013 0.006 0.030 0.536 0.053 0.021 0.068 0.060 0.028 0.038 0.005 0.012 0.010 0.041 0.075 
 10 QTo-W-0033    (0)    4 :  0.891 0.007 0.005 0.006 0.013 0.009 0.005 0.006 0.006 0.018 0.005 0.005 0.007 0.004 0.004 0.010 
 11 QTo-W-0035   (11)    4 :  0.914 0.005 0.007 0.006 0.005 0.006 0.005 0.006 0.006 0.006 0.005 0.006 0.007 0.005 0.004 0.006 
 12 QTo-W-0036    (0)    4 :  0.934 0.004 0.005 0.004 0.004 0.005 0.004 0.005 0.004 0.005 0.004 0.005 0.005 0.004 0.003 0.005 
 13 QTo-W-0039   (11)    4 :  0.006 0.010 0.013 0.015 0.108 0.149 0.018 0.136 0.148 0.008 0.007 0.010 0.005 0.017 0.005 0.345 
 14 QTo-W-0041    (0)    4 :  0.005 0.032 0.009 0.019 0.058 0.247 0.017 0.082 0.081 0.007 0.007 0.014 0.004 0.009 0.005 0.404 
 15 QTo-W-0044    (0)    5 :  0.005 0.007 0.086 0.033 0.011 0.012 0.005 0.012 0.007 0.601 0.093 0.050 0.005 0.048 0.007 0.017 
 16 QTo-W-0047    (0)    5 :  0.005 0.006 0.004 0.005 0.004 0.008 0.005 0.007 0.008 0.906 0.006 0.007 0.012 0.005 0.005 0.006 
 17 QTo-W-0048   (11)    5 :  0.006 0.005 0.005 0.007 0.006 0.007 0.006 0.009 0.009 0.892 0.006 0.009 0.014 0.007 0.005 0.008 
 18 QTo-W-0049    (0)    5 :  0.009 0.005 0.004 0.007 0.005 0.007 0.004 0.008 0.008 0.028 0.006 0.007 0.886 0.005 0.004 0.007 
 19 QTo-W-0050   (22)    5 :  0.146 0.022 0.007 0.060 0.021 0.042 0.016 0.023 0.020 0.026 0.019 0.006 0.031 0.466 0.066 0.028 
 20 QTo-W-0052    (0)    5 :  0.006 0.008 0.099 0.018 0.004 0.013 0.005 0.018 0.014 0.008 0.020 0.737 0.015 0.005 0.017 0.012 
 21 QTo-W-0054    (0)    5 :  0.004 0.004 0.004 0.005 0.005 0.005 0.004 0.006 0.005 0.006 0.004 0.004 0.931 0.004 0.004 0.005 
 22 QTo-W-0056    (0)    5 :  0.004 0.004 0.004 0.004 0.003 0.005 0.003 0.006 0.006 0.024 0.004 0.005 0.914 0.004 0.004 0.005 
 23 QTo-W-0057    (0)    5 :  0.006 0.004 0.004 0.007 0.004 0.007 0.004 0.006 0.006 0.150 0.007 0.009 0.768 0.004 0.005 0.008 
 24 QTo-W-0058    (0)    5 :  0.004 0.004 0.004 0.006 0.004 0.005 0.004 0.005 0.005 0.006 0.004 0.003 0.933 0.004 0.004 0.005 
 25 QTo-W-0059    (0)    5 :  0.006 0.011 0.065 0.018 0.024 0.019 0.005 0.023 0.015 0.040 0.041 0.036 0.570 0.098 0.011 0.019 
 26 QTo-W-0060    (0)    5 :  0.006 0.004 0.004 0.006 0.005 0.007 0.004 0.007 0.006 0.069 0.006 0.005 0.853 0.004 0.004 0.010 
 27 QTo-W-0061    (0)    5 :  0.005 0.016 0.010 0.019 0.037 0.096 0.026 0.102 0.076 0.005 0.013 0.009 0.453 0.008 0.007 0.120 
 28 QTo-W-0062   (11)    5 :  0.006 0.005 0.004 0.006 0.005 0.006 0.005 0.007 0.005 0.009 0.005 0.004 0.916 0.006 0.005 0.006 
 29 QTo-W-0065   (11)    5 :  0.004 0.010 0.020 0.008 0.048 0.015 0.033 0.040 0.036 0.007 0.015 0.004 0.718 0.011 0.006 0.023 
 30 QTo-W-0067    (0)    5 :  0.007 0.008 0.012 0.008 0.033 0.019 0.015 0.024 0.023 0.038 0.007 0.007 0.754 0.007 0.004 0.033 
 31 QTo-W-0071    (0)    5 :  0.006 0.011 0.008 0.032 0.017 0.348 0.012 0.026 0.056 0.010 0.013 0.005 0.005 0.012 0.014 0.424 
 32 QTo-W-0072    (0)    5 :  0.007 0.014 0.009 0.010 0.211 0.015 0.011 0.021 0.020 0.004 0.022 0.008 0.003 0.624 0.004 0.017 
 33 QTo-W-0075    (0)    5 :  0.004 0.006 0.016 0.007 0.789 0.007 0.006 0.030 0.015 0.006 0.009 0.010 0.004 0.064 0.010 0.016 
 34 QTo-W-0076   (11)    5 :  0.011 0.011 0.008 0.014 0.802 0.018 0.016 0.011 0.013 0.012 0.030 0.004 0.008 0.015 0.009 0.019 
 35 QTo-W-0077   (11)    5 :  0.012 0.014 0.009 0.009 0.290 0.018 0.017 0.105 0.077 0.328 0.009 0.005 0.025 0.052 0.005 0.026 
 36 QTo-W-0079    (0)    5 :  0.004 0.004 0.004 0.003 0.943 0.004 0.004 0.004 0.004 0.003 0.004 0.003 0.005 0.005 0.003 0.004 
 37 QTo-W-0080   (11)    5 :  0.010 0.084 0.010 0.043 0.170 0.172 0.017 0.091 0.062 0.007 0.031 0.010 0.137 0.007 0.006 0.143 
 38 QTo-W-0081   (11)    5 :  0.013 0.007 0.008 0.010 0.844 0.011 0.015 0.018 0.012 0.008 0.016 0.004 0.008 0.006 0.005 0.015 
 39 QTo-W-0082    (0)    5 :  0.005 0.019 0.006 0.012 0.756 0.049 0.010 0.009 0.014 0.007 0.012 0.003 0.014 0.010 0.008 0.067 
 40 QTo-W-0087    (0)    5 :  0.004 0.005 0.004 0.005 0.908 0.006 0.006 0.008 0.007 0.005 0.005 0.003 0.007 0.017 0.004 0.006 
 41 QTo-W-0088   (11)    5 :  0.004 0.005 0.006 0.006 0.894 0.007 0.008 0.011 0.010 0.007 0.006 0.004 0.012 0.008 0.004 0.007 
 42 QTo-W-0089   (11)    5 :  0.010 0.006 0.007 0.006 0.898 0.008 0.008 0.007 0.007 0.005 0.009 0.004 0.005 0.007 0.005 0.009 
 43 QTo-W-0090    (0)    5 :  0.032 0.011 0.008 0.008 0.758 0.036 0.009 0.012 0.020 0.025 0.011 0.004 0.007 0.008 0.005 0.048 
 44 QTo-W-0093   (11)    5 :  0.005 0.025 0.006 0.061 0.257 0.081 0.013 0.044 0.047 0.023 0.037 0.013 0.035 0.226 0.037 0.091 
 45 QTo-W-0098    (0)    5 :  0.004 0.005 0.006 0.008 0.008 0.009 0.006 0.015 0.012 0.010 0.007 0.007 0.013 0.866 0.012 0.010 
 46 QTo-W-0101   (11)    5 :  0.005 0.008 0.007 0.012 0.012 0.013 0.008 0.025 0.019 0.013 0.011 0.009 0.017 0.807 0.016 0.017 
 47 QTo-W-0114    (0)    5 :  0.004 0.005 0.007 0.006 0.012 0.007 0.007 0.010 0.010 0.004 0.005 0.005 0.004 0.900 0.005 0.009 
 48 QTo-W-0116   (11)    5 :  0.004 0.004 0.005 0.007 0.006 0.006 0.005 0.006 0.006 0.005 0.007 0.004 0.005 0.915 0.009 0.005 
 49 QTo-W-0117   (22)    5 :  0.005 0.006 0.005 0.014 0.009 0.007 0.007 0.007 0.007 0.007 0.007 0.005 0.008 0.889 0.010 0.007 
 50 QTo-W-0118    (0)    5 :  0.003 0.003 0.004 0.005 0.005 0.004 0.004 0.004 0.004 0.005 0.005 0.003 0.004 0.935 0.006 0.004 
 51 QTo-W-0121   (11)    5 :  0.005 0.007 0.004 0.009 0.042 0.012 0.005 0.012 0.010 0.027 0.008 0.004 0.005 0.828 0.008 0.014 
 52 QTo-W-0124   (11)    5 :  0.009 0.005 0.004 0.008 0.004 0.008 0.004 0.007 0.006 0.877 0.007 0.004 0.037 0.005 0.006 0.007 
 53 QTo-W-0128    (0)    5 :  0.006 0.004 0.003 0.006 0.004 0.005 0.004 0.006 0.005 0.917 0.006 0.003 0.015 0.004 0.005 0.006 
 54 QTo-W-0129    (0)    5 :  0.007 0.005 0.004 0.006 0.005 0.009 0.005 0.009 0.007 0.895 0.006 0.004 0.019 0.004 0.006 0.009 
 55 QTo-W-0131   (11)    5 :  0.081 0.039 0.028 0.050 0.039 0.217 0.019 0.140 0.093 0.020 0.039 0.004 0.045 0.006 0.014 0.165 
 56 QTo-W-0133   (11)    5 :  0.011 0.009 0.014 0.018 0.016 0.055 0.016 0.184 0.195 0.040 0.018 0.120 0.020 0.010 0.183 0.090 
 57 QTo-W-0137    (0)    5 :  0.005 0.014 0.006 0.021 0.027 0.318 0.017 0.033 0.042 0.014 0.014 0.006 0.006 0.068 0.013 0.395 
 58 QTo-W-0138    (0)    5 :  0.008 0.014 0.014 0.083 0.003 0.054 0.007 0.175 0.080 0.209 0.055 0.016 0.178 0.005 0.014 0.084 
 59 QTo-W-0139    (0)    5 :  0.005 0.005 0.899 0.004 0.004 0.006 0.004 0.006 0.005 0.009 0.005 0.027 0.005 0.004 0.004 0.007 
 60 QTo-W-0140   (22)    5 :  0.007 0.005 0.920 0.005 0.005 0.006 0.005 0.005 0.005 0.005 0.005 0.006 0.005 0.005 0.005 0.006 
 61 QTo-W-0142    (0)    5 :  0.004 0.004 0.936 0.004 0.004 0.005 0.004 0.005 0.005 0.003 0.004 0.005 0.003 0.004 0.004 0.005 
 62 QTo-W-0144    (0)    5 :  0.023 0.022 0.008 0.056 0.007 0.096 0.037 0.187 0.125 0.013 0.013 0.008 0.247 0.009 0.076 0.073 
 63 QTo-W-0149   (22)    5 :  0.005 0.005 0.436 0.005 0.009 0.008 0.473 0.009 0.010 0.005 0.005 0.004 0.006 0.007 0.006 0.007 
 64 QTo-W-0151   (11)    5 :  0.004 0.018 0.443 0.016 0.042 0.013 0.357 0.026 0.024 0.004 0.008 0.006 0.017 0.005 0.005 0.011 
 65 QTo-W-0153   (22)    5 :  0.005 0.005 0.505 0.005 0.008 0.006 0.414 0.008 0.007 0.005 0.005 0.004 0.006 0.006 0.005 0.007 
 66 QTo-W-0154    (0)    5 :  0.006 0.013 0.435 0.014 0.011 0.033 0.299 0.038 0.032 0.005 0.010 0.015 0.004 0.034 0.010 0.040 
 67 QTo-W-0159   (11)    5 :  0.006 0.012 0.012 0.044 0.008 0.181 0.011 0.124 0.159 0.007 0.018 0.050 0.017 0.034 0.022 0.294 
 68 QTo-W-0161   (11)    5 :  0.009 0.040 0.355 0.038 0.010 0.074 0.198 0.058 0.030 0.006 0.013 0.017 0.006 0.042 0.014 0.089 
 69 QTo-W-0162    (0)    5 :  0.024 0.083 0.016 0.090 0.024 0.239 0.012 0.079 0.027 0.004 0.035 0.016 0.005 0.172 0.053 0.121 
 70 QTo-W-0163   (11)    5 :  0.014 0.226 0.032 0.019 0.215 0.068 0.023 0.118 0.131 0.006 0.026 0.016 0.028 0.006 0.011 0.059 
 71 QTo-W-0167   (11)    5 :  0.052 0.026 0.010 0.103 0.022 0.074 0.017 0.028 0.030 0.074 0.016 0.139 0.011 0.280 0.023 0.095 
 72 QTo-W-0170    (0)    5 :  0.010 0.027 0.006 0.094 0.009 0.285 0.007 0.028 0.038 0.021 0.040 0.080 0.007 0.029 0.018 0.301 
 73 QTo-W-0171   (22)    5 :  0.037 0.029 0.012 0.074 0.015 0.201 0.021 0.107 0.045 0.039 0.044 0.007 0.072 0.016 0.071 0.209 
 74 QTo-W-0172   (22)    5 :  0.045 0.027 0.031 0.092 0.007 0.223 0.009 0.089 0.027 0.008 0.046 0.091 0.007 0.069 0.094 0.137 
 75 QTo-W-0173   (11)    5 :  0.005 0.012 0.013 0.030 0.011 0.276 0.020 0.043 0.078 0.015 0.013 0.053 0.008 0.017 0.008 0.399 
 76 QTo-W-0174    (0)    5 :  0.008 0.014 0.013 0.012 0.044 0.045 0.009 0.261 0.228 0.009 0.011 0.029 0.013 0.240 0.007 0.058 
 77 QTo-W-0175    (0)    5 :  0.011 0.011 0.007 0.085 0.012 0.120 0.012 0.327 0.159 0.021 0.051 0.005 0.050 0.007 0.011 0.112 
 78 QTo-W-0182   (22)    5 :  0.005 0.006 0.004 0.010 0.007 0.009 0.007 0.008 0.008 0.891 0.011 0.005 0.009 0.007 0.006 0.007 
 79 QTo-W-0184    (0)    5 :  0.063 0.198 0.012 0.076 0.044 0.098 0.012 0.128 0.131 0.013 0.071 0.044 0.012 0.032 0.008 0.056 
 80 QTo-W-0188    (0)    5 :  0.005 0.017 0.007 0.037 0.004 0.149 0.006 0.096 0.128 0.014 0.013 0.223 0.016 0.014 0.092 0.179 
 81 QTo-W-0192   (11)    5 :  0.005 0.005 0.007 0.006 0.008 0.010 0.008 0.506 0.376 0.023 0.006 0.005 0.010 0.008 0.005 0.012 
 82 QTo-W-0193    (0)    5 :  0.004 0.005 0.005 0.007 0.006 0.012 0.008 0.511 0.379 0.005 0.006 0.004 0.024 0.007 0.005 0.012 
 83 QTo-W-0194    (0)    5 :  0.004 0.004 0.005 0.006 0.006 0.009 0.006 0.519 0.377 0.016 0.005 0.004 0.021 0.006 0.004 0.008 
 84 QTo-W-0196   (11)    5 :  0.005 0.008 0.023 0.018 0.032 0.032 0.016 0.224 0.398 0.006 0.026 0.017 0.009 0.015 0.020 0.150 
 85 QTo-W-0197    (0)    5 :  0.005 0.009 0.012 0.015 0.127 0.028 0.008 0.199 0.355 0.012 0.020 0.014 0.007 0.014 0.016 0.159 
 86 QTo-W-0200   (11)    6 :  0.015 0.007 0.003 0.414 0.004 0.058 0.307 0.005 0.103 0.005 0.043 0.005 0.004 0.006 0.005 0.017 
 87 QTo-W-0201   (22)    6 :  0.016 0.008 0.003 0.412 0.004 0.058 0.304 0.005 0.104 0.004 0.044 0.005 0.004 0.007 0.006 0.015 
 88 QTo-W-0205    (0)    7 :  0.003 0.004 0.004 0.004 0.003 0.004 0.003 0.004 0.004 0.004 0.004 0.943 0.003 0.004 0.006 0.004 
 89 QTo-W-0208    (0)    7 :  0.013 0.165 0.010 0.046 0.042 0.089 0.009 0.054 0.067 0.050 0.108 0.185 0.070 0.010 0.019 0.060 
 90 QTo-W-0211    (0)    7 :  0.006 0.034 0.004 0.036 0.004 0.208 0.004 0.091 0.054 0.005 0.013 0.212 0.009 0.013 0.149 0.160 
 91 QTo-W-0212   (11)    7 :  0.004 0.004 0.004 0.004 0.003 0.005 0.003 0.005 0.004 0.005 0.004 0.938 0.005 0.004 0.004 0.004 
 92 QTo-W-0213    (0)    7 :  0.004 0.006 0.003 0.005 0.003 0.013 0.003 0.005 0.004 0.004 0.003 0.924 0.004 0.004 0.005 0.010 
 93 QTo-W-0216   (11)    8 :  0.005 0.007 0.006 0.042 0.009 0.011 0.017 0.012 0.479 0.008 0.275 0.004 0.008 0.006 0.005 0.108 
 94 QTo-W-0220    (0)    8 :  0.005 0.013 0.005 0.043 0.006 0.010 0.012 0.010 0.476 0.015 0.268 0.004 0.010 0.004 0.005 0.114 
 95 QTo-W-0224   (11)    8 :  0.052 0.036 0.032 0.261 0.010 0.093 0.009 0.056 0.031 0.029 0.228 0.007 0.023 0.014 0.051 0.069 
 96 QTo-W-0225   (11)    8 :  0.005 0.855 0.004 0.013 0.009 0.017 0.006 0.008 0.007 0.007 0.009 0.020 0.017 0.005 0.005 0.011 
 97 QTo-W-0227   (11)    8 :  0.056 0.025 0.009 0.061 0.012 0.050 0.038 0.023 0.298 0.012 0.282 0.007 0.008 0.007 0.022 0.093 
 98 QTo-W-0229    (0)    8 :  0.004 0.864 0.005 0.010 0.039 0.011 0.013 0.006 0.007 0.003 0.008 0.004 0.007 0.003 0.004 0.013 
 99 QTo-W-0231    (0)    8 :  0.113 0.059 0.006 0.010 0.008 0.374 0.010 0.121 0.032 0.013 0.010 0.032 0.005 0.003 0.006 0.197 
100 QTo-W-0238   (22)    8 :  0.015 0.053 0.026 0.151 0.008 0.279 0.015 0.022 0.031 0.007 0.031 0.034 0.007 0.021 0.011 0.291 
101 QTo-W-0240    (0)    8 :  0.317 0.040 0.015 0.066 0.006 0.229 0.021 0.051 0.023 0.013 0.014 0.028 0.008 0.017 0.009 0.143 
102 QTo-W-0242    (0)    8 :  0.026 0.086 0.224 0.017 0.010 0.035 0.006 0.022 0.028 0.003 0.010 0.013 0.004 0.456 0.033 0.027 
103 QTo-W-0244    (0)    9 :  0.656 0.020 0.009 0.099 0.008 0.032 0.009 0.012 0.007 0.004 0.053 0.009 0.003 0.042 0.020 0.017 
104 QTo-W-0245   (11)    9 :  0.219 0.413 0.018 0.062 0.011 0.100 0.011 0.028 0.018 0.012 0.030 0.011 0.006 0.011 0.015 0.036 
105 QTo-W-0251    (0)    9 :  0.006 0.012 0.006 0.007 0.325 0.038 0.308 0.052 0.040 0.004 0.012 0.011 0.004 0.078 0.045 0.052 
106 QTo-W-0253    (0)    9 :  0.005 0.793 0.006 0.021 0.015 0.021 0.005 0.017 0.029 0.004 0.037 0.008 0.003 0.019 0.005 0.012 
107 QTo-W-0256   (11)    9 :  0.043 0.437 0.006 0.027 0.096 0.074 0.009 0.050 0.020 0.077 0.028 0.007 0.071 0.008 0.007 0.042 
108 QTo-W-0258    (0)    9 :  0.024 0.327 0.023 0.062 0.162 0.097 0.010 0.035 0.011 0.010 0.129 0.004 0.034 0.005 0.006 0.060 
109 QTo-W-0259    (0)    9 :  0.014 0.761 0.052 0.008 0.014 0.036 0.006 0.020 0.020 0.004 0.005 0.008 0.005 0.025 0.011 0.011 
110 QTo-W-0260   (22)    9 :  0.019 0.669 0.024 0.013 0.005 0.091 0.006 0.043 0.022 0.004 0.006 0.023 0.005 0.010 0.025 0.034 
111 QTo-W-0274   (11)   10 :  0.006 0.027 0.005 0.148 0.012 0.016 0.011 0.014 0.012 0.007 0.711 0.004 0.006 0.006 0.006 0.011 
112 QTo-W-0275    (0)   10 :  0.070 0.008 0.019 0.029 0.004 0.079 0.134 0.084 0.053 0.036 0.026 0.012 0.283 0.007 0.108 0.048 
113 QTo-W-0278    (0)   10 :  0.028 0.021 0.026 0.059 0.043 0.050 0.023 0.178 0.200 0.007 0.099 0.081 0.009 0.008 0.099 0.071 
114 QTo-W-0283   (11)   10 :  0.566 0.016 0.008 0.014 0.013 0.044 0.007 0.039 0.025 0.027 0.017 0.149 0.039 0.006 0.008 0.023 
115 QTo-W-0284    (0)   10 :  0.486 0.013 0.010 0.014 0.009 0.056 0.057 0.045 0.024 0.017 0.020 0.180 0.023 0.007 0.012 0.026 
116 QTo-W-0287   (22)   10 :  0.010 0.006 0.007 0.146 0.013 0.008 0.007 0.006 0.007 0.009 0.754 0.004 0.007 0.005 0.005 0.007 
117 QTo-W-0289   (22)   10 :  0.005 0.005 0.005 0.152 0.008 0.007 0.007 0.007 0.007 0.009 0.751 0.006 0.007 0.008 0.007 0.008 
118 QTo-W-0293    (0)   10 :  0.009 0.033 0.017 0.081 0.004 0.152 0.008 0.156 0.030 0.110 0.073 0.006 0.013 0.006 0.176 0.124 
119 QTo-W-0295   (11)   10 :  0.032 0.023 0.049 0.020 0.007 0.025 0.009 0.062 0.034 0.008 0.008 0.018 0.671 0.005 0.011 0.020 
120 QTo-W-0296   (11)   11 :  0.006 0.005 0.023 0.013 0.007 0.008 0.014 0.011 0.008 0.007 0.008 0.004 0.010 0.010 0.855 0.009 
121 QTo-W-0298    (0)   11 :  0.004 0.004 0.025 0.014 0.005 0.007 0.010 0.008 0.007 0.006 0.008 0.005 0.008 0.010 0.872 0.007 
122 QTo-W-0300   (11)   11 :  0.122 0.010 0.005 0.086 0.035 0.138 0.049 0.077 0.050 0.112 0.180 0.006 0.014 0.015 0.014 0.087 
123 QTo-W-0302    (0)   12 :  0.009 0.025 0.012 0.021 0.044 0.041 0.010 0.027 0.114 0.009 0.030 0.591 0.006 0.012 0.006 0.043 
124 QTo-W-0305    (0)   13 :  0.009 0.007 0.011 0.146 0.007 0.012 0.018 0.007 0.014 0.007 0.710 0.005 0.006 0.006 0.028 0.008 
125 QTo-W-0308   (11)   13 :  0.006 0.008 0.007 0.147 0.007 0.017 0.024 0.009 0.019 0.009 0.670 0.007 0.007 0.009 0.042 0.011 
126 QTo-W-0309   (11)   13 :  0.008 0.011 0.005 0.273 0.005 0.077 0.007 0.077 0.087 0.028 0.076 0.154 0.087 0.017 0.019 0.070 
127 QTo-W-0311    (0)   14 :  0.048 0.050 0.007 0.093 0.004 0.303 0.014 0.021 0.023 0.025 0.012 0.024 0.015 0.006 0.005 0.348 
128 QTo-W-0312    (0)   15 :  0.004 0.005 0.003 0.006 0.006 0.006 0.004 0.004 0.005 0.004 0.005 0.005 0.003 0.035 0.900 0.005 
129 QTo-W-0315   (11)   15 :  0.005 0.005 0.003 0.008 0.004 0.006 0.005 0.005 0.005 0.004 0.005 0.005 0.004 0.006 0.925 0.006 
130 QTo-W-0318    (0)   16 :  0.006 0.007 0.009 0.584 0.004 0.046 0.013 0.014 0.016 0.006 0.207 0.031 0.012 0.022 0.011 0.011 
131 QTo-W-0322   (11)   16 :  0.008 0.010 0.006 0.616 0.005 0.048 0.018 0.010 0.012 0.007 0.199 0.016 0.008 0.019 0.007 0.010 
132 QTo-W-0326   (22)   16 :  0.010 0.023 0.006 0.395 0.007 0.081 0.016 0.033 0.041 0.085 0.131 0.036 0.027 0.039 0.009 0.060 
133 QTo-W-0327   (11)   16 :  0.007 0.066 0.005 0.409 0.022 0.084 0.011 0.048 0.057 0.033 0.114 0.037 0.038 0.016 0.008 0.045 
134 QTo-W-0328    (0)   17 :  0.004 0.004 0.025 0.010 0.006 0.007 0.898 0.005 0.007 0.004 0.009 0.003 0.005 0.004 0.004 0.006 
135 QTo-W-0329    (0)   17 :  0.004 0.005 0.004 0.009 0.006 0.005 0.921 0.005 0.005 0.005 0.008 0.003 0.005 0.004 0.003 0.006 
136 QTo-W-0330   (11)   17 :  0.005 0.005 0.006 0.014 0.010 0.006 0.894 0.007 0.007 0.007 0.012 0.003 0.006 0.006 0.004 0.008 


Estimated Allele Frequencies in each cluster
First column gives estimated ancestral frequencies


Locus 1 : 
4 alleles
0.7% missing data
 149   (0.841) 0.922 0.452 0.982 0.967 0.993 0.898 0.979 0.942 0.960 0.988 0.972 0.224 0.993 0.993 0.619 0.932 
 147   (0.066) 0.013 0.097 0.010 0.012 0.003 0.040 0.008 0.022 0.015 0.005 0.011 0.231 0.003 0.003 0.361 0.026 
 155   (0.055) 0.054 0.018 0.005 0.013 0.002 0.039 0.007 0.023 0.015 0.004 0.010 0.542 0.002 0.002 0.014 0.027 
 161   (0.038) 0.011 0.432 0.004 0.009 0.002 0.023 0.005 0.013 0.010 0.003 0.007 0.003 0.002 0.002 0.006 0.015 

Locus 2 : 
6 alleles
12.5% missing data
 179   (0.368) 0.063 0.373 0.805 0.176 0.967 0.404 0.885 0.636 0.742 0.035 0.426 0.030 0.063 0.241 0.073 0.542 
 176   (0.146) 0.056 0.073 0.127 0.073 0.007 0.144 0.024 0.077 0.071 0.553 0.055 0.928 0.160 0.012 0.036 0.135 
 173   (0.254) 0.783 0.293 0.036 0.152 0.015 0.250 0.052 0.193 0.107 0.390 0.115 0.019 0.745 0.015 0.076 0.198 
 164   (0.027) 0.005 0.012 0.004 0.008 0.001 0.015 0.004 0.008 0.008 0.004 0.007 0.002 0.023 0.001 0.005 0.011 
 182   (0.152) 0.081 0.070 0.022 0.550 0.007 0.154 0.027 0.060 0.045 0.013 0.309 0.016 0.007 0.727 0.803 0.091 
 170   (0.052) 0.013 0.180 0.007 0.041 0.003 0.033 0.009 0.027 0.027 0.004 0.088 0.005 0.002 0.003 0.008 0.024 

Locus 3 : 
17 alleles
0.0% missing data
 220   (0.159) 0.348 0.105 0.018 0.183 0.007 0.123 0.030 0.141 0.228 0.438 0.236 0.526 0.103 0.009 0.050 0.118 
 222   (0.173) 0.085 0.285 0.423 0.137 0.224 0.298 0.305 0.132 0.107 0.016 0.164 0.021 0.019 0.013 0.227 0.312 
 218   (0.152) 0.076 0.110 0.014 0.336 0.175 0.113 0.267 0.286 0.278 0.435 0.289 0.021 0.675 0.007 0.027 0.112 
 226   (0.067) 0.011 0.105 0.017 0.018 0.555 0.041 0.012 0.032 0.026 0.071 0.018 0.009 0.006 0.934 0.014 0.031 
 258   (0.060) 0.012 0.024 0.006 0.035 0.008 0.082 0.010 0.081 0.044 0.007 0.025 0.017 0.004 0.003 0.283 0.085 
 224   (0.050) 0.388 0.026 0.004 0.089 0.002 0.038 0.056 0.014 0.029 0.005 0.016 0.009 0.002 0.012 0.185 0.020 
 228   (0.079) 0.013 0.029 0.009 0.044 0.017 0.140 0.030 0.114 0.129 0.007 0.023 0.372 0.006 0.009 0.030 0.207 
 256   (0.024) 0.003 0.007 0.002 0.003 0.001 0.013 0.003 0.008 0.005 0.002 0.004 0.002 0.174 0.001 0.003 0.010 
 264   (0.023) 0.003 0.006 0.238 0.004 0.001 0.012 0.003 0.006 0.005 0.002 0.004 0.002 0.001 0.001 0.003 0.008 
 230   (0.033) 0.004 0.010 0.252 0.006 0.001 0.017 0.206 0.011 0.007 0.002 0.005 0.002 0.001 0.001 0.142 0.012 
 260   (0.038) 0.029 0.020 0.004 0.014 0.002 0.037 0.006 0.019 0.011 0.003 0.008 0.005 0.002 0.004 0.008 0.023 
 262   (0.025) 0.005 0.008 0.003 0.009 0.001 0.016 0.003 0.010 0.006 0.002 0.006 0.005 0.001 0.002 0.008 0.012 
 234   (0.020) 0.003 0.005 0.002 0.003 0.001 0.009 0.002 0.115 0.069 0.002 0.003 0.001 0.001 0.001 0.003 0.009 
 232   (0.024) 0.005 0.008 0.002 0.070 0.001 0.020 0.056 0.006 0.038 0.002 0.020 0.002 0.001 0.001 0.004 0.014 
 250   (0.024) 0.003 0.161 0.002 0.004 0.001 0.014 0.003 0.006 0.005 0.002 0.004 0.002 0.001 0.001 0.003 0.008 
 216   (0.024) 0.004 0.083 0.003 0.005 0.001 0.014 0.003 0.010 0.006 0.002 0.004 0.002 0.001 0.001 0.006 0.009 
 266   (0.026) 0.006 0.007 0.002 0.040 0.001 0.014 0.004 0.009 0.007 0.003 0.170 0.002 0.001 0.001 0.004 0.010 

Locus 4 : 
2 alleles
1.5% missing data
 137   (0.975) 0.997 0.993 0.998 0.992 0.999 0.987 0.997 0.993 0.928 0.998 0.967 0.998 0.999 0.999 0.997 0.977 
 139   (0.025) 0.003 0.007 0.002 0.008 0.001 0.013 0.003 0.007 0.072 0.002 0.033 0.002 0.001 0.001 0.003 0.023 

Locus 5 : 
17 alleles
11.8% missing data
 187   (0.305) 0.241 0.538 0.078 0.696 0.018 0.552 0.163 0.409 0.368 0.034 0.238 0.838 0.016 0.733 0.066 0.516 
 243   (0.031) 0.005 0.009 0.003 0.005 0.002 0.015 0.004 0.090 0.054 0.421 0.007 0.002 0.002 0.002 0.004 0.013 
 203   (0.080) 0.014 0.239 0.006 0.024 0.370 0.052 0.011 0.033 0.027 0.009 0.030 0.008 0.940 0.007 0.012 0.035 
 201   (0.091) 0.031 0.046 0.008 0.030 0.441 0.082 0.016 0.108 0.098 0.344 0.050 0.008 0.004 0.042 0.015 0.119 
 197   (0.062) 0.630 0.019 0.005 0.048 0.140 0.036 0.010 0.019 0.050 0.006 0.210 0.005 0.003 0.003 0.009 0.029 
 195   (0.077) 0.013 0.035 0.642 0.067 0.005 0.039 0.009 0.029 0.019 0.033 0.241 0.086 0.008 0.009 0.013 0.036 
 247   (0.026) 0.004 0.008 0.002 0.005 0.001 0.014 0.003 0.009 0.006 0.103 0.006 0.002 0.001 0.001 0.003 0.010 
 235   (0.033) 0.006 0.015 0.003 0.009 0.004 0.041 0.005 0.015 0.013 0.003 0.011 0.003 0.002 0.003 0.005 0.041 
 249   (0.027) 0.004 0.008 0.002 0.005 0.001 0.014 0.003 0.007 0.006 0.002 0.006 0.002 0.001 0.185 0.004 0.011 
 199   (0.065) 0.014 0.020 0.007 0.023 0.007 0.035 0.032 0.081 0.075 0.007 0.030 0.015 0.006 0.004 0.812 0.043 
 245   (0.028) 0.005 0.009 0.003 0.031 0.001 0.024 0.004 0.089 0.040 0.015 0.024 0.003 0.009 0.001 0.005 0.033 
 219   (0.036) 0.008 0.010 0.219 0.008 0.002 0.020 0.322 0.012 0.011 0.003 0.009 0.003 0.003 0.002 0.008 0.015 
 217   (0.025) 0.004 0.007 0.011 0.004 0.002 0.013 0.403 0.007 0.006 0.002 0.006 0.002 0.001 0.002 0.004 0.012 
 229   (0.027) 0.005 0.008 0.002 0.005 0.001 0.014 0.004 0.041 0.027 0.002 0.007 0.002 0.001 0.002 0.004 0.011 
 215   (0.031) 0.005 0.010 0.003 0.018 0.002 0.015 0.004 0.011 0.185 0.003 0.098 0.017 0.001 0.002 0.004 0.047 
 205   (0.029) 0.009 0.010 0.002 0.005 0.001 0.017 0.004 0.012 0.007 0.003 0.007 0.003 0.001 0.001 0.004 0.014 
 227   (0.027) 0.004 0.010 0.003 0.016 0.001 0.018 0.003 0.028 0.008 0.010 0.019 0.002 0.001 0.001 0.029 0.017 

Locus 6 : 
25 alleles
30.9% missing data
 214   (0.070) 0.031 0.028 0.011 0.036 0.006 0.045 0.013 0.036 0.072 0.211 0.048 0.007 0.118 0.004 0.020 0.052 
 222   (0.058) 0.136 0.022 0.008 0.025 0.029 0.116 0.013 0.024 0.025 0.495 0.015 0.007 0.083 0.005 0.015 0.133 
 206   (0.053) 0.015 0.028 0.008 0.020 0.007 0.060 0.013 0.211 0.146 0.007 0.015 0.028 0.376 0.006 0.053 0.061 
 218   (0.066) 0.017 0.029 0.048 0.257 0.010 0.074 0.038 0.217 0.143 0.012 0.087 0.077 0.367 0.005 0.029 0.055 
 216   (0.055) 0.014 0.323 0.035 0.055 0.409 0.051 0.033 0.030 0.041 0.006 0.028 0.030 0.003 0.006 0.016 0.029 
 208   (0.035) 0.141 0.042 0.005 0.014 0.209 0.025 0.007 0.017 0.017 0.004 0.010 0.005 0.002 0.002 0.009 0.015 
 238   (0.049) 0.010 0.018 0.007 0.012 0.165 0.042 0.015 0.016 0.018 0.005 0.011 0.005 0.002 0.530 0.113 0.033 
 204   (0.024) 0.399 0.007 0.003 0.006 0.002 0.013 0.004 0.007 0.006 0.002 0.006 0.002 0.001 0.001 0.005 0.009 
 234   (0.038) 0.009 0.074 0.005 0.017 0.007 0.084 0.008 0.022 0.023 0.004 0.012 0.130 0.002 0.002 0.016 0.086 
 242   (0.045) 0.012 0.069 0.005 0.112 0.005 0.069 0.068 0.019 0.036 0.005 0.019 0.005 0.002 0.003 0.010 0.073 
 210   (0.131) 0.075 0.062 0.405 0.181 0.051 0.114 0.050 0.194 0.235 0.027 0.430 0.655 0.011 0.409 0.584 0.165 
 246   (0.021) 0.009 0.010 0.004 0.009 0.004 0.020 0.008 0.023 0.019 0.003 0.008 0.003 0.010 0.001 0.006 0.030 
 258   (0.029) 0.007 0.012 0.004 0.015 0.028 0.068 0.006 0.014 0.015 0.003 0.010 0.005 0.001 0.002 0.009 0.082 
 240   (0.021) 0.009 0.008 0.003 0.005 0.039 0.012 0.004 0.007 0.008 0.003 0.006 0.002 0.001 0.002 0.006 0.016 
 256   (0.030) 0.006 0.009 0.003 0.006 0.002 0.015 0.005 0.008 0.008 0.121 0.007 0.003 0.002 0.002 0.006 0.013 
 254   (0.023) 0.005 0.008 0.003 0.006 0.002 0.013 0.004 0.008 0.007 0.053 0.005 0.002 0.001 0.001 0.006 0.009 
 236   (0.066) 0.025 0.100 0.422 0.033 0.005 0.047 0.079 0.052 0.029 0.017 0.025 0.007 0.005 0.005 0.036 0.039 
 248   (0.030) 0.009 0.010 0.004 0.106 0.002 0.028 0.069 0.018 0.036 0.003 0.016 0.003 0.003 0.002 0.015 0.017 
 252   (0.018) 0.005 0.006 0.002 0.010 0.001 0.013 0.004 0.026 0.016 0.002 0.008 0.002 0.002 0.001 0.005 0.013 
 224   (0.027) 0.006 0.074 0.003 0.013 0.004 0.017 0.006 0.012 0.063 0.004 0.037 0.008 0.002 0.002 0.008 0.024 
 230   (0.032) 0.011 0.013 0.004 0.007 0.004 0.019 0.297 0.014 0.010 0.003 0.007 0.004 0.001 0.002 0.009 0.019 
 228   (0.020) 0.006 0.027 0.004 0.010 0.006 0.016 0.004 0.007 0.007 0.002 0.013 0.002 0.001 0.001 0.005 0.007 
 266   (0.025) 0.005 0.010 0.003 0.016 0.002 0.013 0.005 0.008 0.007 0.003 0.056 0.002 0.001 0.002 0.006 0.013 
 212   (0.017) 0.033 0.006 0.002 0.004 0.001 0.013 0.242 0.005 0.007 0.002 0.004 0.006 0.001 0.001 0.005 0.004 
 232   (0.017) 0.003 0.005 0.002 0.026 0.001 0.011 0.005 0.004 0.007 0.002 0.118 0.002 0.001 0.001 0.008 0.004 

Locus 7 : 
7 alleles
1.5% missing data
 108   (0.642) 0.430 0.565 0.968 0.555 0.425 0.761 0.341 0.856 0.791 0.831 0.292 0.965 0.982 0.976 0.932 0.826 
 116   (0.035) 0.005 0.010 0.004 0.010 0.001 0.021 0.005 0.015 0.009 0.143 0.010 0.002 0.002 0.002 0.012 0.015 
 110   (0.143) 0.204 0.269 0.015 0.142 0.566 0.096 0.034 0.072 0.060 0.012 0.498 0.019 0.008 0.015 0.028 0.074 
 114   (0.062) 0.338 0.018 0.005 0.085 0.003 0.045 0.321 0.022 0.030 0.006 0.021 0.005 0.004 0.003 0.011 0.027 
 112   (0.071) 0.013 0.020 0.006 0.201 0.003 0.050 0.294 0.019 0.099 0.006 0.171 0.005 0.003 0.003 0.011 0.039 
 104   (0.023) 0.003 0.109 0.002 0.004 0.001 0.012 0.003 0.006 0.005 0.002 0.004 0.002 0.001 0.001 0.003 0.009 
 118   (0.023) 0.007 0.009 0.002 0.004 0.001 0.015 0.003 0.010 0.006 0.002 0.004 0.002 0.001 0.001 0.003 0.011 

Locus 8 : 
5 alleles
2.2% missing data
 160   (0.160) 0.069 0.051 0.022 0.071 0.007 0.094 0.031 0.232 0.148 0.384 0.131 0.242 0.540 0.066 0.416 0.075 
 162   (0.631) 0.441 0.618 0.203 0.861 0.982 0.762 0.935 0.650 0.609 0.600 0.760 0.726 0.451 0.914 0.329 0.778 
 164   (0.091) 0.468 0.130 0.738 0.031 0.004 0.060 0.014 0.038 0.027 0.007 0.026 0.010 0.004 0.006 0.020 0.042 
 166   (0.024) 0.005 0.012 0.003 0.008 0.001 0.018 0.004 0.009 0.006 0.002 0.005 0.002 0.001 0.004 0.006 0.011 
 158   (0.094) 0.018 0.189 0.034 0.030 0.007 0.065 0.016 0.072 0.210 0.007 0.078 0.020 0.004 0.011 0.229 0.093 

Locus 9 : 
4 alleles
0.0% missing data
 229   (0.494) 0.592 0.405 0.649 0.166 0.934 0.463 0.598 0.761 0.664 0.243 0.162 0.207 0.509 0.612 0.295 0.534 
 226   (0.351) 0.078 0.364 0.034 0.701 0.058 0.405 0.379 0.177 0.281 0.745 0.783 0.066 0.479 0.379 0.669 0.370 
 223   (0.131) 0.327 0.223 0.316 0.127 0.007 0.113 0.020 0.052 0.047 0.010 0.050 0.715 0.011 0.008 0.024 0.083 
 232   (0.024) 0.003 0.008 0.002 0.005 0.001 0.019 0.003 0.010 0.008 0.002 0.004 0.012 0.001 0.001 0.013 0.013 

Values of parameters used in structure:
DATAFILE=C:\Users\eschumacher\Documents\GitHub\Ten_Oaks\Data_Files\QUTO_wild\project_data,	OUTFILE=C:\Users\eschumacher\Documents\GitHub\Ten_Oaks\Data_Files\QUTO_wild\50-50\Results\50-50_run_77,	NUMINDS=136,	NUMLOCI=9,	MISSING=-9,	LABEL=1,	POPDATA=1,	POPFLAG=0,	PHENOTYPE=0,	EXTRACOLS=0,	MAXPOPS=16,	BURNIN=50000,	NUMREPS=50000,	USEPOPINFO=0,	INFERALPHA=1,	INFERLAMBDA=0,	POPSPECIFICLAMBDA=0,	POPALPHAS=0,	COMPUTEPROB=1,	NOADMIX=0,	ADMBURNIN=2500,	UPDATEFREQ=1,	PRINTLIKES=0,	INTERMEDSAVE=0,	PRINTKLD=0,	PRINTNET=0,	PRINTLAMBDA=0,	ANCESTDIST=0,	NUMBOXES=1000,	ANCESTPINT=0.90000,	GENSBACK=2,	MIGRPRIOR=0.05000,	PRINTQHAT=0,	PRINTQSUM=0,	ALPHA=1.0000,	FREQSCORR=1,	FPRIORMEAN=0.0100,	FPRIORSD=0.0500,	ONEFST=0,	LAMBDA=1.0000,	UNIFPRIORALPHA=1,	ALPHAMAX=10.0000,	ALPHAPRIORA=1.0000,	ALPHAPRIORB=2.0000,	ALPHAPROPSD=0.0250,	STARTATPOPINFO=0,	RANDOMIZE=1,	LINKAGE=0,	METROFREQ=10,	REPORTHITRATE=0,	MARKOVPHASE=-1,	PHASED=0,	PLOIDY=2,	PHASEINFO=0	LOCPRIOR=0, 	LOCPRIORINIT=1.000000, 	LOCDATA=0, 	LOCISPOP=0, 	LOCPRIORSTEP=0.100000, 	MAXLOCPRIOR=20.000000, 	SEED=1689804437,	
[STRAT parameters]:    NUMSIMSTATS=1000,	PHENOTYPECOL=-9,	POOLFREQ=10,	LOCUSxONLY=0,	EMERROR=0.00100,	MISSINGPHENO=-9,	