

----------------------------------------------------
STRUCTURE by Pritchard, Stephens and Donnelly (2000)
     and Falush, Stephens and Pritchard (2003)
       Code by Pritchard, Falush and Hubisz
             Version 2.3.4 (Jul 2012)
----------------------------------------------------



Command line arguments:   bin\structure -m C:\Users\eschumacher\Documents\GitHub\Ten_Oaks\Data_Files\QUTO_wild\50-50\mainparams -e C:\Users\eschumacher\Documents\GitHub\Ten_Oaks\Data_Files\QUTO_wild\50-50\extraparams 
Input File:    C:\Users\eschumacher\Documents\GitHub\Ten_Oaks\Data_Files\QUTO_wild\project_data

Run parameters:
   136 individuals
   9 loci
   19 populations assumed
   50000 Burn-in period
   50000 Reps


--------------------------------------------
Proportion of membership of each pre-defined
 population in each of the 19 clusters

Given    Inferred Clusters                                                                                                                       Number of
 Pop       1      2      3      4      5      6      7      8      9     10     11     12     13     14     15     16     17     18     19      Individuals

  1:     0.051  0.013  0.028  0.012  0.022  0.020  0.040  0.073  0.017  0.041  0.015  0.018  0.055  0.012  0.054  0.433  0.018  0.021  0.057        1
  2:     0.005  0.453  0.005  0.006  0.006  0.009  0.007  0.008  0.004  0.007  0.008  0.005  0.007  0.433  0.009  0.008  0.005  0.005  0.008        4
  3:     0.012  0.010  0.013  0.019  0.010  0.017  0.018  0.017  0.006  0.010  0.737  0.015  0.041  0.008  0.020  0.016  0.009  0.004  0.018        4
  4:     0.014  0.008  0.018  0.005  0.253  0.007  0.346  0.067  0.007  0.028  0.031  0.008  0.085  0.006  0.040  0.028  0.012  0.008  0.029        5
  5:     0.065  0.102  0.020  0.013  0.018  0.123  0.030  0.041  0.051  0.027  0.123  0.011  0.042  0.138  0.041  0.074  0.016  0.025  0.043       71
  6:     0.004  0.004  0.009  0.007  0.013  0.006  0.023  0.183  0.003  0.456  0.004  0.074  0.178  0.004  0.008  0.005  0.006  0.005  0.009        2
  7:     0.004  0.014  0.028  0.018  0.022  0.007  0.020  0.038  0.006  0.018  0.009  0.004  0.023  0.016  0.063  0.013  0.030  0.611  0.054        5
  8:     0.008  0.012  0.044  0.044  0.069  0.052  0.044  0.131  0.039  0.057  0.011  0.034  0.087  0.010  0.076  0.011  0.191  0.015  0.065       10
  9:     0.010  0.014  0.020  0.044  0.061  0.026  0.072  0.034  0.020  0.031  0.074  0.046  0.031  0.015  0.057  0.011  0.378  0.009  0.046        8
 10:     0.015  0.022  0.038  0.302  0.066  0.006  0.081  0.034  0.016  0.022  0.011  0.021  0.034  0.110  0.063  0.046  0.014  0.041  0.058        9
 11:     0.035  0.033  0.440  0.076  0.133  0.011  0.031  0.030  0.007  0.018  0.013  0.026  0.029  0.010  0.046  0.012  0.006  0.005  0.039        3
 12:     0.022  0.010  0.028  0.012  0.032  0.011  0.017  0.067  0.010  0.025  0.036  0.015  0.051  0.006  0.040  0.013  0.030  0.548  0.028        1
 13:     0.007  0.016  0.030  0.502  0.013  0.010  0.029  0.030  0.008  0.101  0.006  0.017  0.022  0.028  0.030  0.048  0.007  0.046  0.051        3
 14:     0.006  0.019  0.025  0.007  0.078  0.007  0.098  0.136  0.009  0.106  0.004  0.008  0.156  0.014  0.109  0.010  0.048  0.028  0.132        1
 15:     0.004  0.004  0.642  0.005  0.259  0.022  0.005  0.006  0.003  0.007  0.005  0.004  0.006  0.004  0.006  0.004  0.005  0.005  0.007        2
 16:     0.009  0.036  0.022  0.100  0.018  0.026  0.032  0.030  0.007  0.429  0.009  0.016  0.035  0.020  0.030  0.038  0.024  0.028  0.090        4
 17:     0.041  0.004  0.004  0.007  0.004  0.004  0.005  0.006  0.005  0.006  0.006  0.873  0.006  0.004  0.006  0.006  0.004  0.003  0.005        3
--------------------------------------------

Allele-freq. divergence among pops (Net nucleotide distance),
computed using point estimates of P.

      1       2       3       4       5       6       7       8       9      10      11      12      13      14      15      16      17      18      19      
 1      -    0.2789  0.2391  0.2730  0.1869  0.2450  0.1736  0.1307  0.2375  0.2139  0.1681  0.1860  0.1235  0.2924  0.1324  0.1178  0.1945  0.3701  0.1402  
 2   0.2789     -    0.1571  0.1551  0.1050  0.2360  0.1137  0.0999  0.2744  0.1192  0.2572  0.2054  0.1064  0.1323  0.0880  0.1615  0.1567  0.2505  0.0872  
 3   0.2391  0.1571     -    0.1370  0.0597  0.1594  0.1265  0.0914  0.2156  0.1065  0.2593  0.2094  0.0958  0.2028  0.0830  0.1521  0.1320  0.2416  0.0822  
 4   0.2730  0.1551  0.1370     -    0.1014  0.2072  0.1201  0.0878  0.2397  0.0878  0.1802  0.1333  0.0917  0.2339  0.0860  0.1848  0.1227  0.2974  0.0864  
 5   0.1869  0.1050  0.0597  0.1014     -    0.1494  0.0160  0.0357  0.1612  0.0646  0.1749  0.1378  0.0411  0.1442  0.0258  0.0978  0.0671  0.1997  0.0283  
 6   0.2450  0.2360  0.1594  0.2072  0.1494     -    0.1685  0.1240  0.2986  0.1097  0.1974  0.2509  0.1216  0.2881  0.1172  0.1659  0.1738  0.2858  0.1109  
 7   0.1736  0.1137  0.1265  0.1201  0.0160  0.1685     -    0.0391  0.1620  0.0791  0.1492  0.1311  0.0395  0.1441  0.0276  0.0874  0.0744  0.2121  0.0318  
 8   0.1307  0.0999  0.0914  0.0878  0.0357  0.1240  0.0391     -    0.1564  0.0383  0.1174  0.0850  0.0028  0.1487  0.0057  0.0482  0.0495  0.1914  0.0070  
 9   0.2375  0.2744  0.2156  0.2397  0.1612  0.2986  0.1620  0.1564     -    0.2411  0.2695  0.2540  0.1564  0.3055  0.1496  0.1858  0.1952  0.3078  0.1597  
10   0.2139  0.1192  0.1065  0.0878  0.0646  0.1097  0.0791  0.0383  0.2411     -    0.2059  0.1313  0.0465  0.1779  0.0387  0.1068  0.0802  0.2019  0.0283  
11   0.1681  0.2572  0.2593  0.1802  0.1749  0.1974  0.1492  0.1174  0.2695  0.2059     -    0.1420  0.1040  0.2639  0.1148  0.1331  0.1421  0.4021  0.1300  
12   0.1860  0.2054  0.2094  0.1333  0.1378  0.2509  0.1311  0.0850  0.2540  0.1313  0.1420     -    0.0863  0.2543  0.0938  0.1349  0.1426  0.3660  0.1015  
13   0.1235  0.1064  0.0958  0.0917  0.0411  0.1216  0.0395  0.0028  0.1564  0.0465  0.1040  0.0863     -    0.1550  0.0076  0.0461  0.0569  0.1978  0.0102  
14   0.2924  0.1323  0.2028  0.2339  0.1442  0.2881  0.1441  0.1487  0.3055  0.1779  0.2639  0.2543  0.1550     -    0.1284  0.1519  0.1773  0.3508  0.1292  
15   0.1324  0.0880  0.0830  0.0860  0.0258  0.1172  0.0276  0.0057  0.1496  0.0387  0.1148  0.0938  0.0076  0.1284     -    0.0499  0.0406  0.1766  0.0015  
16   0.1178  0.1615  0.1521  0.1848  0.0978  0.1659  0.0874  0.0482  0.1858  0.1068  0.1331  0.1349  0.0461  0.1519  0.0499     -    0.1110  0.2541  0.0527  
17   0.1945  0.1567  0.1320  0.1227  0.0671  0.1738  0.0744  0.0495  0.1952  0.0802  0.1421  0.1426  0.0569  0.1773  0.0406  0.1110     -    0.1917  0.0434  
18   0.3701  0.2505  0.2416  0.2974  0.1997  0.2858  0.2121  0.1914  0.3078  0.2019  0.4021  0.3660  0.1978  0.3508  0.1766  0.2541  0.1917     -    0.1732  
19   0.1402  0.0872  0.0822  0.0864  0.0283  0.1109  0.0318  0.0070  0.1597  0.0283  0.1300  0.1015  0.0102  0.1292  0.0015  0.0527  0.0434  0.1732     -    

Average distances (expected heterozygosity) between individuals in same cluster:
cluster  1  : 0.2102 
cluster  2  : 0.4118 
cluster  3  : 0.4879 
cluster  4  : 0.4609 
cluster  5  : 0.5992 
cluster  6  : 0.2385 
cluster  7  : 0.5437 
cluster  8  : 0.5561 
cluster  9  : 0.3218 
cluster 10  : 0.4659 
cluster 11  : 0.2981 
cluster 12  : 0.4165 
cluster 13  : 0.5244 
cluster 14  : 0.3084 
cluster 15  : 0.5808 
cluster 16  : 0.3886 
cluster 17  : 0.6098 
cluster 18  : 0.3218 
cluster 19  : 0.5572 

--------------------------------------------
Estimated Ln Prob of Data   = -2269.7
Mean value of ln likelihood = -1803.8
Variance of ln likelihood   = 931.7
Mean value of alpha         = 0.0358

Mean value of Fst_1         = 0.6533
Mean value of Fst_2         = 0.4136
Mean value of Fst_3         = 0.4188
Mean value of Fst_4         = 0.3495
Mean value of Fst_5         = 0.3756
Mean value of Fst_6         = 0.5969
Mean value of Fst_7         = 0.3407
Mean value of Fst_8         = 0.1978
Mean value of Fst_9         = 0.5586
Mean value of Fst_10         = 0.3773
Mean value of Fst_11         = 0.5072
Mean value of Fst_12         = 0.4274
Mean value of Fst_13         = 0.2947
Mean value of Fst_14         = 0.5074
Mean value of Fst_15         = 0.0733
Mean value of Fst_16         = 0.3567
Mean value of Fst_17         = 0.1908
Mean value of Fst_18         = 0.5626
Mean value of Fst_19         = 0.1410


Inferred ancestry of individuals:
        Label (%Miss) Pop:  Inferred clusters
  1 QTo-W-0007   (11)    1 :  0.051 0.013 0.028 0.012 0.022 0.020 0.040 0.073 0.017 0.041 0.015 0.018 0.055 0.012 0.054 0.433 0.018 0.021 0.057 
  2 QTo-W-0009    (0)    2 :  0.005 0.872 0.004 0.004 0.005 0.024 0.005 0.006 0.004 0.006 0.018 0.004 0.006 0.008 0.007 0.007 0.005 0.005 0.006 
  3 QTo-W-0010    (0)    2 :  0.005 0.032 0.008 0.009 0.010 0.005 0.011 0.018 0.004 0.011 0.005 0.006 0.012 0.801 0.020 0.012 0.007 0.006 0.018 
  4 QTo-W-0011    (0)    2 :  0.006 0.904 0.005 0.004 0.005 0.004 0.005 0.005 0.004 0.005 0.005 0.004 0.005 0.011 0.006 0.008 0.004 0.006 0.005 
  5 QTo-W-0012   (22)    2 :  0.005 0.006 0.004 0.005 0.005 0.004 0.005 0.005 0.003 0.005 0.005 0.005 0.005 0.913 0.005 0.007 0.004 0.003 0.005 
  6 QTo-W-0020   (22)    3 :  0.004 0.003 0.003 0.005 0.004 0.006 0.004 0.004 0.003 0.004 0.923 0.004 0.004 0.006 0.004 0.004 0.005 0.003 0.004 
  7 QTo-W-0021   (22)    3 :  0.019 0.006 0.008 0.009 0.008 0.019 0.011 0.012 0.012 0.008 0.785 0.015 0.033 0.006 0.010 0.014 0.010 0.004 0.012 
  8 QTo-W-0023   (22)    3 :  0.012 0.007 0.006 0.007 0.006 0.035 0.008 0.007 0.005 0.007 0.813 0.017 0.020 0.008 0.009 0.014 0.007 0.004 0.008 
  9 QTo-W-0024   (11)    3 :  0.011 0.025 0.037 0.056 0.022 0.009 0.047 0.043 0.005 0.023 0.427 0.024 0.107 0.012 0.056 0.030 0.014 0.004 0.047 
 10 QTo-W-0033    (0)    4 :  0.005 0.017 0.006 0.005 0.391 0.004 0.484 0.007 0.006 0.007 0.014 0.005 0.009 0.007 0.008 0.005 0.006 0.005 0.009 
 11 QTo-W-0035   (11)    4 :  0.006 0.006 0.004 0.005 0.402 0.005 0.502 0.005 0.007 0.006 0.005 0.005 0.006 0.006 0.006 0.006 0.005 0.007 0.006 
 12 QTo-W-0036    (0)    4 :  0.004 0.005 0.004 0.003 0.410 0.004 0.518 0.004 0.005 0.004 0.004 0.004 0.005 0.005 0.004 0.004 0.004 0.005 0.005 
 13 QTo-W-0039   (11)    4 :  0.041 0.007 0.038 0.006 0.023 0.014 0.115 0.153 0.011 0.055 0.081 0.014 0.212 0.005 0.077 0.078 0.013 0.009 0.047 
 14 QTo-W-0041    (0)    4 :  0.016 0.006 0.038 0.005 0.037 0.008 0.109 0.167 0.009 0.065 0.051 0.012 0.195 0.004 0.104 0.047 0.032 0.015 0.080 
 15 QTo-W-0044    (0)    5 :  0.004 0.565 0.007 0.106 0.007 0.041 0.007 0.009 0.121 0.020 0.012 0.004 0.010 0.005 0.017 0.005 0.005 0.037 0.015 
 16 QTo-W-0047    (0)    5 :  0.006 0.850 0.006 0.007 0.006 0.005 0.006 0.010 0.004 0.006 0.005 0.005 0.007 0.036 0.012 0.009 0.005 0.008 0.010 
 17 QTo-W-0048   (11)    5 :  0.007 0.868 0.006 0.005 0.005 0.007 0.006 0.007 0.005 0.007 0.006 0.005 0.008 0.015 0.008 0.016 0.005 0.008 0.007 
 18 QTo-W-0049    (0)    5 :  0.004 0.030 0.005 0.006 0.007 0.004 0.008 0.008 0.003 0.006 0.004 0.005 0.007 0.869 0.007 0.008 0.005 0.006 0.007 
 19 QTo-W-0050   (22)    5 :  0.010 0.027 0.047 0.013 0.077 0.430 0.075 0.034 0.007 0.058 0.023 0.009 0.039 0.027 0.042 0.013 0.015 0.006 0.048 
 20 QTo-W-0052    (0)    5 :  0.012 0.007 0.014 0.020 0.009 0.005 0.009 0.007 0.130 0.015 0.004 0.004 0.008 0.014 0.012 0.018 0.008 0.688 0.015 
 21 QTo-W-0054    (0)    5 :  0.004 0.006 0.004 0.004 0.005 0.004 0.005 0.004 0.003 0.005 0.004 0.004 0.004 0.918 0.004 0.007 0.004 0.003 0.005 
 22 QTo-W-0056    (0)    5 :  0.004 0.024 0.005 0.004 0.004 0.004 0.005 0.005 0.004 0.005 0.004 0.004 0.005 0.899 0.005 0.006 0.004 0.006 0.005 
 23 QTo-W-0057    (0)    5 :  0.004 0.148 0.005 0.006 0.007 0.004 0.006 0.007 0.004 0.008 0.004 0.004 0.007 0.748 0.008 0.007 0.005 0.009 0.009 
 24 QTo-W-0058    (0)    5 :  0.005 0.006 0.004 0.004 0.004 0.004 0.005 0.005 0.003 0.005 0.004 0.004 0.004 0.919 0.005 0.006 0.003 0.003 0.005 
 25 QTo-W-0059    (0)    5 :  0.006 0.037 0.010 0.047 0.008 0.079 0.009 0.016 0.085 0.014 0.026 0.005 0.012 0.556 0.019 0.013 0.011 0.025 0.019 
 26 QTo-W-0060    (0)    5 :  0.005 0.062 0.005 0.005 0.006 0.004 0.007 0.006 0.004 0.007 0.005 0.004 0.006 0.841 0.007 0.008 0.004 0.006 0.008 
 27 QTo-W-0061    (0)    5 :  0.027 0.005 0.024 0.009 0.014 0.007 0.039 0.062 0.007 0.025 0.031 0.024 0.074 0.444 0.064 0.059 0.016 0.009 0.060 
 28 QTo-W-0062   (11)    5 :  0.006 0.008 0.005 0.005 0.005 0.005 0.006 0.006 0.004 0.006 0.006 0.005 0.006 0.902 0.006 0.007 0.004 0.004 0.006 
 29 QTo-W-0065   (11)    5 :  0.038 0.007 0.009 0.011 0.009 0.009 0.009 0.019 0.015 0.010 0.042 0.026 0.023 0.690 0.013 0.044 0.009 0.004 0.013 
 30 QTo-W-0067    (0)    5 :  0.027 0.033 0.007 0.006 0.009 0.009 0.014 0.019 0.009 0.010 0.030 0.013 0.015 0.725 0.017 0.028 0.008 0.007 0.016 
 31 QTo-W-0071    (0)    5 :  0.016 0.012 0.045 0.007 0.071 0.011 0.083 0.187 0.007 0.067 0.017 0.010 0.118 0.005 0.105 0.032 0.014 0.005 0.187 
 32 QTo-W-0072    (0)    5 :  0.015 0.003 0.007 0.023 0.008 0.608 0.010 0.015 0.007 0.010 0.199 0.009 0.022 0.004 0.010 0.019 0.012 0.007 0.012 
 33 QTo-W-0075    (0)    5 :  0.016 0.006 0.010 0.009 0.006 0.058 0.031 0.019 0.012 0.009 0.708 0.006 0.058 0.004 0.012 0.010 0.007 0.009 0.009 
 34 QTo-W-0076   (11)    5 :  0.009 0.012 0.011 0.040 0.012 0.017 0.013 0.015 0.007 0.012 0.710 0.016 0.057 0.008 0.019 0.009 0.011 0.004 0.019 
 35 QTo-W-0077   (11)    5 :  0.019 0.299 0.007 0.006 0.009 0.046 0.030 0.028 0.007 0.013 0.262 0.014 0.048 0.024 0.034 0.115 0.011 0.004 0.023 
 36 QTo-W-0079    (0)    5 :  0.005 0.003 0.003 0.004 0.003 0.005 0.004 0.004 0.003 0.003 0.932 0.004 0.004 0.005 0.004 0.004 0.004 0.002 0.003 
 37 QTo-W-0080   (11)    5 :  0.017 0.007 0.021 0.026 0.012 0.007 0.040 0.083 0.007 0.030 0.138 0.026 0.065 0.126 0.147 0.055 0.078 0.010 0.105 
 38 QTo-W-0081   (11)    5 :  0.012 0.007 0.007 0.025 0.009 0.006 0.016 0.014 0.008 0.007 0.736 0.016 0.067 0.008 0.020 0.017 0.008 0.004 0.013 
 39 QTo-W-0082    (0)    5 :  0.006 0.006 0.016 0.014 0.015 0.009 0.015 0.025 0.006 0.020 0.716 0.012 0.020 0.014 0.024 0.008 0.022 0.004 0.049 
 40 QTo-W-0087    (0)    5 :  0.007 0.006 0.004 0.005 0.004 0.017 0.005 0.008 0.004 0.005 0.874 0.007 0.015 0.009 0.006 0.008 0.005 0.003 0.006 
 41 QTo-W-0088   (11)    5 :  0.008 0.007 0.006 0.007 0.006 0.008 0.010 0.011 0.005 0.006 0.851 0.008 0.016 0.013 0.008 0.014 0.006 0.004 0.007 
 42 QTo-W-0089   (11)    5 :  0.011 0.005 0.005 0.012 0.009 0.010 0.010 0.009 0.007 0.005 0.815 0.009 0.053 0.005 0.010 0.008 0.006 0.004 0.007 
 43 QTo-W-0090    (0)    5 :  0.010 0.024 0.009 0.010 0.021 0.008 0.027 0.025 0.007 0.009 0.673 0.012 0.071 0.006 0.038 0.009 0.008 0.004 0.028 
 44 QTo-W-0093   (11)    5 :  0.008 0.023 0.039 0.025 0.020 0.212 0.040 0.068 0.005 0.061 0.197 0.013 0.066 0.038 0.077 0.013 0.027 0.011 0.058 
 45 QTo-W-0098    (0)    5 :  0.008 0.011 0.013 0.008 0.006 0.836 0.006 0.009 0.005 0.008 0.008 0.006 0.009 0.013 0.008 0.025 0.006 0.006 0.009 
 46 QTo-W-0101   (11)    5 :  0.011 0.013 0.017 0.010 0.010 0.762 0.011 0.013 0.006 0.017 0.012 0.008 0.010 0.017 0.013 0.041 0.007 0.008 0.014 
 47 QTo-W-0114    (0)    5 :  0.011 0.004 0.005 0.005 0.005 0.871 0.007 0.007 0.007 0.007 0.013 0.006 0.010 0.004 0.008 0.012 0.005 0.005 0.007 
 48 QTo-W-0116   (11)    5 :  0.005 0.005 0.009 0.007 0.006 0.898 0.005 0.006 0.005 0.007 0.007 0.004 0.005 0.005 0.006 0.005 0.004 0.005 0.006 
 49 QTo-W-0117   (22)    5 :  0.008 0.008 0.010 0.008 0.008 0.870 0.006 0.007 0.005 0.011 0.010 0.006 0.007 0.007 0.007 0.007 0.005 0.004 0.007 
 50 QTo-W-0118    (0)    5 :  0.004 0.004 0.006 0.005 0.004 0.922 0.004 0.004 0.004 0.005 0.005 0.004 0.005 0.004 0.004 0.004 0.003 0.003 0.005 
 51 QTo-W-0121   (11)    5 :  0.005 0.025 0.008 0.010 0.006 0.814 0.010 0.010 0.004 0.009 0.035 0.005 0.017 0.005 0.011 0.007 0.005 0.004 0.010 
 52 QTo-W-0124   (11)    5 :  0.004 0.851 0.006 0.006 0.007 0.005 0.009 0.007 0.004 0.009 0.004 0.005 0.007 0.042 0.009 0.006 0.006 0.005 0.008 
 53 QTo-W-0128    (0)    5 :  0.003 0.903 0.005 0.005 0.005 0.004 0.008 0.005 0.003 0.005 0.004 0.004 0.007 0.015 0.005 0.005 0.004 0.004 0.006 
 54 QTo-W-0129    (0)    5 :  0.004 0.854 0.008 0.008 0.007 0.004 0.010 0.009 0.004 0.007 0.005 0.005 0.012 0.020 0.015 0.006 0.005 0.004 0.015 
 55 QTo-W-0131   (11)    5 :  0.013 0.021 0.022 0.018 0.048 0.005 0.077 0.117 0.022 0.031 0.035 0.017 0.077 0.038 0.223 0.041 0.028 0.004 0.163 
 56 QTo-W-0133   (11)    5 :  0.033 0.035 0.189 0.011 0.043 0.009 0.045 0.057 0.012 0.032 0.012 0.018 0.080 0.016 0.044 0.184 0.008 0.102 0.069 
 57 QTo-W-0137    (0)    5 :  0.011 0.017 0.037 0.012 0.058 0.059 0.075 0.162 0.007 0.059 0.019 0.025 0.140 0.007 0.131 0.018 0.018 0.006 0.139 
 58 QTo-W-0138    (0)    5 :  0.029 0.233 0.010 0.015 0.022 0.004 0.106 0.025 0.012 0.069 0.004 0.007 0.028 0.169 0.049 0.100 0.011 0.012 0.096 
 59 QTo-W-0139    (0)    5 :  0.007 0.007 0.004 0.004 0.005 0.004 0.005 0.005 0.902 0.005 0.004 0.004 0.005 0.004 0.006 0.005 0.004 0.014 0.006 
 60 QTo-W-0140   (22)    5 :  0.006 0.004 0.005 0.004 0.005 0.005 0.005 0.005 0.909 0.004 0.005 0.005 0.005 0.005 0.005 0.006 0.005 0.005 0.006 
 61 QTo-W-0142    (0)    5 :  0.009 0.003 0.004 0.004 0.004 0.004 0.005 0.004 0.921 0.004 0.005 0.004 0.006 0.003 0.005 0.005 0.003 0.004 0.004 
 62 QTo-W-0144    (0)    5 :  0.012 0.014 0.063 0.008 0.026 0.007 0.034 0.077 0.008 0.065 0.006 0.018 0.056 0.228 0.078 0.209 0.017 0.006 0.067 
 63 QTo-W-0149   (22)    5 :  0.786 0.004 0.006 0.005 0.006 0.006 0.006 0.008 0.008 0.005 0.007 0.103 0.008 0.005 0.008 0.010 0.005 0.004 0.007 
 64 QTo-W-0151   (11)    5 :  0.813 0.004 0.007 0.005 0.005 0.005 0.007 0.008 0.007 0.012 0.031 0.006 0.008 0.014 0.009 0.026 0.016 0.005 0.012 
 65 QTo-W-0153   (22)    5 :  0.909 0.005 0.005 0.004 0.005 0.005 0.005 0.005 0.006 0.004 0.006 0.005 0.006 0.005 0.005 0.007 0.004 0.004 0.005 
 66 QTo-W-0154    (0)    5 :  0.683 0.004 0.013 0.011 0.011 0.022 0.023 0.029 0.046 0.018 0.009 0.010 0.034 0.004 0.019 0.022 0.011 0.013 0.019 
 67 QTo-W-0159   (11)    5 :  0.012 0.007 0.039 0.014 0.057 0.034 0.083 0.152 0.010 0.077 0.007 0.010 0.118 0.016 0.099 0.096 0.011 0.042 0.114 
 68 QTo-W-0161   (11)    5 :  0.601 0.005 0.017 0.007 0.015 0.025 0.032 0.042 0.034 0.037 0.008 0.009 0.028 0.005 0.027 0.042 0.024 0.012 0.032 
 69 QTo-W-0162    (0)    5 :  0.022 0.004 0.052 0.014 0.031 0.158 0.037 0.073 0.016 0.082 0.020 0.007 0.069 0.004 0.165 0.018 0.057 0.010 0.161 
 70 QTo-W-0163   (11)    5 :  0.019 0.006 0.022 0.023 0.024 0.005 0.024 0.063 0.042 0.020 0.170 0.028 0.055 0.028 0.073 0.131 0.200 0.010 0.056 
 71 QTo-W-0167   (11)    5 :  0.010 0.053 0.024 0.008 0.040 0.251 0.046 0.070 0.010 0.114 0.018 0.008 0.061 0.011 0.068 0.016 0.024 0.096 0.073 
 72 QTo-W-0170    (0)    5 :  0.007 0.017 0.048 0.018 0.053 0.032 0.076 0.132 0.006 0.116 0.007 0.007 0.067 0.006 0.115 0.015 0.021 0.072 0.184 
 73 QTo-W-0171   (22)    5 :  0.015 0.033 0.039 0.016 0.060 0.011 0.117 0.097 0.012 0.070 0.013 0.015 0.107 0.055 0.110 0.022 0.034 0.006 0.168 
 74 QTo-W-0172   (22)    5 :  0.009 0.008 0.057 0.017 0.045 0.062 0.046 0.102 0.024 0.067 0.006 0.009 0.058 0.007 0.224 0.012 0.023 0.061 0.165 
 75 QTo-W-0173   (11)    5 :  0.016 0.013 0.041 0.009 0.068 0.015 0.085 0.179 0.011 0.098 0.009 0.013 0.119 0.008 0.105 0.034 0.011 0.044 0.122 
 76 QTo-W-0174    (0)    5 :  0.019 0.009 0.014 0.010 0.020 0.244 0.043 0.071 0.008 0.035 0.034 0.009 0.053 0.013 0.038 0.309 0.013 0.026 0.032 
 77 QTo-W-0175    (0)    5 :  0.035 0.017 0.014 0.009 0.030 0.006 0.129 0.054 0.005 0.056 0.012 0.012 0.054 0.047 0.118 0.225 0.009 0.004 0.163 
 78 QTo-W-0182   (22)    5 :  0.006 0.870 0.006 0.010 0.006 0.007 0.006 0.008 0.004 0.011 0.007 0.008 0.009 0.008 0.008 0.007 0.005 0.005 0.008 
 79 QTo-W-0184    (0)    5 :  0.015 0.011 0.033 0.069 0.043 0.030 0.052 0.064 0.010 0.083 0.030 0.012 0.067 0.010 0.087 0.109 0.137 0.036 0.104 
 80 QTo-W-0188    (0)    5 :  0.006 0.011 0.070 0.008 0.079 0.012 0.071 0.133 0.009 0.059 0.004 0.005 0.068 0.013 0.117 0.053 0.012 0.157 0.110 
 81 QTo-W-0192   (11)    5 :  0.010 0.021 0.005 0.006 0.006 0.008 0.008 0.008 0.006 0.007 0.009 0.007 0.010 0.009 0.008 0.852 0.005 0.005 0.009 
 82 QTo-W-0193    (0)    5 :  0.010 0.005 0.005 0.004 0.005 0.006 0.006 0.011 0.005 0.007 0.006 0.006 0.011 0.017 0.015 0.860 0.006 0.005 0.010 
 83 QTo-W-0194    (0)    5 :  0.009 0.014 0.005 0.004 0.004 0.005 0.006 0.007 0.004 0.006 0.006 0.005 0.006 0.015 0.007 0.880 0.004 0.004 0.009 
 84 QTo-W-0196   (11)    5 :  0.032 0.006 0.046 0.010 0.013 0.011 0.104 0.161 0.019 0.044 0.013 0.019 0.291 0.008 0.055 0.119 0.007 0.011 0.032 
 85 QTo-W-0197    (0)    5 :  0.023 0.011 0.048 0.010 0.008 0.009 0.109 0.154 0.012 0.042 0.058 0.010 0.296 0.006 0.062 0.094 0.008 0.010 0.030 
 86 QTo-W-0200   (11)    6 :  0.004 0.004 0.009 0.006 0.012 0.006 0.023 0.182 0.003 0.458 0.004 0.074 0.178 0.004 0.008 0.005 0.006 0.004 0.010 
 87 QTo-W-0201   (22)    6 :  0.004 0.004 0.009 0.007 0.013 0.006 0.022 0.184 0.003 0.454 0.004 0.074 0.178 0.004 0.009 0.005 0.007 0.005 0.008 
 88 QTo-W-0205    (0)    7 :  0.003 0.003 0.005 0.004 0.004 0.004 0.004 0.004 0.004 0.004 0.003 0.003 0.004 0.003 0.004 0.004 0.004 0.933 0.004 
 89 QTo-W-0208    (0)    7 :  0.007 0.050 0.034 0.073 0.027 0.012 0.029 0.073 0.015 0.028 0.035 0.010 0.052 0.062 0.126 0.020 0.118 0.137 0.094 
 90 QTo-W-0211    (0)    7 :  0.005 0.005 0.090 0.005 0.070 0.012 0.055 0.103 0.005 0.048 0.004 0.004 0.050 0.008 0.174 0.035 0.018 0.148 0.164 
 91 QTo-W-0212   (11)    7 :  0.004 0.005 0.004 0.003 0.004 0.004 0.004 0.004 0.004 0.005 0.003 0.003 0.004 0.005 0.004 0.005 0.004 0.926 0.005 
 92 QTo-W-0213    (0)    7 :  0.003 0.005 0.005 0.004 0.004 0.004 0.006 0.007 0.004 0.005 0.003 0.003 0.006 0.004 0.007 0.005 0.006 0.913 0.007 
 93 QTo-W-0216   (11)    8 :  0.008 0.010 0.099 0.048 0.130 0.006 0.009 0.300 0.006 0.042 0.008 0.126 0.161 0.008 0.011 0.011 0.006 0.004 0.008 
 94 QTo-W-0220    (0)    8 :  0.006 0.018 0.098 0.046 0.133 0.005 0.005 0.298 0.004 0.039 0.006 0.116 0.160 0.011 0.017 0.008 0.011 0.004 0.013 
 95 QTo-W-0224   (11)    8 :  0.008 0.032 0.058 0.198 0.049 0.014 0.043 0.048 0.037 0.189 0.008 0.010 0.046 0.026 0.079 0.013 0.029 0.006 0.107 
 96 QTo-W-0225   (11)    8 :  0.005 0.007 0.005 0.007 0.005 0.005 0.008 0.010 0.004 0.013 0.008 0.007 0.008 0.018 0.016 0.007 0.834 0.020 0.014 
 97 QTo-W-0227   (11)    8 :  0.010 0.010 0.084 0.089 0.122 0.006 0.046 0.231 0.010 0.065 0.012 0.025 0.145 0.006 0.050 0.013 0.021 0.005 0.050 
 98 QTo-W-0229    (0)    8 :  0.005 0.003 0.004 0.009 0.005 0.003 0.005 0.009 0.006 0.011 0.043 0.008 0.011 0.008 0.010 0.004 0.843 0.004 0.007 
 99 QTo-W-0231    (0)    8 :  0.003 0.013 0.010 0.006 0.034 0.003 0.068 0.184 0.008 0.007 0.007 0.012 0.078 0.006 0.335 0.004 0.021 0.035 0.166 
100 QTo-W-0238   (22)    8 :  0.015 0.008 0.041 0.017 0.055 0.023 0.066 0.126 0.033 0.120 0.008 0.018 0.111 0.007 0.089 0.019 0.057 0.042 0.146 
101 QTo-W-0240    (0)    8 :  0.009 0.012 0.021 0.011 0.138 0.016 0.169 0.077 0.016 0.068 0.005 0.015 0.125 0.007 0.125 0.015 0.027 0.024 0.120 
102 QTo-W-0242    (0)    8 :  0.008 0.003 0.025 0.007 0.020 0.437 0.019 0.026 0.263 0.015 0.009 0.006 0.026 0.003 0.028 0.012 0.059 0.011 0.022 
103 QTo-W-0244    (0)    9 :  0.005 0.004 0.018 0.055 0.276 0.047 0.346 0.017 0.012 0.084 0.009 0.010 0.019 0.003 0.022 0.008 0.021 0.009 0.035 
104 QTo-W-0245   (11)    9 :  0.011 0.012 0.019 0.029 0.089 0.010 0.096 0.053 0.021 0.067 0.011 0.008 0.053 0.006 0.088 0.009 0.334 0.010 0.075 
105 QTo-W-0251    (0)    9 :  0.013 0.004 0.045 0.009 0.017 0.079 0.017 0.028 0.005 0.014 0.292 0.312 0.047 0.004 0.038 0.026 0.009 0.009 0.030 
106 QTo-W-0253    (0)    9 :  0.004 0.004 0.019 0.030 0.015 0.024 0.007 0.022 0.007 0.018 0.019 0.006 0.015 0.003 0.038 0.006 0.733 0.008 0.021 
107 QTo-W-0256   (11)    9 :  0.007 0.070 0.014 0.043 0.020 0.006 0.044 0.044 0.006 0.018 0.076 0.009 0.047 0.066 0.087 0.010 0.364 0.006 0.063 
108 QTo-W-0258    (0)    9 :  0.007 0.008 0.007 0.181 0.014 0.005 0.030 0.050 0.029 0.019 0.162 0.011 0.018 0.030 0.084 0.006 0.267 0.003 0.067 
109 QTo-W-0259    (0)    9 :  0.024 0.004 0.011 0.003 0.018 0.024 0.013 0.025 0.049 0.012 0.016 0.004 0.019 0.005 0.038 0.011 0.691 0.009 0.023 
110 QTo-W-0260   (22)    9 :  0.009 0.004 0.027 0.004 0.035 0.010 0.019 0.032 0.033 0.020 0.006 0.005 0.031 0.005 0.065 0.012 0.606 0.020 0.057 
111 QTo-W-0274   (11)   10 :  0.006 0.006 0.007 0.792 0.006 0.005 0.008 0.016 0.005 0.015 0.012 0.016 0.014 0.005 0.027 0.009 0.024 0.004 0.021 
112 QTo-W-0275    (0)   10 :  0.055 0.033 0.089 0.026 0.063 0.007 0.072 0.030 0.005 0.019 0.004 0.075 0.041 0.244 0.084 0.075 0.008 0.009 0.061 
113 QTo-W-0278    (0)   10 :  0.039 0.007 0.131 0.065 0.045 0.007 0.053 0.047 0.023 0.037 0.036 0.025 0.070 0.009 0.054 0.181 0.022 0.077 0.072 
114 QTo-W-0283   (11)   10 :  0.005 0.027 0.011 0.016 0.217 0.006 0.261 0.049 0.010 0.016 0.013 0.007 0.032 0.035 0.073 0.025 0.013 0.114 0.069 
115 QTo-W-0284    (0)   10 :  0.005 0.014 0.015 0.027 0.191 0.007 0.211 0.056 0.012 0.013 0.008 0.036 0.041 0.018 0.095 0.021 0.011 0.130 0.087 
116 QTo-W-0287   (22)   10 :  0.005 0.008 0.005 0.874 0.007 0.005 0.009 0.007 0.007 0.009 0.012 0.007 0.007 0.007 0.008 0.006 0.005 0.004 0.007 
117 QTo-W-0289   (22)   10 :  0.005 0.007 0.006 0.880 0.005 0.007 0.006 0.007 0.005 0.009 0.008 0.008 0.008 0.006 0.008 0.006 0.005 0.005 0.008 
118 QTo-W-0293    (0)   10 :  0.012 0.087 0.068 0.034 0.041 0.006 0.077 0.073 0.020 0.063 0.004 0.007 0.075 0.018 0.201 0.009 0.018 0.005 0.181 
119 QTo-W-0295   (11)   10 :  0.008 0.010 0.011 0.007 0.017 0.004 0.030 0.016 0.053 0.012 0.006 0.010 0.014 0.644 0.019 0.083 0.020 0.017 0.019 
120 QTo-W-0296   (11)   11 :  0.054 0.007 0.643 0.017 0.171 0.010 0.006 0.009 0.008 0.008 0.006 0.007 0.007 0.010 0.009 0.011 0.005 0.004 0.009 
121 QTo-W-0298    (0)   11 :  0.044 0.006 0.660 0.019 0.178 0.010 0.006 0.007 0.010 0.006 0.005 0.005 0.006 0.007 0.008 0.009 0.004 0.004 0.008 
122 QTo-W-0300   (11)   11 :  0.007 0.085 0.018 0.194 0.050 0.013 0.081 0.074 0.005 0.042 0.028 0.065 0.073 0.013 0.123 0.016 0.008 0.005 0.101 
123 QTo-W-0302    (0)   12 :  0.022 0.010 0.028 0.012 0.032 0.011 0.017 0.067 0.010 0.025 0.036 0.015 0.051 0.006 0.040 0.013 0.030 0.548 0.028 
124 QTo-W-0305    (0)   13 :  0.004 0.008 0.026 0.768 0.012 0.006 0.008 0.023 0.012 0.032 0.007 0.018 0.013 0.005 0.019 0.007 0.006 0.005 0.019 
125 QTo-W-0308   (11)   13 :  0.006 0.010 0.036 0.709 0.012 0.008 0.007 0.026 0.007 0.048 0.008 0.027 0.016 0.007 0.025 0.009 0.008 0.006 0.025 
126 QTo-W-0309   (11)   13 :  0.010 0.029 0.027 0.028 0.016 0.015 0.072 0.040 0.005 0.224 0.004 0.007 0.036 0.072 0.045 0.128 0.008 0.126 0.109 
127 QTo-W-0311    (0)   14 :  0.006 0.019 0.025 0.007 0.078 0.007 0.098 0.136 0.009 0.106 0.004 0.008 0.156 0.014 0.109 0.010 0.048 0.028 0.132 
128 QTo-W-0312    (0)   15 :  0.003 0.004 0.634 0.004 0.253 0.037 0.005 0.006 0.003 0.007 0.006 0.004 0.006 0.003 0.006 0.003 0.005 0.005 0.006 
129 QTo-W-0315   (11)   15 :  0.004 0.005 0.649 0.005 0.265 0.006 0.005 0.006 0.003 0.007 0.004 0.004 0.006 0.004 0.005 0.004 0.006 0.005 0.007 
130 QTo-W-0318    (0)   16 :  0.006 0.006 0.022 0.163 0.014 0.025 0.016 0.020 0.010 0.497 0.004 0.013 0.027 0.014 0.022 0.022 0.008 0.035 0.077 
131 QTo-W-0322   (11)   16 :  0.005 0.008 0.016 0.153 0.016 0.027 0.010 0.020 0.007 0.532 0.005 0.023 0.026 0.009 0.019 0.013 0.013 0.019 0.078 
132 QTo-W-0326   (22)   16 :  0.009 0.094 0.025 0.047 0.021 0.039 0.041 0.044 0.006 0.348 0.007 0.017 0.051 0.023 0.039 0.044 0.018 0.030 0.097 
133 QTo-W-0327   (11)   16 :  0.016 0.036 0.025 0.036 0.022 0.015 0.062 0.036 0.005 0.338 0.019 0.010 0.036 0.036 0.041 0.073 0.058 0.025 0.111 
134 QTo-W-0328    (0)   17 :  0.111 0.004 0.004 0.007 0.004 0.004 0.004 0.006 0.005 0.006 0.005 0.808 0.006 0.004 0.006 0.005 0.004 0.003 0.005 
135 QTo-W-0329    (0)   17 :  0.005 0.004 0.004 0.006 0.004 0.004 0.005 0.005 0.004 0.005 0.006 0.919 0.005 0.004 0.005 0.005 0.004 0.002 0.005 
136 QTo-W-0330   (11)   17 :  0.007 0.005 0.005 0.008 0.005 0.005 0.005 0.008 0.005 0.007 0.008 0.892 0.007 0.005 0.006 0.007 0.005 0.003 0.006 


Estimated Allele Frequencies in each cluster
First column gives estimated ancestral frequencies


Locus 1 : 
4 alleles
0.7% missing data
 149   (0.841) 0.990 0.987 0.689 0.975 0.808 0.994 0.937 0.918 0.973 0.962 0.993 0.975 0.941 0.994 0.864 0.975 0.432 0.184 0.889 
 147   (0.062) 0.004 0.005 0.291 0.009 0.149 0.003 0.015 0.029 0.015 0.013 0.003 0.010 0.022 0.002 0.050 0.009 0.093 0.252 0.040 
 155   (0.059) 0.003 0.005 0.012 0.009 0.031 0.002 0.037 0.034 0.007 0.014 0.002 0.010 0.022 0.002 0.054 0.010 0.018 0.561 0.045 
 161   (0.039) 0.002 0.003 0.008 0.007 0.012 0.001 0.011 0.020 0.005 0.010 0.002 0.006 0.015 0.002 0.032 0.006 0.457 0.003 0.026 

Locus 2 : 
6 alleles
12.5% missing data
 179   (0.373) 0.947 0.035 0.196 0.387 0.199 0.220 0.260 0.556 0.698 0.206 0.965 0.875 0.590 0.055 0.383 0.808 0.391 0.028 0.342 
 176   (0.149) 0.013 0.557 0.050 0.051 0.073 0.012 0.083 0.125 0.207 0.112 0.007 0.026 0.100 0.161 0.158 0.040 0.073 0.933 0.157 
 173   (0.251) 0.021 0.387 0.067 0.112 0.412 0.014 0.559 0.180 0.052 0.158 0.016 0.054 0.191 0.755 0.254 0.101 0.280 0.019 0.256 
 164   (0.025) 0.002 0.004 0.005 0.007 0.006 0.001 0.006 0.014 0.004 0.008 0.001 0.005 0.010 0.021 0.020 0.005 0.011 0.002 0.017 
 182   (0.150) 0.013 0.013 0.669 0.327 0.292 0.750 0.075 0.095 0.030 0.487 0.007 0.030 0.082 0.007 0.141 0.027 0.069 0.014 0.185 
 170   (0.052) 0.004 0.004 0.014 0.117 0.018 0.003 0.017 0.031 0.009 0.030 0.003 0.011 0.027 0.002 0.043 0.018 0.176 0.005 0.044 

Locus 3 : 
17 alleles
0.0% missing data
 220   (0.149) 0.016 0.440 0.102 0.193 0.241 0.008 0.272 0.166 0.027 0.160 0.007 0.056 0.129 0.098 0.138 0.142 0.094 0.542 0.157 
 222   (0.193) 0.121 0.017 0.238 0.192 0.147 0.012 0.146 0.207 0.545 0.141 0.210 0.385 0.205 0.018 0.228 0.103 0.288 0.021 0.244 
 218   (0.174) 0.017 0.438 0.066 0.291 0.087 0.007 0.117 0.162 0.022 0.297 0.161 0.414 0.174 0.680 0.156 0.379 0.119 0.019 0.172 
 226   (0.059) 0.005 0.068 0.013 0.016 0.014 0.942 0.020 0.035 0.024 0.031 0.590 0.015 0.047 0.005 0.050 0.021 0.100 0.006 0.038 
 258   (0.059) 0.006 0.007 0.210 0.014 0.126 0.002 0.053 0.061 0.008 0.041 0.007 0.013 0.050 0.003 0.079 0.033 0.022 0.012 0.098 
 224   (0.055) 0.004 0.005 0.153 0.010 0.246 0.009 0.223 0.064 0.006 0.113 0.002 0.020 0.070 0.002 0.044 0.010 0.028 0.007 0.039 
 228   (0.080) 0.012 0.007 0.057 0.014 0.044 0.007 0.104 0.143 0.011 0.073 0.012 0.045 0.189 0.006 0.114 0.061 0.030 0.375 0.102 
 256   (0.018) 0.001 0.001 0.003 0.003 0.003 0.001 0.003 0.010 0.002 0.003 0.001 0.003 0.006 0.179 0.012 0.003 0.005 0.001 0.009 
 264   (0.018) 0.001 0.001 0.003 0.003 0.003 0.001 0.003 0.008 0.330 0.003 0.001 0.003 0.005 0.001 0.013 0.003 0.005 0.001 0.010 
 230   (0.036) 0.806 0.003 0.117 0.006 0.036 0.001 0.007 0.018 0.004 0.007 0.001 0.006 0.010 0.001 0.027 0.006 0.010 0.002 0.019 
 260   (0.033) 0.003 0.003 0.009 0.006 0.017 0.003 0.019 0.021 0.005 0.013 0.001 0.006 0.019 0.001 0.035 0.007 0.015 0.003 0.030 
 262   (0.021) 0.001 0.002 0.006 0.004 0.006 0.001 0.006 0.010 0.003 0.006 0.001 0.003 0.008 0.001 0.020 0.004 0.007 0.003 0.015 
 234   (0.019) 0.001 0.001 0.003 0.003 0.003 0.001 0.003 0.007 0.002 0.003 0.001 0.003 0.007 0.001 0.014 0.215 0.005 0.001 0.010 
 232   (0.021) 0.001 0.002 0.010 0.006 0.011 0.001 0.007 0.058 0.002 0.093 0.001 0.014 0.056 0.001 0.016 0.003 0.006 0.001 0.013 
 250   (0.021) 0.001 0.001 0.003 0.003 0.004 0.001 0.004 0.007 0.002 0.003 0.001 0.003 0.006 0.001 0.016 0.003 0.174 0.001 0.012 
 216   (0.021) 0.001 0.001 0.006 0.003 0.008 0.001 0.005 0.010 0.006 0.005 0.001 0.003 0.008 0.001 0.018 0.004 0.084 0.002 0.016 
 266   (0.023) 0.001 0.003 0.004 0.235 0.005 0.001 0.006 0.011 0.002 0.005 0.001 0.006 0.009 0.001 0.020 0.004 0.007 0.002 0.015 

Locus 4 : 
2 alleles
1.5% missing data
 137   (0.976) 0.999 0.998 0.979 0.992 0.971 0.999 0.995 0.940 0.998 0.991 0.999 0.978 0.965 0.999 0.982 0.996 0.993 0.998 0.986 
 139   (0.024) 0.001 0.002 0.021 0.008 0.029 0.001 0.005 0.060 0.002 0.009 0.001 0.022 0.035 0.001 0.018 0.004 0.007 0.002 0.014 

Locus 5 : 
17 alleles
11.8% missing data
 187   (0.322) 0.161 0.036 0.127 0.181 0.237 0.737 0.298 0.443 0.059 0.772 0.018 0.088 0.407 0.015 0.389 0.524 0.534 0.863 0.474 
 243   (0.039) 0.003 0.433 0.006 0.009 0.007 0.002 0.009 0.018 0.004 0.007 0.003 0.007 0.013 0.002 0.031 0.157 0.011 0.003 0.022 
 203   (0.077) 0.006 0.009 0.014 0.034 0.016 0.006 0.025 0.043 0.008 0.017 0.405 0.015 0.035 0.943 0.068 0.016 0.250 0.007 0.055 
 201   (0.102) 0.011 0.344 0.035 0.072 0.028 0.039 0.115 0.106 0.011 0.035 0.415 0.027 0.225 0.005 0.117 0.039 0.046 0.008 0.084 
 197   (0.075) 0.005 0.007 0.024 0.253 0.320 0.004 0.382 0.063 0.008 0.019 0.133 0.016 0.063 0.003 0.061 0.013 0.023 0.006 0.052 
 195   (0.060) 0.004 0.021 0.010 0.332 0.012 0.005 0.015 0.028 0.873 0.026 0.004 0.011 0.018 0.005 0.047 0.010 0.029 0.070 0.041 
 247   (0.027) 0.002 0.100 0.004 0.007 0.005 0.001 0.006 0.013 0.003 0.005 0.001 0.005 0.009 0.003 0.021 0.005 0.008 0.003 0.016 
 235   (0.027) 0.002 0.003 0.007 0.010 0.009 0.002 0.012 0.021 0.004 0.009 0.004 0.008 0.020 0.002 0.031 0.008 0.014 0.002 0.026 
 249   (0.020) 0.001 0.002 0.003 0.004 0.004 0.190 0.005 0.010 0.002 0.003 0.001 0.003 0.007 0.001 0.015 0.003 0.006 0.001 0.012 
 199   (0.049) 0.015 0.005 0.684 0.027 0.243 0.003 0.024 0.033 0.006 0.019 0.005 0.040 0.044 0.005 0.045 0.073 0.016 0.010 0.044 
 245   (0.035) 0.013 0.018 0.007 0.010 0.014 0.002 0.055 0.020 0.004 0.032 0.002 0.007 0.020 0.010 0.034 0.061 0.011 0.003 0.051 
 219   (0.036) 0.740 0.003 0.007 0.010 0.008 0.002 0.011 0.014 0.004 0.006 0.002 0.135 0.015 0.003 0.028 0.007 0.010 0.003 0.025 
 217   (0.033) 0.028 0.003 0.005 0.008 0.006 0.002 0.008 0.013 0.003 0.006 0.002 0.582 0.011 0.001 0.026 0.006 0.010 0.002 0.020 
 229   (0.022) 0.002 0.002 0.003 0.005 0.004 0.001 0.006 0.011 0.002 0.004 0.001 0.004 0.008 0.001 0.016 0.062 0.006 0.002 0.013 
 215   (0.030) 0.003 0.003 0.049 0.023 0.069 0.002 0.007 0.139 0.003 0.017 0.002 0.045 0.083 0.001 0.023 0.005 0.010 0.014 0.018 
 205   (0.021) 0.001 0.002 0.003 0.005 0.005 0.001 0.006 0.012 0.002 0.004 0.001 0.003 0.008 0.001 0.021 0.003 0.006 0.002 0.014 
 227   (0.027) 0.002 0.009 0.012 0.012 0.011 0.001 0.016 0.015 0.004 0.020 0.001 0.005 0.015 0.001 0.027 0.005 0.010 0.002 0.032 

Locus 6 : 
25 alleles
30.9% missing data
 214   (0.052) 0.007 0.213 0.031 0.023 0.045 0.003 0.023 0.063 0.010 0.030 0.004 0.023 0.044 0.121 0.049 0.013 0.021 0.006 0.040 
 222   (0.068) 0.012 0.497 0.028 0.016 0.097 0.005 0.110 0.075 0.012 0.041 0.026 0.018 0.080 0.085 0.077 0.018 0.026 0.007 0.085 
 206   (0.048) 0.009 0.006 0.040 0.012 0.048 0.005 0.034 0.059 0.009 0.027 0.006 0.015 0.040 0.377 0.067 0.339 0.025 0.020 0.061 
 218   (0.071) 0.166 0.014 0.043 0.043 0.033 0.005 0.072 0.046 0.025 0.220 0.009 0.020 0.048 0.365 0.068 0.328 0.030 0.080 0.117 
 216   (0.057) 0.130 0.007 0.024 0.021 0.026 0.006 0.024 0.042 0.011 0.049 0.424 0.016 0.040 0.003 0.055 0.021 0.343 0.025 0.054 
 208   (0.056) 0.008 0.006 0.017 0.015 0.073 0.004 0.082 0.035 0.009 0.023 0.219 0.013 0.028 0.003 0.045 0.018 0.044 0.006 0.040 
 238   (0.053) 0.008 0.005 0.093 0.011 0.050 0.543 0.017 0.030 0.009 0.015 0.167 0.023 0.032 0.002 0.046 0.012 0.019 0.005 0.037 
 204   (0.027) 0.003 0.003 0.006 0.005 0.193 0.002 0.246 0.013 0.004 0.007 0.002 0.005 0.012 0.001 0.019 0.005 0.008 0.002 0.017 
 234   (0.043) 0.007 0.005 0.023 0.010 0.025 0.003 0.033 0.054 0.007 0.029 0.008 0.012 0.041 0.003 0.057 0.015 0.081 0.134 0.057 
 242   (0.049) 0.007 0.005 0.016 0.010 0.020 0.003 0.028 0.080 0.007 0.144 0.005 0.024 0.097 0.002 0.048 0.012 0.076 0.006 0.044 
 210   (0.132) 0.112 0.024 0.539 0.538 0.221 0.401 0.156 0.184 0.499 0.136 0.038 0.040 0.278 0.010 0.153 0.101 0.058 0.666 0.148 
 246   (0.029) 0.009 0.003 0.013 0.007 0.013 0.002 0.015 0.022 0.005 0.012 0.004 0.011 0.024 0.009 0.031 0.014 0.012 0.003 0.025 
 258   (0.020) 0.004 0.002 0.018 0.006 0.018 0.002 0.019 0.036 0.003 0.023 0.024 0.006 0.025 0.001 0.031 0.007 0.010 0.003 0.054 
 240   (0.022) 0.004 0.003 0.006 0.005 0.008 0.002 0.008 0.014 0.004 0.006 0.033 0.007 0.016 0.001 0.018 0.005 0.008 0.002 0.012 
 256   (0.018) 0.002 0.123 0.004 0.003 0.005 0.001 0.005 0.010 0.002 0.004 0.001 0.004 0.006 0.001 0.013 0.003 0.006 0.002 0.011 
 254   (0.022) 0.003 0.048 0.006 0.005 0.006 0.001 0.007 0.011 0.003 0.005 0.002 0.005 0.010 0.001 0.018 0.005 0.007 0.002 0.015 
 236   (0.060) 0.481 0.015 0.023 0.014 0.027 0.004 0.039 0.037 0.353 0.040 0.005 0.013 0.032 0.004 0.052 0.023 0.084 0.006 0.053 
 248   (0.019) 0.003 0.002 0.009 0.004 0.008 0.001 0.010 0.067 0.003 0.134 0.001 0.017 0.060 0.002 0.017 0.011 0.007 0.002 0.014 
 252   (0.014) 0.004 0.002 0.005 0.003 0.006 0.001 0.015 0.010 0.002 0.009 0.001 0.004 0.008 0.001 0.014 0.018 0.005 0.001 0.017 
 224   (0.033) 0.005 0.004 0.026 0.015 0.035 0.002 0.010 0.050 0.006 0.013 0.003 0.019 0.038 0.002 0.031 0.008 0.073 0.007 0.026 
 230   (0.030) 0.005 0.003 0.008 0.006 0.009 0.002 0.010 0.016 0.004 0.008 0.004 0.392 0.013 0.001 0.028 0.006 0.010 0.003 0.019 
 228   (0.011) 0.003 0.001 0.003 0.016 0.004 0.001 0.005 0.007 0.003 0.004 0.006 0.003 0.004 0.001 0.010 0.002 0.021 0.001 0.010 
 266   (0.011) 0.002 0.001 0.004 0.060 0.003 0.001 0.003 0.008 0.002 0.005 0.001 0.005 0.004 0.000 0.008 0.003 0.005 0.001 0.007 
 212   (0.029) 0.005 0.003 0.008 0.007 0.020 0.002 0.021 0.017 0.004 0.007 0.002 0.299 0.010 0.001 0.025 0.007 0.010 0.007 0.018 
 232   (0.025) 0.003 0.002 0.009 0.145 0.007 0.001 0.007 0.015 0.004 0.010 0.002 0.008 0.010 0.001 0.020 0.005 0.008 0.002 0.016 

Locus 7 : 
7 alleles
1.5% missing data
 108   (0.647) 0.975 0.829 0.901 0.159 0.672 0.977 0.613 0.702 0.957 0.627 0.396 0.176 0.724 0.982 0.699 0.930 0.557 0.967 0.741 
 116   (0.033) 0.002 0.145 0.007 0.007 0.008 0.001 0.011 0.016 0.005 0.012 0.001 0.005 0.012 0.001 0.027 0.005 0.010 0.002 0.025 
 110   (0.144) 0.011 0.012 0.041 0.665 0.103 0.015 0.123 0.080 0.020 0.048 0.595 0.050 0.091 0.008 0.133 0.036 0.268 0.018 0.114 
 114   (0.063) 0.005 0.006 0.013 0.015 0.170 0.003 0.223 0.062 0.006 0.101 0.003 0.374 0.069 0.004 0.051 0.012 0.019 0.004 0.043 
 112   (0.067) 0.004 0.005 0.031 0.148 0.038 0.003 0.018 0.117 0.006 0.204 0.003 0.387 0.090 0.003 0.052 0.011 0.019 0.005 0.048 
 104   (0.025) 0.001 0.002 0.003 0.003 0.004 0.001 0.005 0.011 0.002 0.004 0.001 0.004 0.007 0.001 0.018 0.004 0.120 0.002 0.014 
 118   (0.021) 0.001 0.002 0.003 0.003 0.004 0.001 0.006 0.011 0.002 0.004 0.001 0.004 0.008 0.001 0.019 0.003 0.006 0.002 0.014 

Locus 8 : 
5 alleles
2.2% missing data
 160   (0.155) 0.054 0.389 0.375 0.145 0.134 0.057 0.077 0.084 0.020 0.055 0.007 0.034 0.065 0.548 0.129 0.348 0.051 0.233 0.119 
 162   (0.648) 0.904 0.595 0.380 0.805 0.478 0.925 0.593 0.689 0.105 0.868 0.984 0.910 0.743 0.444 0.687 0.600 0.626 0.744 0.726 
 164   (0.090) 0.014 0.007 0.021 0.021 0.226 0.006 0.276 0.048 0.832 0.030 0.004 0.015 0.037 0.004 0.081 0.015 0.124 0.009 0.068 
 166   (0.021) 0.005 0.002 0.005 0.004 0.005 0.003 0.006 0.011 0.003 0.007 0.001 0.004 0.009 0.001 0.019 0.004 0.009 0.002 0.017 
 158   (0.086) 0.023 0.007 0.220 0.025 0.156 0.010 0.048 0.169 0.040 0.039 0.005 0.037 0.146 0.004 0.084 0.033 0.189 0.012 0.070 

Locus 9 : 
4 alleles
0.0% missing data
 229   (0.505) 0.964 0.232 0.347 0.120 0.446 0.613 0.581 0.493 0.495 0.226 0.942 0.527 0.559 0.503 0.523 0.870 0.396 0.168 0.476 
 226   (0.352) 0.026 0.757 0.613 0.842 0.366 0.379 0.193 0.421 0.046 0.653 0.051 0.445 0.368 0.486 0.350 0.093 0.365 0.054 0.403 
 223   (0.121) 0.008 0.009 0.032 0.035 0.179 0.007 0.220 0.073 0.457 0.115 0.006 0.024 0.065 0.010 0.106 0.032 0.232 0.771 0.103 
 232   (0.022) 0.002 0.002 0.009 0.003 0.008 0.001 0.006 0.014 0.002 0.006 0.001 0.003 0.008 0.001 0.021 0.005 0.007 0.008 0.019 

Values of parameters used in structure:
DATAFILE=C:\Users\eschumacher\Documents\GitHub\Ten_Oaks\Data_Files\QUTO_wild\project_data,	OUTFILE=C:\Users\eschumacher\Documents\GitHub\Ten_Oaks\Data_Files\QUTO_wild\50-50\Results\50-50_run_94,	NUMINDS=136,	NUMLOCI=9,	MISSING=-9,	LABEL=1,	POPDATA=1,	POPFLAG=0,	PHENOTYPE=0,	EXTRACOLS=0,	MAXPOPS=19,	BURNIN=50000,	NUMREPS=50000,	USEPOPINFO=0,	INFERALPHA=1,	INFERLAMBDA=0,	POPSPECIFICLAMBDA=0,	POPALPHAS=0,	COMPUTEPROB=1,	NOADMIX=0,	ADMBURNIN=2500,	UPDATEFREQ=1,	PRINTLIKES=0,	INTERMEDSAVE=0,	PRINTKLD=0,	PRINTNET=0,	PRINTLAMBDA=0,	ANCESTDIST=0,	NUMBOXES=1000,	ANCESTPINT=0.90000,	GENSBACK=2,	MIGRPRIOR=0.05000,	PRINTQHAT=0,	PRINTQSUM=0,	ALPHA=1.0000,	FREQSCORR=1,	FPRIORMEAN=0.0100,	FPRIORSD=0.0500,	ONEFST=0,	LAMBDA=1.0000,	UNIFPRIORALPHA=1,	ALPHAMAX=10.0000,	ALPHAPRIORA=1.0000,	ALPHAPRIORB=2.0000,	ALPHAPROPSD=0.0250,	STARTATPOPINFO=0,	RANDOMIZE=1,	LINKAGE=0,	METROFREQ=10,	REPORTHITRATE=0,	MARKOVPHASE=-1,	PHASED=0,	PLOIDY=2,	PHASEINFO=0	LOCPRIOR=0, 	LOCPRIORINIT=1.000000, 	LOCDATA=0, 	LOCISPOP=0, 	LOCPRIORSTEP=0.100000, 	MAXLOCPRIOR=20.000000, 	SEED=1689805835,	
[STRAT parameters]:    NUMSIMSTATS=1000,	PHENOTYPECOL=-9,	POOLFREQ=10,	LOCUSxONLY=0,	EMERROR=0.00100,	MISSINGPHENO=-9,	