

----------------------------------------------------
STRUCTURE by Pritchard, Stephens and Donnelly (2000)
     and Falush, Stephens and Pritchard (2003)
       Code by Pritchard, Falush and Hubisz
             Version 2.3.4 (Jul 2012)
----------------------------------------------------



Command line arguments:   bin\structure -m C:\Users\eschumacher\Documents\GitHub\Ten_Oaks\Data_Files\QUTO_wild\50-50\mainparams -e C:\Users\eschumacher\Documents\GitHub\Ten_Oaks\Data_Files\QUTO_wild\50-50\extraparams 
Input File:    C:\Users\eschumacher\Documents\GitHub\Ten_Oaks\Data_Files\QUTO_wild\project_data

Run parameters:
   136 individuals
   9 loci
   19 populations assumed
   50000 Burn-in period
   50000 Reps


--------------------------------------------
Proportion of membership of each pre-defined
 population in each of the 19 clusters

Given    Inferred Clusters                                                                                                                       Number of
 Pop       1      2      3      4      5      6      7      8      9     10     11     12     13     14     15     16     17     18     19      Individuals

  1:     0.011  0.026  0.070  0.065  0.433  0.016  0.012  0.022  0.053  0.048  0.066  0.020  0.016  0.058  0.009  0.018  0.015  0.025  0.017        1
  2:     0.006  0.005  0.008  0.009  0.008  0.005  0.433  0.005  0.007  0.005  0.008  0.009  0.457  0.005  0.005  0.006  0.008  0.008  0.004        4
  3:     0.005  0.004  0.016  0.025  0.019  0.018  0.008  0.014  0.010  0.011  0.028  0.019  0.010  0.012  0.019  0.010  0.745  0.021  0.006        4
  4:     0.540  0.009  0.060  0.059  0.045  0.010  0.005  0.018  0.028  0.047  0.073  0.007  0.009  0.013  0.005  0.013  0.034  0.016  0.007        5
  5:     0.010  0.025  0.040  0.046  0.077  0.011  0.137  0.023  0.027  0.034  0.043  0.123  0.104  0.063  0.014  0.016  0.127  0.028  0.052       71
  6:     0.062  0.004  0.008  0.006  0.004  0.043  0.004  0.017  0.012  0.701  0.015  0.006  0.004  0.004  0.008  0.006  0.004  0.089  0.003        2
  7:     0.005  0.627  0.044  0.054  0.015  0.005  0.015  0.056  0.025  0.015  0.031  0.007  0.013  0.004  0.015  0.031  0.010  0.022  0.006        5
  8:     0.046  0.014  0.061  0.066  0.010  0.029  0.009  0.021  0.080  0.068  0.055  0.052  0.011  0.007  0.025  0.191  0.011  0.207  0.038       10
  9:     0.110  0.009  0.043  0.052  0.013  0.047  0.015  0.025  0.031  0.029  0.046  0.024  0.012  0.010  0.043  0.370  0.074  0.029  0.018        8
 10:     0.110  0.041  0.064  0.068  0.038  0.021  0.116  0.027  0.035  0.021  0.050  0.006  0.021  0.014  0.292  0.015  0.012  0.031  0.017        9
 11:     0.038  0.004  0.168  0.049  0.012  0.028  0.009  0.328  0.130  0.020  0.032  0.011  0.035  0.036  0.054  0.006  0.010  0.022  0.007        3
 12:     0.009  0.571  0.023  0.026  0.013  0.012  0.006  0.011  0.030  0.014  0.031  0.011  0.009  0.023  0.007  0.023  0.033  0.139  0.009        1
 13:     0.008  0.041  0.049  0.031  0.038  0.019  0.023  0.021  0.213  0.027  0.082  0.009  0.013  0.006  0.369  0.007  0.007  0.028  0.009        3
 14:     0.055  0.026  0.109  0.083  0.008  0.006  0.011  0.043  0.064  0.407  0.076  0.006  0.019  0.004  0.007  0.048  0.004  0.016  0.008        1
 15:     0.004  0.005  0.145  0.005  0.004  0.004  0.004  0.751  0.011  0.007  0.005  0.024  0.004  0.004  0.004  0.005  0.005  0.005  0.003        2
 16:     0.007  0.020  0.017  0.015  0.021  0.012  0.015  0.011  0.466  0.135  0.129  0.017  0.020  0.007  0.063  0.015  0.008  0.019  0.006        4
 17:     0.004  0.003  0.005  0.005  0.005  0.874  0.004  0.004  0.005  0.007  0.005  0.004  0.004  0.043  0.006  0.004  0.006  0.006  0.004        3
--------------------------------------------

Allele-freq. divergence among pops (Net nucleotide distance),
computed using point estimates of P.

      1       2       3       4       5       6       7       8       9      10      11      12      13      14      15      16      17      18      19      
 1      -    0.2858  0.1121  0.1037  0.1822  0.2129  0.2058  0.2170  0.1665  0.1363  0.1223  0.2624  0.1807  0.2816  0.1934  0.1419  0.2282  0.1301  0.2233  
 2   0.2858     -    0.1766  0.1777  0.2479  0.3697  0.3504  0.2312  0.1952  0.2027  0.1774  0.2820  0.2482  0.3755  0.3014  0.1896  0.3934  0.2259  0.3069  
 3   0.1121  0.1766     -    0.0056  0.0575  0.1099  0.1358  0.0563  0.0330  0.0407  0.0076  0.1123  0.0932  0.1489  0.0914  0.0496  0.1278  0.0275  0.1501  
 4   0.1037  0.1777  0.0056     -    0.0455  0.1000  0.1310  0.0923  0.0431  0.0378  0.0032  0.1186  0.0917  0.1358  0.0950  0.0468  0.1082  0.0223  0.1475  
 5   0.1822  0.2479  0.0575  0.0455     -    0.1380  0.1564  0.1700  0.0954  0.1089  0.0462  0.1616  0.1635  0.1239  0.1889  0.1108  0.1257  0.0584  0.1851  
 6   0.2129  0.3697  0.1099  0.1000  0.1380     -    0.2618  0.2329  0.1526  0.1249  0.1018  0.2547  0.2119  0.1965  0.1432  0.1482  0.1403  0.0927  0.2582  
 7   0.2058  0.3504  0.1358  0.1310  0.1564  0.2618     -    0.2202  0.1656  0.1857  0.1414  0.2889  0.1357  0.3034  0.2402  0.1812  0.2645  0.1558  0.3079  
 8   0.2170  0.2312  0.0563  0.0923  0.1700  0.2329  0.2202     -    0.0792  0.1256  0.0908  0.1602  0.1689  0.2690  0.1645  0.1316  0.2750  0.1139  0.2370  
 9   0.1665  0.1952  0.0330  0.0431  0.0954  0.1526  0.1656  0.0792     -    0.0401  0.0307  0.1065  0.1153  0.2140  0.0998  0.0883  0.2028  0.0658  0.2215  
10   0.1363  0.2027  0.0407  0.0378  0.1089  0.1249  0.1857  0.1256  0.0401     -    0.0349  0.1303  0.1206  0.2135  0.1056  0.0718  0.1868  0.0691  0.2337  
11   0.1223  0.1774  0.0076  0.0032  0.0462  0.1018  0.1414  0.0908  0.0307  0.0349     -    0.1078  0.0974  0.1401  0.0870  0.0538  0.1118  0.0238  0.1577  
12   0.2624  0.2820  0.1123  0.1186  0.1616  0.2547  0.2889  0.1602  0.1065  0.1303  0.1078     -    0.2350  0.2518  0.2186  0.1741  0.1926  0.1574  0.2990  
13   0.1807  0.2482  0.0932  0.0917  0.1635  0.2119  0.1357  0.1689  0.1153  0.1206  0.0974  0.2350     -    0.2876  0.1608  0.1594  0.2529  0.1084  0.2743  
14   0.2816  0.3755  0.1489  0.1358  0.1239  0.1965  0.3034  0.2690  0.2140  0.2135  0.1401  0.2518  0.2876     -    0.2855  0.2028  0.1717  0.1475  0.2462  
15   0.1934  0.3014  0.0914  0.0950  0.1889  0.1432  0.2402  0.1645  0.0998  0.1056  0.0870  0.2186  0.1608  0.2855     -    0.1275  0.1773  0.1001  0.2439  
16   0.1419  0.1896  0.0496  0.0468  0.1108  0.1482  0.1812  0.1316  0.0883  0.0718  0.0538  0.1741  0.1594  0.2028  0.1275     -    0.1392  0.0695  0.1959  
17   0.2282  0.3934  0.1278  0.1082  0.1257  0.1403  0.2645  0.2750  0.2028  0.1868  0.1118  0.1926  0.2529  0.1717  0.1773  0.1392     -    0.1157  0.2663  
18   0.1301  0.2259  0.0275  0.0223  0.0584  0.0927  0.1558  0.1139  0.0658  0.0691  0.0238  0.1574  0.1084  0.1475  0.1001  0.0695  0.1157     -    0.1596  
19   0.2233  0.3069  0.1501  0.1475  0.1851  0.2582  0.3079  0.2370  0.2215  0.2337  0.1577  0.2990  0.2743  0.2462  0.2439  0.1959  0.2663  0.1596     -    

Average distances (expected heterozygosity) between individuals in same cluster:
cluster  1  : 0.4722 
cluster  2  : 0.3266 
cluster  3  : 0.5799 
cluster  4  : 0.5640 
cluster  5  : 0.3886 
cluster  6  : 0.4065 
cluster  7  : 0.3040 
cluster  8  : 0.4862 
cluster  9  : 0.4617 
cluster 10  : 0.4762 
cluster 11  : 0.5273 
cluster 12  : 0.2418 
cluster 13  : 0.4115 
cluster 14  : 0.1935 
cluster 15  : 0.4439 
cluster 16  : 0.6113 
cluster 17  : 0.3023 
cluster 18  : 0.5668 
cluster 19  : 0.3215 

--------------------------------------------
Estimated Ln Prob of Data   = -2284.6
Mean value of ln likelihood = -1787.5
Variance of ln likelihood   = 994.1
Mean value of alpha         = 0.0351

Mean value of Fst_1         = 0.3795
Mean value of Fst_2         = 0.5518
Mean value of Fst_3         = 0.1718
Mean value of Fst_4         = 0.1412
Mean value of Fst_5         = 0.3514
Mean value of Fst_6         = 0.4476
Mean value of Fst_7         = 0.5213
Mean value of Fst_8         = 0.4114
Mean value of Fst_9         = 0.3971
Mean value of Fst_10         = 0.3187
Mean value of Fst_11         = 0.2903
Mean value of Fst_12         = 0.5928
Mean value of Fst_13         = 0.4157
Mean value of Fst_14         = 0.6876
Mean value of Fst_15         = 0.4026
Mean value of Fst_16         = 0.1975
Mean value of Fst_17         = 0.4923
Mean value of Fst_18         = 0.2118
Mean value of Fst_19         = 0.5639


Inferred ancestry of individuals:
        Label (%Miss) Pop:  Inferred clusters
  1 QTo-W-0007   (11)    1 :  0.011 0.026 0.070 0.065 0.433 0.016 0.012 0.022 0.053 0.048 0.066 0.020 0.016 0.058 0.009 0.018 0.015 0.025 0.017 
  2 QTo-W-0009    (0)    2 :  0.004 0.004 0.006 0.006 0.008 0.005 0.008 0.004 0.005 0.004 0.006 0.023 0.878 0.004 0.004 0.005 0.017 0.005 0.004 
  3 QTo-W-0010    (0)    2 :  0.010 0.006 0.016 0.017 0.011 0.006 0.800 0.006 0.012 0.008 0.017 0.005 0.036 0.005 0.008 0.010 0.005 0.018 0.005 
  4 QTo-W-0011    (0)    2 :  0.004 0.006 0.005 0.006 0.007 0.004 0.010 0.004 0.005 0.004 0.005 0.005 0.908 0.005 0.004 0.004 0.004 0.005 0.004 
  5 QTo-W-0012   (22)    2 :  0.005 0.003 0.005 0.005 0.007 0.005 0.913 0.004 0.006 0.005 0.005 0.004 0.007 0.005 0.005 0.004 0.005 0.004 0.003 
  6 QTo-W-0020   (22)    3 :  0.004 0.003 0.004 0.004 0.004 0.004 0.006 0.003 0.004 0.004 0.004 0.006 0.003 0.004 0.005 0.005 0.924 0.004 0.003 
  7 QTo-W-0021   (22)    3 :  0.006 0.004 0.012 0.012 0.014 0.016 0.006 0.006 0.008 0.009 0.013 0.020 0.006 0.020 0.008 0.011 0.807 0.009 0.012 
  8 QTo-W-0023   (22)    3 :  0.005 0.003 0.008 0.008 0.017 0.018 0.009 0.005 0.008 0.006 0.009 0.042 0.006 0.014 0.007 0.008 0.812 0.009 0.005 
  9 QTo-W-0024   (11)    3 :  0.006 0.004 0.041 0.076 0.040 0.033 0.012 0.040 0.019 0.025 0.084 0.008 0.026 0.011 0.056 0.013 0.438 0.061 0.006 
 10 QTo-W-0033    (0)    4 :  0.865 0.005 0.007 0.009 0.005 0.005 0.007 0.005 0.006 0.013 0.007 0.004 0.021 0.004 0.004 0.006 0.015 0.006 0.006 
 11 QTo-W-0035   (11)    4 :  0.900 0.006 0.006 0.006 0.005 0.005 0.006 0.004 0.006 0.007 0.006 0.005 0.006 0.005 0.005 0.005 0.005 0.006 0.007 
 12 QTo-W-0036    (0)    4 :  0.923 0.005 0.004 0.005 0.004 0.004 0.004 0.003 0.004 0.005 0.004 0.004 0.005 0.004 0.003 0.004 0.004 0.004 0.005 
 13 QTo-W-0039   (11)    4 :  0.005 0.011 0.128 0.138 0.135 0.020 0.005 0.032 0.055 0.069 0.190 0.014 0.008 0.033 0.007 0.014 0.093 0.034 0.010 
 14 QTo-W-0041    (0)    4 :  0.006 0.019 0.157 0.137 0.073 0.015 0.004 0.045 0.069 0.143 0.160 0.009 0.006 0.017 0.007 0.039 0.055 0.032 0.009 
 15 QTo-W-0044    (0)    5 :  0.005 0.030 0.010 0.017 0.005 0.005 0.005 0.006 0.010 0.013 0.019 0.037 0.564 0.004 0.130 0.007 0.010 0.010 0.115 
 16 QTo-W-0047    (0)    5 :  0.005 0.007 0.008 0.008 0.009 0.006 0.014 0.006 0.006 0.006 0.009 0.005 0.878 0.005 0.005 0.005 0.005 0.008 0.004 
 17 QTo-W-0048   (11)    5 :  0.005 0.009 0.007 0.007 0.014 0.006 0.013 0.006 0.007 0.006 0.007 0.006 0.874 0.007 0.005 0.004 0.006 0.007 0.005 
 18 QTo-W-0049    (0)    5 :  0.009 0.006 0.006 0.008 0.008 0.005 0.867 0.004 0.009 0.005 0.007 0.004 0.030 0.004 0.006 0.005 0.004 0.010 0.003 
 19 QTo-W-0050   (22)    5 :  0.113 0.006 0.044 0.042 0.012 0.010 0.026 0.051 0.022 0.103 0.028 0.433 0.027 0.010 0.011 0.016 0.022 0.018 0.007 
 20 QTo-W-0052    (0)    5 :  0.006 0.660 0.012 0.014 0.016 0.004 0.013 0.019 0.024 0.005 0.015 0.005 0.008 0.011 0.027 0.007 0.004 0.015 0.137 
 21 QTo-W-0054    (0)    5 :  0.004 0.003 0.005 0.005 0.007 0.004 0.919 0.004 0.006 0.005 0.005 0.004 0.006 0.005 0.004 0.004 0.005 0.004 0.003 
 22 QTo-W-0056    (0)    5 :  0.004 0.006 0.005 0.005 0.006 0.004 0.902 0.004 0.005 0.005 0.005 0.004 0.024 0.003 0.004 0.004 0.004 0.005 0.004 
 23 QTo-W-0057    (0)    5 :  0.006 0.008 0.006 0.006 0.006 0.004 0.722 0.005 0.008 0.008 0.007 0.004 0.181 0.003 0.006 0.005 0.004 0.007 0.004 
 24 QTo-W-0058    (0)    5 :  0.004 0.003 0.004 0.005 0.007 0.004 0.920 0.004 0.006 0.004 0.005 0.004 0.006 0.004 0.004 0.004 0.004 0.004 0.003 
 25 QTo-W-0059    (0)    5 :  0.005 0.024 0.015 0.022 0.016 0.006 0.554 0.011 0.013 0.008 0.019 0.081 0.040 0.005 0.050 0.010 0.022 0.011 0.087 
 26 QTo-W-0060    (0)    5 :  0.007 0.006 0.006 0.007 0.007 0.005 0.826 0.005 0.007 0.008 0.007 0.005 0.078 0.005 0.004 0.004 0.005 0.006 0.004 
 27 QTo-W-0061    (0)    5 :  0.005 0.009 0.057 0.078 0.065 0.024 0.424 0.017 0.028 0.026 0.099 0.007 0.005 0.022 0.009 0.021 0.031 0.066 0.007 
 28 QTo-W-0062   (11)    5 :  0.005 0.004 0.005 0.005 0.006 0.005 0.906 0.005 0.006 0.006 0.005 0.005 0.007 0.005 0.005 0.005 0.006 0.005 0.004 
 29 QTo-W-0065   (11)    5 :  0.004 0.004 0.013 0.015 0.048 0.027 0.684 0.007 0.010 0.011 0.024 0.010 0.008 0.035 0.012 0.011 0.044 0.020 0.013 
 30 QTo-W-0067    (0)    5 :  0.007 0.007 0.017 0.016 0.030 0.013 0.706 0.008 0.012 0.018 0.022 0.007 0.043 0.025 0.006 0.009 0.030 0.013 0.010 
 31 QTo-W-0071    (0)    5 :  0.006 0.005 0.149 0.143 0.038 0.013 0.005 0.090 0.087 0.239 0.133 0.011 0.011 0.014 0.007 0.011 0.018 0.016 0.007 
 32 QTo-W-0072    (0)    5 :  0.007 0.008 0.011 0.015 0.020 0.009 0.004 0.008 0.009 0.011 0.015 0.610 0.004 0.012 0.025 0.014 0.200 0.010 0.006 
 33 QTo-W-0075    (0)    5 :  0.004 0.008 0.016 0.021 0.015 0.005 0.004 0.009 0.009 0.005 0.051 0.051 0.006 0.016 0.008 0.006 0.738 0.015 0.012 
 34 QTo-W-0076   (11)    5 :  0.010 0.004 0.015 0.015 0.009 0.020 0.008 0.009 0.014 0.016 0.015 0.015 0.012 0.008 0.036 0.010 0.760 0.016 0.008 
 35 QTo-W-0077   (11)    5 :  0.011 0.004 0.028 0.036 0.144 0.014 0.023 0.006 0.010 0.012 0.036 0.047 0.310 0.022 0.007 0.013 0.247 0.021 0.007 
 36 QTo-W-0079    (0)    5 :  0.003 0.002 0.004 0.004 0.004 0.004 0.005 0.003 0.003 0.003 0.004 0.005 0.003 0.004 0.004 0.005 0.934 0.004 0.003 
 37 QTo-W-0080   (11)    5 :  0.008 0.011 0.128 0.111 0.059 0.023 0.123 0.011 0.048 0.037 0.078 0.007 0.006 0.013 0.026 0.087 0.138 0.077 0.008 
 38 QTo-W-0081   (11)    5 :  0.012 0.003 0.014 0.018 0.017 0.018 0.008 0.006 0.008 0.006 0.023 0.006 0.008 0.010 0.020 0.007 0.793 0.015 0.008 
 39 QTo-W-0082    (0)    5 :  0.005 0.003 0.018 0.028 0.008 0.010 0.015 0.017 0.016 0.034 0.027 0.010 0.007 0.007 0.014 0.018 0.745 0.012 0.006 
 40 QTo-W-0087    (0)    5 :  0.004 0.003 0.005 0.007 0.009 0.007 0.009 0.004 0.005 0.004 0.007 0.019 0.005 0.007 0.005 0.005 0.883 0.006 0.004 
 41 QTo-W-0088   (11)    5 :  0.004 0.004 0.006 0.008 0.012 0.009 0.013 0.004 0.006 0.005 0.010 0.008 0.007 0.008 0.007 0.006 0.871 0.007 0.004 
 42 QTo-W-0089   (11)    5 :  0.010 0.004 0.009 0.009 0.008 0.008 0.005 0.005 0.006 0.006 0.009 0.008 0.005 0.009 0.009 0.006 0.870 0.008 0.007 
 43 QTo-W-0090    (0)    5 :  0.025 0.003 0.039 0.031 0.010 0.013 0.006 0.009 0.012 0.026 0.022 0.008 0.027 0.008 0.010 0.009 0.713 0.020 0.007 
 44 QTo-W-0093   (11)    5 :  0.005 0.011 0.060 0.073 0.014 0.014 0.035 0.035 0.076 0.044 0.089 0.206 0.023 0.008 0.026 0.029 0.199 0.048 0.006 
 45 QTo-W-0098    (0)    5 :  0.004 0.007 0.009 0.008 0.024 0.006 0.011 0.009 0.010 0.008 0.008 0.845 0.010 0.008 0.007 0.006 0.008 0.008 0.005 
 46 QTo-W-0101   (11)    5 :  0.005 0.009 0.014 0.012 0.040 0.007 0.017 0.014 0.018 0.013 0.012 0.770 0.012 0.011 0.009 0.009 0.011 0.011 0.006 
 47 QTo-W-0114    (0)    5 :  0.004 0.005 0.007 0.007 0.012 0.005 0.004 0.005 0.006 0.007 0.009 0.878 0.004 0.010 0.005 0.005 0.014 0.007 0.007 
 48 QTo-W-0116   (11)    5 :  0.004 0.004 0.006 0.006 0.005 0.005 0.005 0.008 0.008 0.006 0.006 0.900 0.005 0.006 0.006 0.004 0.007 0.005 0.005 
 49 QTo-W-0117   (22)    5 :  0.005 0.004 0.008 0.006 0.006 0.006 0.007 0.010 0.011 0.008 0.008 0.875 0.007 0.007 0.007 0.005 0.009 0.006 0.005 
 50 QTo-W-0118    (0)    5 :  0.003 0.003 0.005 0.004 0.004 0.003 0.004 0.006 0.006 0.005 0.005 0.923 0.004 0.004 0.005 0.003 0.005 0.004 0.004 
 51 QTo-W-0121   (11)    5 :  0.005 0.004 0.010 0.012 0.008 0.006 0.005 0.008 0.010 0.007 0.016 0.817 0.026 0.006 0.007 0.006 0.033 0.010 0.004 
 52 QTo-W-0124   (11)    5 :  0.008 0.004 0.007 0.007 0.006 0.005 0.037 0.005 0.008 0.008 0.007 0.005 0.864 0.004 0.006 0.005 0.004 0.006 0.004 
 53 QTo-W-0128    (0)    5 :  0.006 0.003 0.005 0.006 0.004 0.004 0.014 0.004 0.006 0.006 0.006 0.004 0.906 0.004 0.005 0.004 0.004 0.005 0.003 
 54 QTo-W-0129    (0)    5 :  0.007 0.004 0.012 0.012 0.006 0.004 0.020 0.005 0.007 0.009 0.010 0.005 0.859 0.004 0.009 0.005 0.005 0.012 0.003 
 55 QTo-W-0131   (11)    5 :  0.063 0.004 0.166 0.193 0.048 0.017 0.032 0.016 0.027 0.028 0.120 0.006 0.023 0.011 0.018 0.024 0.034 0.142 0.026 
 56 QTo-W-0133   (11)    5 :  0.010 0.107 0.110 0.074 0.145 0.018 0.018 0.112 0.114 0.019 0.102 0.010 0.040 0.026 0.009 0.009 0.015 0.052 0.010 
 57 QTo-W-0137    (0)    5 :  0.005 0.007 0.161 0.137 0.020 0.020 0.006 0.056 0.075 0.201 0.106 0.083 0.015 0.009 0.013 0.016 0.025 0.039 0.006 
 58 QTo-W-0138    (0)    5 :  0.008 0.011 0.040 0.161 0.079 0.006 0.173 0.008 0.046 0.024 0.086 0.004 0.219 0.018 0.018 0.009 0.004 0.069 0.017 
 59 QTo-W-0139    (0)    5 :  0.005 0.014 0.006 0.006 0.005 0.004 0.004 0.004 0.004 0.004 0.006 0.004 0.007 0.007 0.004 0.004 0.004 0.005 0.902 
 60 QTo-W-0140   (22)    5 :  0.006 0.005 0.005 0.005 0.006 0.004 0.005 0.004 0.005 0.004 0.005 0.005 0.004 0.006 0.004 0.005 0.005 0.005 0.913 
 61 QTo-W-0142    (0)    5 :  0.004 0.004 0.004 0.005 0.005 0.004 0.003 0.003 0.004 0.003 0.005 0.004 0.003 0.010 0.004 0.004 0.004 0.004 0.920 
 62 QTo-W-0144    (0)    5 :  0.028 0.006 0.066 0.067 0.196 0.016 0.238 0.051 0.047 0.142 0.042 0.008 0.011 0.009 0.008 0.012 0.007 0.038 0.007 
 63 QTo-W-0149   (22)    5 :  0.005 0.004 0.008 0.007 0.010 0.106 0.005 0.005 0.005 0.005 0.007 0.006 0.005 0.792 0.004 0.005 0.007 0.007 0.007 
 64 QTo-W-0151   (11)    5 :  0.004 0.005 0.009 0.009 0.028 0.006 0.013 0.005 0.020 0.006 0.012 0.004 0.004 0.812 0.005 0.016 0.026 0.010 0.006 
 65 QTo-W-0153   (22)    5 :  0.004 0.004 0.005 0.005 0.007 0.005 0.005 0.004 0.004 0.004 0.006 0.005 0.004 0.910 0.004 0.004 0.006 0.005 0.006 
 66 QTo-W-0154    (0)    5 :  0.005 0.013 0.024 0.030 0.030 0.011 0.004 0.017 0.020 0.022 0.036 0.019 0.004 0.680 0.012 0.011 0.009 0.011 0.041 
 67 QTo-W-0159   (11)    5 :  0.006 0.042 0.113 0.137 0.125 0.011 0.019 0.090 0.074 0.121 0.140 0.032 0.007 0.012 0.016 0.016 0.007 0.019 0.010 
 68 QTo-W-0161   (11)    5 :  0.008 0.012 0.029 0.039 0.037 0.009 0.005 0.023 0.038 0.050 0.038 0.026 0.004 0.604 0.006 0.023 0.008 0.010 0.031 
 69 QTo-W-0162    (0)    5 :  0.010 0.012 0.175 0.121 0.023 0.007 0.005 0.053 0.121 0.072 0.086 0.144 0.004 0.023 0.011 0.044 0.017 0.060 0.014 
 70 QTo-W-0163   (11)    5 :  0.013 0.011 0.050 0.058 0.146 0.028 0.029 0.022 0.029 0.015 0.044 0.005 0.006 0.019 0.020 0.212 0.175 0.081 0.037 
 71 QTo-W-0167   (11)    5 :  0.033 0.100 0.036 0.055 0.019 0.007 0.011 0.067 0.033 0.197 0.040 0.258 0.056 0.008 0.010 0.025 0.019 0.017 0.009 
 72 QTo-W-0170    (0)    5 :  0.009 0.091 0.112 0.116 0.018 0.008 0.006 0.100 0.143 0.152 0.117 0.030 0.018 0.008 0.014 0.023 0.009 0.019 0.007 
 73 QTo-W-0171   (22)    5 :  0.028 0.005 0.137 0.159 0.028 0.018 0.070 0.076 0.051 0.161 0.100 0.012 0.031 0.014 0.015 0.024 0.013 0.047 0.012 
 74 QTo-W-0172   (22)    5 :  0.031 0.077 0.163 0.158 0.013 0.009 0.006 0.103 0.091 0.038 0.113 0.066 0.007 0.008 0.013 0.015 0.006 0.057 0.026 
 75 QTo-W-0173   (11)    5 :  0.006 0.052 0.138 0.129 0.049 0.016 0.008 0.070 0.082 0.202 0.132 0.019 0.014 0.015 0.008 0.015 0.010 0.022 0.013 
 76 QTo-W-0174    (0)    5 :  0.009 0.028 0.048 0.049 0.353 0.008 0.011 0.021 0.027 0.022 0.064 0.228 0.010 0.025 0.011 0.011 0.037 0.030 0.008 
 77 QTo-W-0175    (0)    5 :  0.008 0.005 0.094 0.243 0.211 0.011 0.047 0.014 0.033 0.033 0.112 0.007 0.015 0.018 0.008 0.011 0.010 0.115 0.006 
 78 QTo-W-0182   (22)    5 :  0.005 0.005 0.010 0.009 0.007 0.007 0.008 0.006 0.011 0.008 0.009 0.007 0.867 0.006 0.011 0.006 0.007 0.008 0.004 
 79 QTo-W-0184    (0)    5 :  0.039 0.031 0.077 0.085 0.132 0.011 0.010 0.024 0.081 0.035 0.072 0.031 0.012 0.016 0.111 0.134 0.036 0.055 0.007 
 80 QTo-W-0188    (0)    5 :  0.005 0.199 0.083 0.106 0.065 0.005 0.016 0.182 0.056 0.066 0.116 0.011 0.012 0.006 0.008 0.012 0.005 0.038 0.009 
 81 QTo-W-0192   (11)    5 :  0.005 0.005 0.010 0.009 0.859 0.008 0.008 0.005 0.007 0.006 0.008 0.009 0.020 0.011 0.005 0.005 0.008 0.007 0.006 
 82 QTo-W-0193    (0)    5 :  0.004 0.005 0.009 0.011 0.866 0.006 0.019 0.005 0.010 0.006 0.010 0.006 0.005 0.009 0.005 0.006 0.005 0.008 0.004 
 83 QTo-W-0194    (0)    5 :  0.004 0.004 0.008 0.006 0.878 0.005 0.018 0.004 0.009 0.005 0.007 0.005 0.012 0.008 0.005 0.004 0.006 0.007 0.004 
 84 QTo-W-0196   (11)    5 :  0.005 0.014 0.061 0.117 0.162 0.025 0.009 0.025 0.043 0.008 0.208 0.010 0.006 0.024 0.014 0.008 0.016 0.224 0.022 
 85 QTo-W-0197    (0)    5 :  0.004 0.011 0.060 0.126 0.143 0.022 0.006 0.018 0.041 0.006 0.220 0.008 0.011 0.009 0.016 0.008 0.066 0.210 0.015 
 86 QTo-W-0200   (11)    6 :  0.063 0.004 0.007 0.006 0.004 0.043 0.004 0.017 0.012 0.703 0.015 0.006 0.004 0.004 0.008 0.006 0.004 0.088 0.003 
 87 QTo-W-0201   (22)    6 :  0.061 0.005 0.008 0.006 0.004 0.042 0.004 0.016 0.013 0.699 0.015 0.006 0.005 0.004 0.008 0.007 0.004 0.090 0.003 
 88 QTo-W-0205    (0)    7 :  0.003 0.934 0.004 0.004 0.004 0.003 0.003 0.007 0.004 0.004 0.004 0.004 0.003 0.003 0.003 0.004 0.003 0.003 0.004 
 89 QTo-W-0208    (0)    7 :  0.009 0.154 0.102 0.106 0.018 0.012 0.055 0.020 0.063 0.030 0.061 0.009 0.048 0.006 0.062 0.123 0.037 0.070 0.014 
 90 QTo-W-0211    (0)    7 :  0.005 0.199 0.100 0.147 0.046 0.004 0.008 0.245 0.047 0.030 0.083 0.014 0.004 0.005 0.005 0.019 0.004 0.028 0.004 
 91 QTo-W-0212   (11)    7 :  0.004 0.928 0.004 0.004 0.005 0.003 0.005 0.004 0.005 0.004 0.004 0.004 0.005 0.004 0.003 0.004 0.003 0.004 0.004 
 92 QTo-W-0213    (0)    7 :  0.003 0.918 0.007 0.007 0.005 0.003 0.004 0.006 0.007 0.005 0.005 0.003 0.004 0.003 0.003 0.006 0.003 0.004 0.003 
 93 QTo-W-0216   (11)    8 :  0.005 0.004 0.007 0.013 0.010 0.100 0.007 0.005 0.077 0.010 0.012 0.006 0.008 0.007 0.013 0.010 0.007 0.693 0.007 
 94 QTo-W-0220    (0)    8 :  0.004 0.004 0.009 0.014 0.007 0.091 0.010 0.006 0.076 0.011 0.012 0.004 0.016 0.006 0.008 0.015 0.006 0.695 0.006 
 95 QTo-W-0224   (11)    8 :  0.045 0.005 0.055 0.065 0.010 0.010 0.024 0.039 0.327 0.035 0.117 0.012 0.031 0.006 0.099 0.025 0.010 0.051 0.036 
 96 QTo-W-0225   (11)    8 :  0.005 0.021 0.014 0.012 0.007 0.007 0.016 0.006 0.015 0.011 0.013 0.005 0.007 0.004 0.008 0.829 0.008 0.009 0.004 
 97 QTo-W-0227   (11)    8 :  0.072 0.005 0.044 0.053 0.015 0.028 0.006 0.031 0.060 0.057 0.034 0.007 0.010 0.008 0.070 0.026 0.012 0.452 0.010 
 98 QTo-W-0229    (0)    8 :  0.005 0.004 0.009 0.009 0.005 0.008 0.006 0.004 0.005 0.020 0.007 0.004 0.003 0.005 0.009 0.850 0.037 0.007 0.005 
 99 QTo-W-0231    (0)    8 :  0.076 0.029 0.243 0.282 0.004 0.011 0.006 0.006 0.022 0.014 0.157 0.003 0.013 0.003 0.006 0.021 0.007 0.089 0.007 
100 QTo-W-0238   (22)    8 :  0.013 0.032 0.104 0.086 0.013 0.015 0.007 0.048 0.166 0.249 0.120 0.018 0.008 0.011 0.018 0.044 0.008 0.011 0.029 
101 QTo-W-0240    (0)    8 :  0.222 0.024 0.107 0.107 0.014 0.014 0.008 0.027 0.039 0.261 0.055 0.014 0.010 0.008 0.009 0.031 0.006 0.029 0.015 
102 QTo-W-0242    (0)    8 :  0.015 0.013 0.022 0.021 0.011 0.006 0.003 0.032 0.018 0.016 0.024 0.449 0.003 0.007 0.006 0.056 0.009 0.030 0.260 
103 QTo-W-0244    (0)    9 :  0.598 0.009 0.021 0.018 0.008 0.008 0.003 0.020 0.114 0.046 0.033 0.036 0.004 0.004 0.029 0.019 0.010 0.009 0.013 
104 QTo-W-0245   (11)    9 :  0.187 0.010 0.053 0.080 0.008 0.006 0.005 0.025 0.046 0.062 0.055 0.009 0.010 0.013 0.029 0.346 0.013 0.024 0.019 
105 QTo-W-0251    (0)    9 :  0.005 0.010 0.035 0.037 0.026 0.324 0.004 0.036 0.017 0.011 0.048 0.082 0.004 0.010 0.009 0.008 0.299 0.030 0.005 
106 QTo-W-0253    (0)    9 :  0.005 0.008 0.019 0.021 0.007 0.005 0.004 0.014 0.017 0.015 0.015 0.020 0.004 0.004 0.047 0.747 0.017 0.024 0.006 
107 QTo-W-0256   (11)    9 :  0.040 0.006 0.072 0.074 0.010 0.008 0.061 0.008 0.017 0.034 0.070 0.007 0.059 0.007 0.040 0.363 0.080 0.039 0.006 
108 QTo-W-0258    (0)    9 :  0.019 0.003 0.067 0.084 0.006 0.014 0.033 0.007 0.024 0.046 0.065 0.004 0.008 0.007 0.180 0.210 0.151 0.038 0.034 
109 QTo-W-0259    (0)    9 :  0.014 0.010 0.025 0.034 0.012 0.004 0.005 0.029 0.006 0.009 0.026 0.023 0.005 0.025 0.003 0.692 0.015 0.022 0.043 
110 QTo-W-0260   (22)    9 :  0.015 0.018 0.053 0.067 0.026 0.005 0.005 0.062 0.009 0.013 0.056 0.010 0.004 0.009 0.004 0.576 0.005 0.042 0.021 
111 QTo-W-0274   (11)   10 :  0.005 0.004 0.016 0.013 0.009 0.011 0.005 0.006 0.013 0.010 0.042 0.005 0.006 0.006 0.798 0.021 0.009 0.018 0.005 
112 QTo-W-0275    (0)   10 :  0.074 0.010 0.090 0.053 0.060 0.090 0.275 0.064 0.047 0.029 0.043 0.006 0.031 0.055 0.022 0.007 0.004 0.036 0.005 
113 QTo-W-0278    (0)   10 :  0.030 0.062 0.089 0.067 0.134 0.019 0.008 0.069 0.141 0.014 0.082 0.008 0.007 0.027 0.065 0.025 0.040 0.091 0.023 
114 QTo-W-0283   (11)   10 :  0.454 0.126 0.079 0.082 0.029 0.007 0.037 0.009 0.015 0.018 0.031 0.006 0.024 0.005 0.015 0.013 0.013 0.027 0.009 
115 QTo-W-0284    (0)   10 :  0.375 0.143 0.110 0.101 0.026 0.034 0.018 0.010 0.017 0.019 0.044 0.008 0.015 0.005 0.021 0.012 0.009 0.022 0.012 
116 QTo-W-0287   (22)   10 :  0.015 0.004 0.006 0.008 0.005 0.008 0.007 0.005 0.014 0.009 0.036 0.005 0.008 0.004 0.832 0.007 0.013 0.009 0.007 
117 QTo-W-0289   (22)   10 :  0.005 0.005 0.006 0.007 0.006 0.008 0.006 0.006 0.013 0.009 0.042 0.007 0.007 0.004 0.845 0.005 0.008 0.006 0.004 
118 QTo-W-0293    (0)   10 :  0.011 0.005 0.166 0.264 0.010 0.007 0.014 0.068 0.034 0.064 0.119 0.006 0.084 0.010 0.027 0.021 0.004 0.059 0.026 
119 QTo-W-0295   (11)   10 :  0.025 0.015 0.016 0.018 0.059 0.008 0.671 0.010 0.019 0.015 0.016 0.005 0.007 0.007 0.006 0.020 0.006 0.011 0.064 
120 QTo-W-0296   (11)   11 :  0.005 0.004 0.192 0.009 0.011 0.006 0.009 0.477 0.172 0.007 0.008 0.010 0.008 0.054 0.006 0.005 0.006 0.006 0.008 
121 QTo-W-0298    (0)   11 :  0.004 0.005 0.193 0.007 0.007 0.005 0.006 0.494 0.174 0.005 0.007 0.009 0.006 0.047 0.008 0.004 0.005 0.005 0.009 
122 QTo-W-0300   (11)   11 :  0.105 0.005 0.118 0.132 0.019 0.072 0.013 0.013 0.046 0.047 0.080 0.014 0.091 0.007 0.149 0.010 0.021 0.054 0.005 
123 QTo-W-0302    (0)   12 :  0.009 0.571 0.023 0.026 0.013 0.012 0.006 0.011 0.030 0.014 0.031 0.011 0.009 0.023 0.007 0.023 0.033 0.139 0.009 
124 QTo-W-0305    (0)   13 :  0.011 0.005 0.052 0.030 0.006 0.021 0.005 0.016 0.124 0.017 0.061 0.006 0.007 0.004 0.576 0.005 0.007 0.032 0.015 
125 QTo-W-0308   (11)   13 :  0.006 0.006 0.069 0.030 0.010 0.031 0.006 0.025 0.152 0.019 0.066 0.009 0.009 0.005 0.498 0.009 0.009 0.033 0.007 
126 QTo-W-0309   (11)   13 :  0.006 0.113 0.026 0.033 0.097 0.006 0.058 0.021 0.362 0.047 0.119 0.012 0.024 0.007 0.034 0.008 0.004 0.020 0.004 
127 QTo-W-0311    (0)   14 :  0.055 0.026 0.109 0.083 0.008 0.006 0.011 0.043 0.064 0.407 0.076 0.006 0.019 0.004 0.007 0.048 0.004 0.016 0.008 
128 QTo-W-0312    (0)   15 :  0.004 0.005 0.144 0.005 0.004 0.003 0.003 0.735 0.011 0.007 0.005 0.043 0.004 0.003 0.004 0.004 0.007 0.005 0.003 
129 QTo-W-0315   (11)   15 :  0.005 0.005 0.146 0.006 0.004 0.004 0.004 0.768 0.011 0.008 0.005 0.006 0.004 0.004 0.004 0.005 0.003 0.005 0.003 
130 QTo-W-0318    (0)   16 :  0.006 0.024 0.011 0.009 0.011 0.012 0.010 0.009 0.485 0.169 0.124 0.015 0.005 0.005 0.075 0.007 0.004 0.011 0.010 
131 QTo-W-0322   (11)   16 :  0.007 0.011 0.009 0.007 0.008 0.017 0.007 0.007 0.493 0.185 0.127 0.015 0.007 0.004 0.068 0.008 0.004 0.011 0.006 
132 QTo-W-0326   (22)   16 :  0.008 0.023 0.027 0.019 0.031 0.009 0.019 0.015 0.423 0.105 0.126 0.027 0.047 0.008 0.058 0.013 0.006 0.030 0.005 
133 QTo-W-0327   (11)   16 :  0.006 0.023 0.020 0.026 0.034 0.008 0.023 0.011 0.462 0.081 0.137 0.010 0.020 0.012 0.051 0.031 0.017 0.022 0.004 
134 QTo-W-0328    (0)   17 :  0.004 0.002 0.005 0.005 0.005 0.802 0.004 0.004 0.005 0.007 0.005 0.004 0.004 0.118 0.006 0.004 0.006 0.006 0.004 
135 QTo-W-0329    (0)   17 :  0.004 0.003 0.004 0.005 0.005 0.922 0.004 0.004 0.005 0.005 0.005 0.004 0.004 0.005 0.005 0.004 0.006 0.005 0.004 
136 QTo-W-0330   (11)   17 :  0.004 0.003 0.005 0.006 0.006 0.898 0.005 0.004 0.006 0.008 0.006 0.005 0.005 0.006 0.007 0.005 0.008 0.007 0.005 


Estimated Allele Frequencies in each cluster
First column gives estimated ancestral frequencies


Locus 1 : 
4 alleles
0.7% missing data
 149   (0.840) 0.932 0.195 0.835 0.883 0.973 0.976 0.994 0.570 0.966 0.957 0.923 0.994 0.988 0.992 0.974 0.424 0.993 0.930 0.974 
 147   (0.065) 0.012 0.235 0.101 0.043 0.010 0.009 0.002 0.397 0.014 0.016 0.029 0.003 0.005 0.004 0.009 0.093 0.003 0.027 0.015 
 155   (0.055) 0.045 0.567 0.039 0.047 0.010 0.009 0.002 0.021 0.013 0.015 0.028 0.002 0.004 0.003 0.008 0.016 0.002 0.024 0.006 
 161   (0.040) 0.011 0.003 0.025 0.027 0.006 0.006 0.002 0.012 0.007 0.012 0.020 0.001 0.003 0.002 0.008 0.467 0.002 0.018 0.005 

Locus 2 : 
6 alleles
12.5% missing data
 179   (0.383) 0.067 0.029 0.366 0.424 0.818 0.884 0.053 0.127 0.213 0.286 0.455 0.232 0.036 0.956 0.396 0.411 0.967 0.666 0.692 
 176   (0.149) 0.049 0.933 0.115 0.140 0.040 0.025 0.153 0.084 0.067 0.151 0.112 0.012 0.562 0.010 0.060 0.072 0.007 0.079 0.213 
 173   (0.253) 0.799 0.019 0.210 0.275 0.093 0.052 0.766 0.073 0.085 0.328 0.194 0.015 0.383 0.017 0.118 0.270 0.015 0.143 0.053 
 164   (0.026) 0.005 0.002 0.016 0.017 0.005 0.005 0.021 0.005 0.007 0.010 0.012 0.001 0.004 0.002 0.007 0.012 0.001 0.013 0.005 
 182   (0.140) 0.070 0.013 0.259 0.110 0.025 0.027 0.006 0.698 0.604 0.201 0.193 0.737 0.012 0.010 0.218 0.062 0.007 0.072 0.028 
 170   (0.049) 0.010 0.004 0.034 0.034 0.018 0.008 0.002 0.012 0.025 0.023 0.034 0.002 0.004 0.003 0.202 0.173 0.002 0.026 0.007 

Locus 3 : 
17 alleles
0.0% missing data
 220   (0.161) 0.370 0.524 0.131 0.136 0.128 0.050 0.093 0.053 0.280 0.070 0.154 0.009 0.440 0.014 0.163 0.096 0.008 0.285 0.027 
 222   (0.171) 0.073 0.020 0.254 0.221 0.103 0.396 0.017 0.190 0.206 0.252 0.196 0.012 0.015 0.110 0.148 0.277 0.222 0.103 0.547 
 218   (0.155) 0.063 0.017 0.111 0.150 0.370 0.414 0.686 0.031 0.305 0.110 0.209 0.007 0.436 0.012 0.325 0.110 0.160 0.246 0.020 
 226   (0.071) 0.012 0.008 0.041 0.049 0.028 0.018 0.006 0.020 0.014 0.026 0.042 0.941 0.071 0.005 0.023 0.112 0.576 0.033 0.025 
 258   (0.065) 0.012 0.015 0.100 0.109 0.038 0.014 0.004 0.322 0.027 0.046 0.071 0.003 0.007 0.005 0.015 0.024 0.008 0.051 0.010 
 224   (0.056) 0.393 0.007 0.067 0.038 0.010 0.014 0.002 0.193 0.013 0.191 0.026 0.010 0.005 0.003 0.009 0.028 0.003 0.035 0.006 
 228   (0.078) 0.013 0.388 0.111 0.138 0.072 0.046 0.005 0.057 0.074 0.095 0.183 0.008 0.007 0.008 0.016 0.030 0.013 0.097 0.011 
 256   (0.025) 0.003 0.002 0.012 0.016 0.005 0.004 0.178 0.004 0.005 0.005 0.012 0.001 0.002 0.001 0.004 0.007 0.001 0.010 0.002 
 264   (0.013) 0.002 0.001 0.006 0.008 0.002 0.002 0.000 0.002 0.002 0.002 0.004 0.000 0.001 0.001 0.002 0.003 0.001 0.005 0.327 
 230   (0.028) 0.004 0.002 0.046 0.017 0.005 0.004 0.001 0.078 0.032 0.006 0.009 0.001 0.002 0.831 0.004 0.008 0.001 0.010 0.003 
 260   (0.043) 0.022 0.004 0.037 0.033 0.008 0.008 0.002 0.011 0.013 0.028 0.025 0.003 0.003 0.003 0.007 0.017 0.002 0.019 0.005 
 262   (0.018) 0.004 0.004 0.014 0.014 0.003 0.003 0.001 0.009 0.006 0.005 0.009 0.001 0.001 0.001 0.003 0.006 0.001 0.008 0.003 
 234   (0.016) 0.002 0.001 0.009 0.009 0.211 0.002 0.001 0.002 0.002 0.004 0.005 0.001 0.001 0.001 0.002 0.004 0.001 0.006 0.002 
 232   (0.032) 0.014 0.002 0.018 0.020 0.005 0.012 0.001 0.008 0.008 0.144 0.013 0.001 0.002 0.002 0.007 0.010 0.001 0.059 0.003 
 250   (0.023) 0.003 0.001 0.014 0.012 0.004 0.003 0.001 0.004 0.004 0.005 0.009 0.001 0.002 0.001 0.003 0.180 0.001 0.009 0.002 
 216   (0.021) 0.004 0.002 0.015 0.014 0.006 0.003 0.001 0.012 0.003 0.005 0.011 0.001 0.002 0.001 0.003 0.080 0.001 0.012 0.004 
 266   (0.024) 0.006 0.002 0.014 0.017 0.004 0.007 0.001 0.004 0.006 0.007 0.021 0.001 0.003 0.001 0.266 0.007 0.001 0.011 0.002 

Locus 4 : 
2 alleles
1.5% missing data
 137   (0.975) 0.997 0.998 0.987 0.986 0.996 0.983 0.999 0.996 0.988 0.995 0.992 0.999 0.998 0.999 0.996 0.993 0.999 0.874 0.997 
 139   (0.025) 0.003 0.002 0.013 0.014 0.004 0.017 0.001 0.004 0.012 0.005 0.008 0.001 0.002 0.001 0.004 0.007 0.001 0.126 0.003 

Locus 5 : 
17 alleles
11.8% missing data
 187   (0.282) 0.206 0.871 0.322 0.356 0.520 0.064 0.012 0.200 0.641 0.779 0.425 0.730 0.029 0.150 0.159 0.520 0.017 0.192 0.046 
 243   (0.036) 0.005 0.003 0.022 0.023 0.157 0.006 0.001 0.005 0.006 0.008 0.011 0.002 0.433 0.002 0.008 0.011 0.003 0.015 0.003 
 203   (0.091) 0.015 0.008 0.060 0.061 0.018 0.017 0.947 0.016 0.023 0.025 0.055 0.007 0.010 0.006 0.039 0.258 0.385 0.049 0.009 
 201   (0.114) 0.032 0.009 0.099 0.147 0.058 0.035 0.005 0.027 0.036 0.040 0.194 0.041 0.347 0.009 0.074 0.051 0.425 0.108 0.013 
 197   (0.075) 0.667 0.006 0.048 0.053 0.013 0.016 0.003 0.014 0.027 0.022 0.041 0.004 0.007 0.005 0.242 0.023 0.145 0.101 0.008 
 195   (0.062) 0.010 0.057 0.031 0.042 0.011 0.011 0.005 0.013 0.021 0.016 0.044 0.005 0.021 0.004 0.375 0.026 0.004 0.032 0.878 
 247   (0.027) 0.004 0.003 0.015 0.017 0.005 0.005 0.001 0.005 0.005 0.006 0.010 0.002 0.104 0.002 0.007 0.008 0.001 0.011 0.003 
 235   (0.035) 0.006 0.003 0.036 0.031 0.009 0.009 0.002 0.009 0.012 0.021 0.022 0.004 0.004 0.002 0.011 0.016 0.004 0.020 0.004 
 249   (0.020) 0.003 0.001 0.013 0.011 0.003 0.003 0.001 0.003 0.003 0.004 0.008 0.192 0.002 0.001 0.004 0.006 0.001 0.006 0.002 
 199   (0.055) 0.013 0.010 0.216 0.050 0.058 0.045 0.005 0.662 0.151 0.019 0.057 0.004 0.006 0.009 0.024 0.017 0.006 0.041 0.006 
 245   (0.040) 0.006 0.003 0.029 0.081 0.057 0.007 0.010 0.007 0.016 0.015 0.047 0.002 0.019 0.003 0.012 0.012 0.002 0.040 0.006 
 219   (0.029) 0.007 0.002 0.019 0.017 0.006 0.135 0.002 0.006 0.005 0.007 0.015 0.001 0.003 0.774 0.008 0.008 0.001 0.012 0.003 
 217   (0.027) 0.004 0.002 0.017 0.016 0.005 0.602 0.001 0.005 0.004 0.006 0.013 0.002 0.002 0.025 0.006 0.008 0.002 0.011 0.003 
 229   (0.029) 0.004 0.002 0.019 0.017 0.065 0.005 0.001 0.005 0.005 0.006 0.009 0.002 0.003 0.002 0.007 0.009 0.001 0.012 0.003 
 215   (0.031) 0.005 0.015 0.013 0.019 0.005 0.036 0.001 0.006 0.030 0.009 0.013 0.002 0.003 0.003 0.007 0.011 0.002 0.323 0.005 
 205   (0.018) 0.005 0.002 0.014 0.015 0.003 0.003 0.001 0.003 0.004 0.005 0.010 0.001 0.002 0.001 0.004 0.006 0.001 0.010 0.002 
 227   (0.030) 0.005 0.002 0.027 0.044 0.005 0.005 0.001 0.014 0.011 0.014 0.025 0.001 0.007 0.002 0.011 0.010 0.001 0.017 0.006 

Locus 6 : 
25 alleles
30.9% missing data
 214   (0.052) 0.024 0.006 0.042 0.047 0.013 0.021 0.120 0.018 0.038 0.016 0.034 0.003 0.212 0.007 0.016 0.021 0.005 0.120 0.011 
 222   (0.047) 0.125 0.006 0.067 0.061 0.013 0.013 0.075 0.028 0.030 0.119 0.051 0.004 0.504 0.007 0.012 0.020 0.025 0.029 0.009 
 206   (0.049) 0.014 0.023 0.049 0.061 0.340 0.015 0.389 0.090 0.029 0.028 0.049 0.007 0.006 0.012 0.012 0.026 0.006 0.039 0.010 
 218   (0.077) 0.020 0.064 0.063 0.083 0.296 0.019 0.364 0.033 0.357 0.052 0.140 0.005 0.013 0.144 0.049 0.032 0.009 0.064 0.027 
 216   (0.077) 0.018 0.031 0.057 0.056 0.027 0.020 0.004 0.028 0.080 0.031 0.056 0.007 0.008 0.143 0.027 0.345 0.408 0.070 0.014 
 208   (0.036) 0.135 0.004 0.025 0.028 0.014 0.008 0.002 0.012 0.014 0.015 0.021 0.002 0.004 0.005 0.015 0.038 0.220 0.021 0.006 
 238   (0.037) 0.008 0.004 0.043 0.028 0.009 0.018 0.002 0.112 0.012 0.016 0.023 0.556 0.004 0.005 0.008 0.013 0.168 0.021 0.007 
 204   (0.027) 0.428 0.002 0.016 0.016 0.005 0.005 0.001 0.006 0.007 0.007 0.012 0.002 0.002 0.003 0.005 0.009 0.002 0.011 0.004 
 234   (0.040) 0.009 0.149 0.054 0.053 0.017 0.011 0.002 0.039 0.031 0.036 0.040 0.003 0.004 0.006 0.010 0.080 0.007 0.027 0.006 
 242   (0.041) 0.020 0.004 0.041 0.035 0.011 0.016 0.002 0.017 0.017 0.237 0.031 0.002 0.004 0.005 0.008 0.073 0.005 0.041 0.006 
 210   (0.151) 0.064 0.659 0.270 0.214 0.131 0.050 0.011 0.475 0.224 0.089 0.288 0.387 0.026 0.109 0.564 0.065 0.045 0.213 0.499 
 246   (0.027) 0.009 0.003 0.024 0.027 0.015 0.011 0.008 0.009 0.010 0.011 0.028 0.002 0.003 0.005 0.006 0.011 0.004 0.033 0.005 
 258   (0.035) 0.008 0.005 0.036 0.045 0.011 0.009 0.002 0.028 0.026 0.047 0.041 0.003 0.004 0.006 0.009 0.014 0.032 0.020 0.006 
 240   (0.014) 0.006 0.002 0.009 0.010 0.004 0.005 0.001 0.005 0.005 0.007 0.008 0.001 0.003 0.003 0.004 0.005 0.035 0.011 0.002 
 256   (0.020) 0.004 0.002 0.013 0.013 0.004 0.004 0.001 0.005 0.004 0.005 0.007 0.001 0.121 0.002 0.004 0.006 0.001 0.010 0.003 
 254   (0.019) 0.005 0.002 0.013 0.010 0.004 0.004 0.001 0.006 0.005 0.006 0.010 0.001 0.047 0.002 0.005 0.006 0.002 0.010 0.003 
 236   (0.060) 0.022 0.006 0.042 0.065 0.021 0.013 0.004 0.028 0.024 0.027 0.049 0.004 0.014 0.513 0.014 0.089 0.005 0.038 0.353 
 248   (0.022) 0.017 0.002 0.012 0.014 0.013 0.011 0.002 0.011 0.008 0.198 0.014 0.001 0.002 0.002 0.004 0.007 0.002 0.035 0.003 
 252   (0.017) 0.004 0.001 0.012 0.024 0.018 0.004 0.001 0.005 0.005 0.006 0.015 0.001 0.002 0.003 0.003 0.006 0.001 0.015 0.002 
 224   (0.034) 0.008 0.008 0.023 0.025 0.008 0.016 0.002 0.011 0.016 0.010 0.020 0.002 0.004 0.004 0.014 0.078 0.004 0.106 0.005 
 230   (0.032) 0.009 0.003 0.024 0.023 0.006 0.407 0.001 0.008 0.007 0.008 0.017 0.002 0.003 0.004 0.006 0.011 0.004 0.016 0.004 
 228   (0.012) 0.004 0.001 0.008 0.011 0.003 0.004 0.001 0.004 0.005 0.006 0.009 0.001 0.001 0.002 0.018 0.017 0.004 0.008 0.005 
 266   (0.018) 0.004 0.002 0.010 0.013 0.004 0.004 0.001 0.005 0.005 0.005 0.010 0.001 0.002 0.002 0.078 0.007 0.002 0.011 0.003 
 212   (0.034) 0.034 0.008 0.021 0.026 0.008 0.304 0.002 0.009 0.008 0.009 0.013 0.002 0.004 0.005 0.007 0.011 0.003 0.016 0.005 
 232   (0.022) 0.005 0.002 0.025 0.013 0.004 0.007 0.001 0.007 0.032 0.006 0.016 0.001 0.002 0.002 0.105 0.007 0.002 0.015 0.003 

Locus 7 : 
7 alleles
1.5% missing data
 108   (0.636) 0.421 0.967 0.748 0.732 0.929 0.167 0.982 0.926 0.769 0.570 0.759 0.976 0.830 0.979 0.167 0.553 0.409 0.673 0.955 
 116   (0.034) 0.005 0.003 0.021 0.029 0.005 0.005 0.001 0.007 0.007 0.010 0.016 0.001 0.143 0.002 0.007 0.010 0.002 0.015 0.005 
 110   (0.149) 0.177 0.018 0.114 0.123 0.038 0.049 0.008 0.032 0.085 0.050 0.123 0.015 0.012 0.009 0.705 0.267 0.581 0.094 0.022 
 114   (0.063) 0.369 0.004 0.040 0.041 0.010 0.384 0.004 0.014 0.014 0.173 0.028 0.003 0.006 0.004 0.013 0.019 0.003 0.038 0.006 
 112   (0.073) 0.019 0.005 0.048 0.046 0.011 0.389 0.003 0.014 0.118 0.188 0.055 0.003 0.006 0.004 0.101 0.021 0.003 0.163 0.008 
 104   (0.024) 0.003 0.002 0.013 0.013 0.003 0.004 0.001 0.004 0.004 0.005 0.008 0.001 0.002 0.001 0.003 0.123 0.001 0.009 0.002 
 118   (0.021) 0.005 0.002 0.016 0.016 0.003 0.003 0.001 0.003 0.003 0.004 0.011 0.001 0.002 0.001 0.003 0.007 0.001 0.008 0.002 

Locus 8 : 
5 alleles
2.2% missing data
 160   (0.158) 0.059 0.241 0.202 0.125 0.332 0.033 0.553 0.258 0.167 0.046 0.087 0.061 0.392 0.063 0.111 0.051 0.007 0.078 0.021 
 162   (0.636) 0.448 0.732 0.621 0.694 0.606 0.915 0.439 0.431 0.748 0.891 0.762 0.920 0.592 0.903 0.847 0.620 0.983 0.557 0.102 
 164   (0.094) 0.472 0.010 0.065 0.077 0.017 0.015 0.004 0.028 0.034 0.026 0.053 0.006 0.007 0.013 0.018 0.125 0.004 0.050 0.835 
 166   (0.024) 0.004 0.002 0.017 0.017 0.004 0.004 0.001 0.007 0.009 0.009 0.012 0.003 0.002 0.005 0.004 0.009 0.001 0.011 0.003 
 158   (0.089) 0.017 0.016 0.095 0.087 0.041 0.033 0.003 0.277 0.042 0.030 0.085 0.011 0.007 0.016 0.021 0.195 0.005 0.303 0.039 

Locus 9 : 
4 alleles
0.0% missing data
 229   (0.502) 0.568 0.190 0.493 0.555 0.883 0.541 0.510 0.296 0.260 0.264 0.513 0.615 0.239 0.970 0.118 0.392 0.938 0.512 0.490 
 226   (0.356) 0.089 0.053 0.409 0.340 0.083 0.434 0.479 0.655 0.614 0.628 0.393 0.378 0.751 0.022 0.849 0.363 0.054 0.419 0.048 
 223   (0.121) 0.341 0.747 0.084 0.088 0.028 0.021 0.010 0.028 0.120 0.102 0.083 0.006 0.009 0.007 0.030 0.238 0.006 0.060 0.460 
 232   (0.022) 0.003 0.010 0.014 0.018 0.006 0.003 0.001 0.022 0.005 0.005 0.011 0.001 0.002 0.001 0.003 0.007 0.001 0.009 0.002 

Values of parameters used in structure:
DATAFILE=C:\Users\eschumacher\Documents\GitHub\Ten_Oaks\Data_Files\QUTO_wild\project_data,	OUTFILE=C:\Users\eschumacher\Documents\GitHub\Ten_Oaks\Data_Files\QUTO_wild\50-50\Results\50-50_run_92,	NUMINDS=136,	NUMLOCI=9,	MISSING=-9,	LABEL=1,	POPDATA=1,	POPFLAG=0,	PHENOTYPE=0,	EXTRACOLS=0,	MAXPOPS=19,	BURNIN=50000,	NUMREPS=50000,	USEPOPINFO=0,	INFERALPHA=1,	INFERLAMBDA=0,	POPSPECIFICLAMBDA=0,	POPALPHAS=0,	COMPUTEPROB=1,	NOADMIX=0,	ADMBURNIN=2500,	UPDATEFREQ=1,	PRINTLIKES=0,	INTERMEDSAVE=0,	PRINTKLD=0,	PRINTNET=0,	PRINTLAMBDA=0,	ANCESTDIST=0,	NUMBOXES=1000,	ANCESTPINT=0.90000,	GENSBACK=2,	MIGRPRIOR=0.05000,	PRINTQHAT=0,	PRINTQSUM=0,	ALPHA=1.0000,	FREQSCORR=1,	FPRIORMEAN=0.0100,	FPRIORSD=0.0500,	ONEFST=0,	LAMBDA=1.0000,	UNIFPRIORALPHA=1,	ALPHAMAX=10.0000,	ALPHAPRIORA=1.0000,	ALPHAPRIORB=2.0000,	ALPHAPROPSD=0.0250,	STARTATPOPINFO=0,	RANDOMIZE=1,	LINKAGE=0,	METROFREQ=10,	REPORTHITRATE=0,	MARKOVPHASE=-1,	PHASED=0,	PLOIDY=2,	PHASEINFO=0	LOCPRIOR=0, 	LOCPRIORINIT=1.000000, 	LOCDATA=0, 	LOCISPOP=0, 	LOCPRIORSTEP=0.100000, 	MAXLOCPRIOR=20.000000, 	SEED=1689805655,	
[STRAT parameters]:    NUMSIMSTATS=1000,	PHENOTYPECOL=-9,	POOLFREQ=10,	LOCUSxONLY=0,	EMERROR=0.00100,	MISSINGPHENO=-9,	