

----------------------------------------------------
STRUCTURE by Pritchard, Stephens and Donnelly (2000)
     and Falush, Stephens and Pritchard (2003)
       Code by Pritchard, Falush and Hubisz
             Version 2.3.4 (Jul 2012)
----------------------------------------------------



Command line arguments:   bin\structure -m C:\Users\eschumacher\Documents\GitHub\Ten_Oaks\Data_Files\QUTO_wild\50-50\mainparams -e C:\Users\eschumacher\Documents\GitHub\Ten_Oaks\Data_Files\QUTO_wild\50-50\extraparams 
Input File:    C:\Users\eschumacher\Documents\GitHub\Ten_Oaks\Data_Files\QUTO_wild\project_data

Run parameters:
   136 individuals
   9 loci
   14 populations assumed
   50000 Burn-in period
   50000 Reps


--------------------------------------------
Proportion of membership of each pre-defined
 population in each of the 14 clusters

Given    Inferred Clusters                                                                                    Number of
 Pop       1      2      3      4      5      6      7      8      9     10     11     12     13     14      Individuals

  1:     0.022  0.031  0.039  0.015  0.152  0.044  0.575  0.020  0.023  0.017  0.010  0.013  0.023  0.015        1
  2:     0.008  0.005  0.004  0.006  0.007  0.008  0.008  0.007  0.006  0.005  0.005  0.454  0.010  0.467        4
  3:     0.817  0.004  0.008  0.006  0.034  0.017  0.025  0.016  0.011  0.013  0.014  0.009  0.013  0.012        4
  4:     0.050  0.010  0.010  0.556  0.173  0.029  0.113  0.006  0.013  0.011  0.005  0.006  0.009  0.009        5
  5:     0.141  0.032  0.106  0.016  0.088  0.047  0.108  0.016  0.022  0.013  0.019  0.149  0.133  0.111       71
  6:     0.004  0.006  0.003  0.090  0.011  0.154  0.005  0.017  0.010  0.677  0.006  0.004  0.008  0.005        2
  7:     0.010  0.653  0.005  0.008  0.083  0.047  0.023  0.043  0.043  0.005  0.039  0.019  0.008  0.014        5
  8:     0.012  0.016  0.030  0.097  0.115  0.135  0.018  0.255  0.197  0.026  0.019  0.011  0.056  0.012       10
  9:     0.083  0.012  0.020  0.141  0.038  0.067  0.019  0.099  0.402  0.043  0.017  0.015  0.027  0.017        8
 10:     0.014  0.045  0.017  0.155  0.049  0.064  0.060  0.272  0.069  0.029  0.056  0.127  0.007  0.037        9
 11:     0.017  0.005  0.026  0.067  0.029  0.053  0.015  0.073  0.023  0.034  0.591  0.013  0.012  0.043        3
 12:     0.037  0.632  0.014  0.013  0.051  0.051  0.029  0.095  0.033  0.008  0.007  0.007  0.013  0.011        1
 13:     0.006  0.059  0.006  0.008  0.055  0.086  0.083  0.487  0.098  0.016  0.028  0.040  0.011  0.017        3
 14:     0.005  0.029  0.007  0.099  0.524  0.149  0.025  0.012  0.070  0.022  0.007  0.017  0.007  0.028        1
 15:     0.005  0.005  0.003  0.005  0.006  0.007  0.004  0.005  0.005  0.005  0.924  0.004  0.018  0.004        2
 16:     0.009  0.041  0.007  0.015  0.110  0.270  0.072  0.149  0.100  0.075  0.013  0.033  0.058  0.048        4
 17:     0.008  0.003  0.021  0.005  0.006  0.007  0.007  0.007  0.005  0.913  0.004  0.005  0.004  0.004        3
--------------------------------------------

Allele-freq. divergence among pops (Net nucleotide distance),
computed using point estimates of P.

      1       2       3       4       5       6       7       8       9      10      11      12      13      14      
 1      -    0.3542  0.1762  0.1920  0.1285  0.1310  0.1095  0.1292  0.1242  0.1358  0.2997  0.2460  0.1856  0.2359  
 2   0.3542     -    0.2891  0.2207  0.1542  0.1541  0.2027  0.2175  0.1645  0.2981  0.2508  0.3106  0.2523  0.2191  
 3   0.1762  0.2891     -    0.1771  0.1270  0.1326  0.1037  0.1639  0.1507  0.1868  0.2338  0.2578  0.2381  0.2423  
 4   0.1920  0.2207  0.1771     -    0.1029  0.0792  0.1387  0.1103  0.0865  0.1525  0.2052  0.1710  0.2131  0.1438  
 5   0.1285  0.1542  0.1270  0.1029     -    0.0128  0.0404  0.0630  0.0412  0.0863  0.1452  0.1531  0.1067  0.1054  
 6   0.1310  0.1541  0.1326  0.0792  0.0128     -    0.0507  0.0336  0.0264  0.0719  0.1142  0.1269  0.1015  0.0828  
 7   0.1095  0.2027  0.1037  0.1387  0.0404  0.0507     -    0.1001  0.0874  0.1140  0.1855  0.1535  0.1426  0.1524  
 8   0.1292  0.2175  0.1639  0.1103  0.0630  0.0336  0.1001     -    0.0424  0.0698  0.1388  0.1739  0.1624  0.1108  
 9   0.1242  0.1645  0.1507  0.0865  0.0412  0.0264  0.0874  0.0424     -    0.0937  0.1439  0.1523  0.1443  0.1234  
10   0.1358  0.2981  0.1868  0.1525  0.0863  0.0719  0.1140  0.0698  0.0937     -    0.2298  0.2303  0.2089  0.1753  
11   0.2997  0.2508  0.2338  0.2052  0.1452  0.1142  0.1855  0.1388  0.1439  0.2298     -    0.2276  0.1800  0.1839  
12   0.2460  0.3106  0.2578  0.1710  0.1531  0.1269  0.1535  0.1739  0.1523  0.2303  0.2276     -    0.2722  0.1211  
13   0.1856  0.2523  0.2381  0.2131  0.1067  0.1015  0.1426  0.1624  0.1443  0.2089  0.1800  0.2722     -    0.2210  
14   0.2359  0.2191  0.2423  0.1438  0.1054  0.0828  0.1524  0.1108  0.1234  0.1753  0.1839  0.1211  0.2210     -    

Average distances (expected heterozygosity) between individuals in same cluster:
cluster  1  : 0.3124 
cluster  2  : 0.3588 
cluster  3  : 0.3489 
cluster  4  : 0.5290 
cluster  5  : 0.4736 
cluster  6  : 0.5589 
cluster  7  : 0.3970 
cluster  8  : 0.5683 
cluster  9  : 0.6172 
cluster 10  : 0.4541 
cluster 11  : 0.4338 
cluster 12  : 0.3222 
cluster 13  : 0.2526 
cluster 14  : 0.4230 

--------------------------------------------
Estimated Ln Prob of Data   = -2284.2
Mean value of ln likelihood = -1866.2
Variance of ln likelihood   = 836.1
Mean value of alpha         = 0.0361

Mean value of Fst_1         = 0.4664
Mean value of Fst_2         = 0.5045
Mean value of Fst_3         = 0.4747
Mean value of Fst_4         = 0.2744
Mean value of Fst_5         = 0.2134
Mean value of Fst_6         = 0.1683
Mean value of Fst_7         = 0.3016
Mean value of Fst_8         = 0.2119
Mean value of Fst_9         = 0.1718
Mean value of Fst_10         = 0.3565
Mean value of Fst_11         = 0.3935
Mean value of Fst_12         = 0.4782
Mean value of Fst_13         = 0.5596
Mean value of Fst_14         = 0.3877


Inferred ancestry of individuals:
        Label (%Miss) Pop:  Inferred clusters
  1 QTo-W-0007   (11)    1 :  0.022 0.031 0.039 0.015 0.152 0.044 0.575 0.020 0.023 0.017 0.010 0.013 0.023 0.015 
  2 QTo-W-0009    (0)    2 :  0.018 0.005 0.004 0.004 0.005 0.006 0.007 0.005 0.005 0.004 0.004 0.009 0.025 0.900 
  3 QTo-W-0010    (0)    2 :  0.005 0.007 0.005 0.010 0.011 0.018 0.012 0.012 0.010 0.006 0.006 0.860 0.005 0.033 
  4 QTo-W-0011    (0)    2 :  0.005 0.007 0.005 0.005 0.006 0.005 0.007 0.005 0.004 0.004 0.004 0.012 0.005 0.927 
  5 QTo-W-0012   (22)    2 :  0.005 0.003 0.004 0.005 0.005 0.005 0.007 0.005 0.005 0.006 0.004 0.935 0.005 0.007 
  6 QTo-W-0020   (22)    3 :  0.943 0.003 0.004 0.004 0.004 0.004 0.004 0.004 0.005 0.004 0.003 0.007 0.007 0.003 
  7 QTo-W-0021   (22)    3 :  0.877 0.005 0.016 0.007 0.012 0.009 0.015 0.008 0.009 0.011 0.006 0.006 0.014 0.006 
  8 QTo-W-0023   (22)    3 :  0.886 0.004 0.007 0.005 0.009 0.008 0.013 0.008 0.007 0.012 0.005 0.007 0.024 0.006 
  9 QTo-W-0024   (11)    3 :  0.561 0.005 0.007 0.009 0.113 0.046 0.067 0.046 0.024 0.024 0.044 0.014 0.010 0.031 
 10 QTo-W-0033    (0)    4 :  0.013 0.005 0.005 0.902 0.010 0.008 0.005 0.005 0.007 0.005 0.004 0.007 0.004 0.017 
 11 QTo-W-0035   (11)    4 :  0.006 0.006 0.006 0.925 0.006 0.006 0.006 0.005 0.005 0.006 0.004 0.007 0.006 0.006 
 12 QTo-W-0036    (0)    4 :  0.004 0.005 0.005 0.940 0.005 0.005 0.005 0.004 0.005 0.004 0.004 0.005 0.004 0.004 
 13 QTo-W-0039   (11)    4 :  0.145 0.015 0.022 0.007 0.350 0.038 0.347 0.009 0.012 0.015 0.006 0.005 0.020 0.009 
 14 QTo-W-0041    (0)    4 :  0.082 0.019 0.012 0.007 0.495 0.087 0.203 0.008 0.034 0.024 0.005 0.005 0.010 0.007 
 15 QTo-W-0044    (0)    5 :  0.011 0.085 0.051 0.005 0.017 0.015 0.007 0.061 0.016 0.005 0.008 0.005 0.052 0.660 
 16 QTo-W-0047    (0)    5 :  0.005 0.008 0.005 0.011 0.009 0.010 0.009 0.006 0.004 0.005 0.005 0.021 0.005 0.897 
 17 QTo-W-0048   (11)    5 :  0.006 0.009 0.006 0.006 0.007 0.006 0.013 0.006 0.005 0.005 0.006 0.016 0.006 0.903 
 18 QTo-W-0049    (0)    5 :  0.004 0.006 0.004 0.008 0.007 0.007 0.008 0.007 0.006 0.005 0.005 0.906 0.004 0.024 
 19 QTo-W-0050   (22)    5 :  0.021 0.007 0.008 0.154 0.035 0.066 0.014 0.015 0.026 0.024 0.065 0.030 0.502 0.033 
 20 QTo-W-0052    (0)    5 :  0.005 0.792 0.079 0.006 0.010 0.014 0.015 0.017 0.011 0.004 0.015 0.013 0.005 0.014 
 21 QTo-W-0054    (0)    5 :  0.004 0.003 0.004 0.004 0.005 0.005 0.007 0.004 0.004 0.005 0.004 0.940 0.004 0.006 
 22 QTo-W-0056    (0)    5 :  0.004 0.006 0.003 0.004 0.004 0.005 0.005 0.005 0.004 0.004 0.004 0.927 0.004 0.021 
 23 QTo-W-0057    (0)    5 :  0.004 0.009 0.003 0.006 0.009 0.007 0.006 0.006 0.006 0.005 0.005 0.786 0.004 0.143 
 24 QTo-W-0058    (0)    5 :  0.004 0.003 0.004 0.004 0.006 0.005 0.006 0.004 0.005 0.004 0.004 0.941 0.004 0.006 
 25 QTo-W-0059    (0)    5 :  0.024 0.051 0.047 0.007 0.015 0.019 0.018 0.028 0.018 0.006 0.012 0.572 0.108 0.074 
 26 QTo-W-0060    (0)    5 :  0.005 0.006 0.004 0.006 0.011 0.007 0.007 0.005 0.005 0.005 0.004 0.860 0.005 0.070 
 27 QTo-W-0061    (0)    5 :  0.041 0.012 0.014 0.007 0.106 0.075 0.162 0.014 0.027 0.026 0.007 0.493 0.009 0.006 
 28 QTo-W-0062   (11)    5 :  0.006 0.004 0.004 0.005 0.006 0.005 0.006 0.005 0.005 0.005 0.005 0.930 0.006 0.008 
 29 QTo-W-0065   (11)    5 :  0.062 0.004 0.025 0.005 0.022 0.016 0.050 0.017 0.010 0.030 0.006 0.735 0.010 0.008 
 30 QTo-W-0067    (0)    5 :  0.040 0.008 0.015 0.008 0.034 0.014 0.034 0.008 0.008 0.012 0.004 0.763 0.009 0.043 
 31 QTo-W-0071    (0)    5 :  0.022 0.006 0.010 0.008 0.661 0.131 0.078 0.008 0.012 0.015 0.017 0.006 0.011 0.014 
 32 QTo-W-0072    (0)    5 :  0.231 0.009 0.011 0.008 0.017 0.011 0.030 0.018 0.016 0.011 0.005 0.004 0.627 0.004 
 33 QTo-W-0075    (0)    5 :  0.814 0.012 0.017 0.005 0.013 0.008 0.025 0.009 0.007 0.005 0.011 0.004 0.064 0.006 
 34 QTo-W-0076   (11)    5 :  0.821 0.004 0.008 0.011 0.022 0.013 0.011 0.030 0.014 0.018 0.010 0.009 0.016 0.013 
 35 QTo-W-0077   (11)    5 :  0.318 0.005 0.013 0.012 0.022 0.021 0.133 0.009 0.012 0.012 0.006 0.028 0.052 0.357 
 36 QTo-W-0079    (0)    5 :  0.950 0.003 0.004 0.004 0.004 0.004 0.004 0.004 0.005 0.004 0.003 0.005 0.005 0.003 
 37 QTo-W-0080   (11)    5 :  0.188 0.011 0.011 0.013 0.203 0.124 0.084 0.049 0.131 0.016 0.007 0.147 0.008 0.007 
 38 QTo-W-0081   (11)    5 :  0.880 0.004 0.009 0.011 0.013 0.011 0.018 0.012 0.009 0.010 0.005 0.007 0.006 0.007 
 39 QTo-W-0082    (0)    5 :  0.783 0.004 0.006 0.006 0.072 0.028 0.010 0.014 0.022 0.014 0.009 0.016 0.010 0.007 
 40 QTo-W-0087    (0)    5 :  0.922 0.003 0.005 0.004 0.005 0.005 0.008 0.005 0.005 0.006 0.004 0.009 0.014 0.005 
 41 QTo-W-0088   (11)    5 :  0.908 0.004 0.006 0.005 0.007 0.007 0.012 0.007 0.006 0.007 0.004 0.013 0.008 0.007 
 42 QTo-W-0089   (11)    5 :  0.909 0.004 0.008 0.009 0.009 0.006 0.010 0.008 0.006 0.007 0.005 0.005 0.009 0.005 
 43 QTo-W-0090    (0)    5 :  0.791 0.004 0.008 0.033 0.043 0.024 0.010 0.014 0.010 0.009 0.006 0.008 0.009 0.030 
 44 QTo-W-0093   (11)    5 :  0.281 0.017 0.005 0.006 0.131 0.085 0.044 0.030 0.031 0.019 0.045 0.035 0.245 0.026 
 45 QTo-W-0098    (0)    5 :  0.009 0.007 0.006 0.005 0.010 0.010 0.019 0.007 0.006 0.007 0.014 0.012 0.877 0.011 
 46 QTo-W-0101   (11)    5 :  0.012 0.009 0.008 0.006 0.015 0.014 0.035 0.011 0.009 0.009 0.016 0.018 0.824 0.014 
 47 QTo-W-0114    (0)    5 :  0.012 0.005 0.007 0.004 0.009 0.007 0.015 0.005 0.005 0.006 0.005 0.004 0.912 0.004 
 48 QTo-W-0116   (11)    5 :  0.006 0.004 0.005 0.005 0.006 0.006 0.006 0.006 0.005 0.005 0.009 0.005 0.925 0.006 
 49 QTo-W-0117   (22)    5 :  0.010 0.005 0.006 0.005 0.009 0.009 0.007 0.007 0.007 0.006 0.011 0.007 0.904 0.008 
 50 QTo-W-0118    (0)    5 :  0.005 0.004 0.004 0.004 0.005 0.005 0.005 0.004 0.004 0.004 0.007 0.004 0.943 0.004 
 51 QTo-W-0121   (11)    5 :  0.041 0.004 0.005 0.006 0.012 0.010 0.011 0.008 0.008 0.006 0.008 0.006 0.849 0.026 
 52 QTo-W-0124   (11)    5 :  0.004 0.005 0.004 0.007 0.008 0.008 0.006 0.006 0.006 0.005 0.006 0.037 0.005 0.894 
 53 QTo-W-0128    (0)    5 :  0.005 0.004 0.003 0.006 0.006 0.006 0.005 0.005 0.005 0.004 0.005 0.014 0.004 0.930 
 54 QTo-W-0129    (0)    5 :  0.005 0.004 0.004 0.008 0.010 0.012 0.007 0.006 0.006 0.005 0.007 0.016 0.004 0.906 
 55 QTo-W-0131   (11)    5 :  0.044 0.004 0.036 0.133 0.168 0.257 0.079 0.058 0.077 0.015 0.018 0.079 0.006 0.025 
 56 QTo-W-0133   (11)    5 :  0.018 0.156 0.016 0.011 0.075 0.048 0.373 0.013 0.010 0.021 0.194 0.019 0.010 0.035 
 57 QTo-W-0137    (0)    5 :  0.049 0.007 0.008 0.007 0.557 0.136 0.063 0.015 0.024 0.022 0.017 0.007 0.069 0.019 
 58 QTo-W-0138    (0)    5 :  0.004 0.011 0.021 0.011 0.096 0.109 0.102 0.015 0.025 0.007 0.017 0.294 0.004 0.284 
 59 QTo-W-0139    (0)    5 :  0.004 0.042 0.892 0.006 0.008 0.006 0.006 0.005 0.005 0.004 0.005 0.005 0.004 0.009 
 60 QTo-W-0140   (22)    5 :  0.005 0.007 0.926 0.008 0.007 0.006 0.006 0.005 0.006 0.005 0.005 0.005 0.005 0.005 
 61 QTo-W-0142    (0)    5 :  0.004 0.007 0.942 0.005 0.005 0.004 0.006 0.004 0.004 0.004 0.004 0.003 0.005 0.003 
 62 QTo-W-0144    (0)    5 :  0.008 0.008 0.008 0.033 0.069 0.064 0.251 0.010 0.023 0.123 0.073 0.309 0.010 0.013 
 63 QTo-W-0149   (22)    5 :  0.009 0.004 0.812 0.005 0.008 0.009 0.012 0.005 0.005 0.106 0.006 0.005 0.007 0.005 
 64 QTo-W-0151   (11)    5 :  0.038 0.007 0.823 0.005 0.012 0.016 0.034 0.009 0.017 0.007 0.006 0.016 0.006 0.004 
 65 QTo-W-0153   (22)    5 :  0.008 0.004 0.928 0.005 0.006 0.005 0.008 0.005 0.005 0.006 0.005 0.006 0.006 0.005 
 66 QTo-W-0154    (0)    5 :  0.012 0.014 0.784 0.007 0.032 0.017 0.048 0.009 0.012 0.016 0.006 0.005 0.034 0.005 
 67 QTo-W-0159   (11)    5 :  0.008 0.043 0.012 0.008 0.432 0.074 0.304 0.013 0.013 0.012 0.021 0.016 0.037 0.007 
 68 QTo-W-0161   (11)    5 :  0.010 0.019 0.641 0.013 0.094 0.034 0.056 0.011 0.023 0.014 0.009 0.006 0.063 0.006 
 69 QTo-W-0162    (0)    5 :  0.027 0.011 0.022 0.047 0.164 0.222 0.035 0.047 0.101 0.012 0.060 0.005 0.243 0.004 
 70 QTo-W-0163   (11)    5 :  0.205 0.015 0.031 0.016 0.073 0.060 0.222 0.089 0.213 0.021 0.011 0.031 0.006 0.006 
 71 QTo-W-0167   (11)    5 :  0.018 0.144 0.008 0.058 0.128 0.085 0.028 0.013 0.024 0.035 0.028 0.014 0.344 0.072 
 72 QTo-W-0170    (0)    5 :  0.008 0.091 0.007 0.013 0.528 0.176 0.032 0.019 0.025 0.012 0.022 0.007 0.040 0.019 
 73 QTo-W-0171   (22)    5 :  0.014 0.007 0.012 0.056 0.394 0.135 0.043 0.017 0.051 0.021 0.097 0.097 0.015 0.042 
 74 QTo-W-0172   (22)    5 :  0.008 0.105 0.031 0.092 0.143 0.291 0.020 0.029 0.044 0.011 0.128 0.008 0.082 0.009 
 75 QTo-W-0173   (11)    5 :  0.012 0.058 0.011 0.006 0.566 0.106 0.142 0.013 0.017 0.016 0.008 0.009 0.022 0.013 
 76 QTo-W-0174    (0)    5 :  0.050 0.032 0.013 0.009 0.080 0.024 0.514 0.013 0.012 0.008 0.006 0.012 0.217 0.010 
 77 QTo-W-0175    (0)    5 :  0.016 0.005 0.011 0.015 0.203 0.178 0.252 0.013 0.046 0.012 0.029 0.157 0.008 0.054 
 78 QTo-W-0182   (22)    5 :  0.008 0.005 0.005 0.006 0.008 0.009 0.009 0.010 0.007 0.008 0.006 0.008 0.008 0.904 
 79 QTo-W-0184    (0)    5 :  0.033 0.050 0.009 0.070 0.086 0.138 0.215 0.115 0.205 0.010 0.009 0.011 0.035 0.012 
 80 QTo-W-0188    (0)    5 :  0.005 0.217 0.007 0.005 0.364 0.068 0.171 0.015 0.012 0.006 0.085 0.015 0.015 0.015 
 81 QTo-W-0192   (11)    5 :  0.009 0.006 0.008 0.005 0.010 0.008 0.882 0.007 0.005 0.007 0.005 0.010 0.008 0.031 
 82 QTo-W-0193    (0)    5 :  0.007 0.006 0.007 0.005 0.014 0.011 0.891 0.006 0.006 0.006 0.005 0.025 0.006 0.006 
 83 QTo-W-0194    (0)    5 :  0.006 0.005 0.006 0.004 0.008 0.007 0.899 0.005 0.005 0.005 0.004 0.020 0.006 0.020 
 84 QTo-W-0196   (11)    5 :  0.035 0.022 0.036 0.006 0.154 0.083 0.545 0.036 0.010 0.013 0.026 0.010 0.017 0.007 
 85 QTo-W-0197    (0)    5 :  0.157 0.022 0.021 0.006 0.153 0.073 0.458 0.035 0.009 0.009 0.022 0.006 0.018 0.013 
 86 QTo-W-0200   (11)    6 :  0.004 0.005 0.003 0.090 0.012 0.155 0.005 0.017 0.009 0.677 0.006 0.004 0.008 0.005 
 87 QTo-W-0201   (22)    6 :  0.004 0.006 0.003 0.090 0.011 0.152 0.005 0.017 0.010 0.677 0.006 0.004 0.008 0.005 
 88 QTo-W-0205    (0)    7 :  0.003 0.951 0.003 0.004 0.004 0.004 0.004 0.004 0.004 0.003 0.005 0.003 0.004 0.004 
 89 QTo-W-0208    (0)    7 :  0.037 0.199 0.010 0.017 0.082 0.098 0.030 0.189 0.172 0.011 0.019 0.075 0.011 0.051 
 90 QTo-W-0211    (0)    7 :  0.004 0.233 0.004 0.011 0.313 0.123 0.069 0.015 0.031 0.005 0.162 0.010 0.015 0.005 
 91 QTo-W-0212   (11)    7 :  0.003 0.944 0.003 0.005 0.005 0.005 0.005 0.004 0.004 0.003 0.004 0.005 0.004 0.006 
 92 QTo-W-0213    (0)    7 :  0.003 0.936 0.003 0.004 0.011 0.006 0.006 0.004 0.006 0.003 0.005 0.004 0.004 0.004 
 93 QTo-W-0216   (11)    8 :  0.010 0.005 0.008 0.006 0.058 0.124 0.019 0.699 0.007 0.035 0.006 0.008 0.007 0.008 
 94 QTo-W-0220    (0)    8 :  0.008 0.005 0.007 0.006 0.059 0.126 0.015 0.686 0.014 0.031 0.006 0.013 0.005 0.018 
 95 QTo-W-0224   (11)    8 :  0.009 0.007 0.028 0.071 0.086 0.222 0.014 0.280 0.121 0.014 0.071 0.027 0.018 0.033 
 96 QTo-W-0225   (11)    8 :  0.008 0.018 0.004 0.005 0.015 0.013 0.007 0.130 0.760 0.007 0.005 0.017 0.005 0.007 
 97 QTo-W-0227   (11)    8 :  0.016 0.007 0.009 0.070 0.053 0.139 0.029 0.502 0.036 0.078 0.032 0.008 0.008 0.011 
 98 QTo-W-0229    (0)    8 :  0.039 0.004 0.005 0.005 0.012 0.009 0.005 0.131 0.757 0.017 0.003 0.007 0.003 0.003 
 99 QTo-W-0231    (0)    8 :  0.008 0.029 0.005 0.298 0.141 0.366 0.005 0.038 0.066 0.012 0.008 0.006 0.003 0.015 
100 QTo-W-0238   (22)    8 :  0.009 0.041 0.023 0.021 0.477 0.186 0.039 0.023 0.091 0.034 0.013 0.008 0.027 0.008 
101 QTo-W-0240    (0)    8 :  0.007 0.029 0.012 0.458 0.206 0.123 0.023 0.027 0.034 0.026 0.011 0.008 0.024 0.012 
102 QTo-W-0242    (0)    8 :  0.011 0.016 0.199 0.033 0.043 0.040 0.026 0.035 0.086 0.009 0.033 0.004 0.462 0.004 
103 QTo-W-0244    (0)    9 :  0.008 0.009 0.009 0.736 0.030 0.046 0.008 0.025 0.042 0.014 0.020 0.003 0.047 0.004 
104 QTo-W-0245   (11)    9 :  0.010 0.012 0.021 0.247 0.038 0.102 0.010 0.102 0.395 0.014 0.017 0.006 0.012 0.015 
105 QTo-W-0251    (0)    9 :  0.367 0.014 0.009 0.007 0.029 0.075 0.074 0.011 0.010 0.276 0.040 0.005 0.080 0.004 
106 QTo-W-0253    (0)    9 :  0.017 0.008 0.005 0.007 0.022 0.031 0.008 0.158 0.703 0.005 0.005 0.004 0.023 0.005 
107 QTo-W-0256   (11)    9 :  0.082 0.007 0.005 0.050 0.065 0.073 0.013 0.101 0.440 0.011 0.008 0.057 0.007 0.082 
108 QTo-W-0258    (0)    9 :  0.162 0.005 0.023 0.033 0.067 0.088 0.007 0.130 0.402 0.016 0.006 0.038 0.005 0.018 
109 QTo-W-0259    (0)    9 :  0.017 0.010 0.062 0.014 0.020 0.029 0.012 0.130 0.653 0.004 0.012 0.005 0.027 0.005 
110 QTo-W-0260   (22)    9 :  0.006 0.030 0.023 0.032 0.034 0.093 0.021 0.138 0.571 0.005 0.026 0.005 0.011 0.005 
111 QTo-W-0274   (11)   10 :  0.014 0.004 0.005 0.006 0.021 0.033 0.010 0.718 0.152 0.012 0.007 0.005 0.007 0.007 
112 QTo-W-0275    (0)   10 :  0.005 0.013 0.033 0.103 0.036 0.050 0.104 0.029 0.011 0.135 0.117 0.321 0.007 0.036 
113 QTo-W-0278    (0)   10 :  0.050 0.103 0.026 0.037 0.052 0.084 0.289 0.135 0.055 0.034 0.108 0.011 0.009 0.007 
114 QTo-W-0283   (11)   10 :  0.012 0.105 0.008 0.624 0.044 0.059 0.025 0.015 0.015 0.008 0.008 0.041 0.007 0.028 
115 QTo-W-0284    (0)   10 :  0.008 0.140 0.009 0.556 0.044 0.093 0.023 0.021 0.014 0.032 0.012 0.022 0.007 0.017 
116 QTo-W-0287   (22)   10 :  0.016 0.005 0.007 0.011 0.013 0.018 0.006 0.745 0.143 0.009 0.005 0.007 0.006 0.010 
117 QTo-W-0289   (22)   10 :  0.013 0.006 0.005 0.006 0.020 0.011 0.007 0.745 0.143 0.009 0.010 0.007 0.010 0.008 
118 QTo-W-0293    (0)   10 :  0.004 0.005 0.026 0.016 0.179 0.205 0.015 0.030 0.056 0.009 0.220 0.016 0.006 0.212 
119 QTo-W-0295   (11)   10 :  0.008 0.020 0.038 0.033 0.032 0.025 0.058 0.012 0.027 0.010 0.012 0.712 0.005 0.008 
120 QTo-W-0296   (11)   11 :  0.006 0.004 0.037 0.005 0.011 0.009 0.010 0.005 0.006 0.006 0.870 0.012 0.010 0.008 
121 QTo-W-0298    (0)   11 :  0.005 0.005 0.036 0.004 0.007 0.007 0.008 0.006 0.005 0.005 0.890 0.007 0.008 0.006 
122 QTo-W-0300   (11)   11 :  0.039 0.006 0.005 0.192 0.069 0.144 0.026 0.207 0.057 0.091 0.014 0.018 0.017 0.115 
123 QTo-W-0302    (0)   12 :  0.037 0.632 0.014 0.013 0.051 0.051 0.029 0.095 0.033 0.008 0.007 0.007 0.013 0.011 
124 QTo-W-0305    (0)   13 :  0.006 0.006 0.008 0.008 0.010 0.032 0.007 0.729 0.136 0.012 0.025 0.005 0.007 0.008 
125 QTo-W-0308   (11)   13 :  0.007 0.007 0.006 0.007 0.012 0.031 0.009 0.697 0.134 0.026 0.038 0.007 0.009 0.010 
126 QTo-W-0309   (11)   13 :  0.005 0.165 0.005 0.009 0.143 0.194 0.232 0.036 0.023 0.011 0.021 0.106 0.016 0.034 
127 QTo-W-0311    (0)   14 :  0.005 0.029 0.007 0.099 0.524 0.149 0.025 0.012 0.070 0.022 0.007 0.017 0.007 0.028 
128 QTo-W-0312    (0)   15 :  0.006 0.005 0.003 0.005 0.006 0.007 0.004 0.005 0.005 0.004 0.913 0.003 0.030 0.004 
129 QTo-W-0315   (11)   15 :  0.004 0.006 0.003 0.005 0.006 0.007 0.004 0.006 0.005 0.005 0.934 0.004 0.006 0.005 
130 QTo-W-0318    (0)   16 :  0.005 0.047 0.007 0.014 0.076 0.272 0.032 0.222 0.115 0.089 0.021 0.022 0.073 0.007 
131 QTo-W-0322   (11)   16 :  0.005 0.025 0.007 0.015 0.081 0.277 0.014 0.202 0.118 0.150 0.012 0.010 0.075 0.010 
132 QTo-W-0326   (22)   16 :  0.008 0.041 0.006 0.019 0.161 0.250 0.099 0.078 0.059 0.039 0.010 0.041 0.064 0.123 
133 QTo-W-0327   (11)   16 :  0.018 0.053 0.008 0.012 0.123 0.282 0.141 0.091 0.109 0.022 0.010 0.060 0.021 0.050 
134 QTo-W-0328    (0)   17 :  0.007 0.003 0.052 0.005 0.006 0.007 0.007 0.007 0.006 0.885 0.004 0.005 0.004 0.004 
135 QTo-W-0329    (0)   17 :  0.007 0.003 0.005 0.004 0.005 0.006 0.006 0.006 0.004 0.938 0.003 0.005 0.004 0.004 
136 QTo-W-0330   (11)   17 :  0.011 0.003 0.007 0.006 0.007 0.007 0.008 0.008 0.006 0.917 0.004 0.006 0.005 0.005 


Estimated Allele Frequencies in each cluster
First column gives estimated ancestral frequencies


Locus 1 : 
4 alleles
0.7% missing data
 149   (0.831) 0.993 0.259 0.986 0.884 0.942 0.901 0.978 0.899 0.574 0.973 0.636 0.993 0.993 0.986 
 147   (0.068) 0.003 0.232 0.006 0.023 0.019 0.037 0.009 0.026 0.078 0.011 0.343 0.003 0.003 0.006 
 155   (0.058) 0.002 0.505 0.004 0.078 0.026 0.039 0.008 0.013 0.019 0.010 0.014 0.002 0.003 0.005 
 161   (0.042) 0.002 0.004 0.003 0.015 0.012 0.023 0.005 0.062 0.329 0.007 0.006 0.002 0.002 0.003 

Locus 2 : 
6 alleles
12.5% missing data
 179   (0.367) 0.965 0.035 0.890 0.078 0.469 0.339 0.811 0.522 0.346 0.800 0.077 0.069 0.233 0.038 
 176   (0.150) 0.007 0.918 0.059 0.071 0.162 0.112 0.051 0.053 0.070 0.034 0.036 0.161 0.015 0.534 
 173   (0.247) 0.016 0.020 0.026 0.721 0.211 0.207 0.085 0.108 0.272 0.078 0.079 0.735 0.016 0.405 
 164   (0.029) 0.001 0.002 0.003 0.006 0.009 0.016 0.005 0.009 0.012 0.007 0.005 0.025 0.002 0.004 
 182   (0.153) 0.008 0.018 0.016 0.109 0.127 0.285 0.025 0.220 0.145 0.070 0.795 0.007 0.731 0.015 
 170   (0.053) 0.003 0.007 0.005 0.016 0.022 0.040 0.023 0.089 0.155 0.011 0.008 0.002 0.003 0.004 

Locus 3 : 
17 alleles
0.0% missing data
 220   (0.166) 0.008 0.521 0.014 0.321 0.105 0.190 0.157 0.270 0.129 0.044 0.049 0.114 0.010 0.426 
 222   (0.176) 0.227 0.023 0.328 0.106 0.350 0.186 0.124 0.161 0.280 0.303 0.233 0.023 0.016 0.020 
 218   (0.167) 0.177 0.022 0.014 0.089 0.097 0.232 0.309 0.272 0.153 0.333 0.029 0.665 0.010 0.435 
 226   (0.061) 0.544 0.010 0.007 0.013 0.021 0.032 0.021 0.026 0.080 0.013 0.012 0.005 0.917 0.076 
 258   (0.052) 0.009 0.018 0.005 0.015 0.123 0.054 0.039 0.016 0.025 0.012 0.291 0.006 0.003 0.010 
 224   (0.056) 0.002 0.010 0.004 0.332 0.017 0.052 0.008 0.015 0.028 0.110 0.181 0.003 0.017 0.006 
 228   (0.066) 0.021 0.370 0.006 0.016 0.201 0.091 0.166 0.017 0.025 0.033 0.031 0.006 0.011 0.006 
 256   (0.021) 0.001 0.001 0.001 0.003 0.006 0.012 0.003 0.004 0.006 0.003 0.003 0.169 0.001 0.002 
 264   (0.023) 0.001 0.002 0.163 0.004 0.007 0.010 0.003 0.004 0.006 0.003 0.003 0.001 0.001 0.002 
 230   (0.033) 0.001 0.002 0.444 0.005 0.008 0.015 0.005 0.006 0.009 0.005 0.131 0.001 0.001 0.002 
 260   (0.040) 0.002 0.004 0.003 0.049 0.022 0.031 0.007 0.011 0.021 0.008 0.009 0.002 0.006 0.003 
 262   (0.019) 0.001 0.005 0.002 0.008 0.008 0.015 0.003 0.005 0.007 0.003 0.010 0.001 0.002 0.002 
 234   (0.017) 0.001 0.001 0.001 0.003 0.005 0.008 0.140 0.003 0.005 0.002 0.002 0.001 0.001 0.001 
 232   (0.026) 0.001 0.002 0.002 0.016 0.007 0.037 0.004 0.022 0.008 0.112 0.005 0.001 0.001 0.002 
 250   (0.025) 0.001 0.002 0.002 0.004 0.007 0.010 0.003 0.023 0.121 0.004 0.003 0.001 0.001 0.002 
 216   (0.022) 0.001 0.003 0.002 0.006 0.007 0.013 0.004 0.016 0.062 0.003 0.005 0.001 0.001 0.002 
 266   (0.029) 0.001 0.002 0.002 0.009 0.010 0.014 0.004 0.129 0.034 0.008 0.004 0.001 0.001 0.003 

Locus 4 : 
2 alleles
1.5% missing data
 137   (0.975) 0.999 0.998 0.998 0.996 0.990 0.972 0.997 0.927 0.993 0.994 0.997 0.999 0.999 0.998 
 139   (0.025) 0.001 0.002 0.002 0.004 0.010 0.028 0.003 0.073 0.007 0.006 0.003 0.001 0.001 0.002 

Locus 5 : 
17 alleles
11.8% missing data
 187   (0.291) 0.019 0.796 0.108 0.309 0.640 0.498 0.530 0.222 0.495 0.293 0.065 0.016 0.739 0.035 
 243   (0.035) 0.003 0.003 0.003 0.007 0.008 0.016 0.104 0.009 0.010 0.005 0.005 0.002 0.002 0.402 
 203   (0.079) 0.359 0.008 0.006 0.016 0.029 0.044 0.015 0.056 0.200 0.013 0.012 0.911 0.007 0.010 
 201   (0.108) 0.444 0.010 0.009 0.052 0.092 0.077 0.096 0.056 0.057 0.025 0.017 0.005 0.046 0.327 
 197   (0.069) 0.142 0.005 0.005 0.507 0.023 0.050 0.010 0.188 0.045 0.014 0.011 0.003 0.004 0.007 
 195   (0.074) 0.006 0.120 0.436 0.016 0.023 0.040 0.011 0.150 0.068 0.012 0.013 0.010 0.010 0.051 
 247   (0.024) 0.001 0.002 0.002 0.005 0.007 0.014 0.004 0.006 0.007 0.004 0.004 0.002 0.001 0.096 
 235   (0.037) 0.006 0.003 0.003 0.007 0.045 0.027 0.011 0.012 0.018 0.008 0.006 0.003 0.003 0.004 
 249   (0.023) 0.001 0.002 0.002 0.004 0.007 0.010 0.003 0.006 0.007 0.003 0.003 0.001 0.173 0.002 
 199   (0.063) 0.007 0.019 0.007 0.017 0.026 0.040 0.095 0.027 0.024 0.051 0.797 0.008 0.004 0.007 
 245   (0.024) 0.001 0.002 0.002 0.005 0.030 0.036 0.046 0.007 0.012 0.004 0.007 0.030 0.001 0.028 
 219   (0.040) 0.002 0.003 0.386 0.012 0.011 0.020 0.008 0.012 0.012 0.151 0.009 0.003 0.002 0.004 
 217   (0.027) 0.003 0.002 0.022 0.005 0.005 0.019 0.005 0.007 0.008 0.394 0.005 0.001 0.002 0.002 
 229   (0.029) 0.002 0.002 0.002 0.006 0.009 0.014 0.047 0.008 0.009 0.005 0.004 0.002 0.001 0.003 
 215   (0.024) 0.001 0.017 0.002 0.005 0.018 0.058 0.005 0.220 0.009 0.009 0.003 0.001 0.001 0.002 
 205   (0.017) 0.001 0.002 0.001 0.017 0.008 0.012 0.002 0.006 0.007 0.003 0.002 0.001 0.001 0.002 
 227   (0.034) 0.002 0.003 0.003 0.007 0.019 0.024 0.006 0.011 0.014 0.006 0.037 0.002 0.002 0.020 

Locus 6 : 
25 alleles
30.9% missing data
 214   (0.047) 0.004 0.005 0.007 0.042 0.025 0.053 0.010 0.072 0.025 0.011 0.016 0.121 0.003 0.198 
 222   (0.047) 0.032 0.006 0.006 0.129 0.143 0.054 0.015 0.015 0.019 0.012 0.013 0.080 0.004 0.476 
 206   (0.043) 0.006 0.028 0.006 0.014 0.081 0.032 0.271 0.015 0.021 0.013 0.044 0.366 0.006 0.006 
 218   (0.080) 0.013 0.095 0.075 0.026 0.075 0.165 0.255 0.062 0.055 0.024 0.036 0.365 0.006 0.022 
 216   (0.069) 0.388 0.036 0.058 0.021 0.039 0.075 0.027 0.073 0.264 0.016 0.020 0.004 0.009 0.008 
 208   (0.041) 0.199 0.005 0.005 0.117 0.017 0.028 0.015 0.021 0.043 0.009 0.010 0.002 0.003 0.005 
 238   (0.054) 0.171 0.005 0.006 0.013 0.035 0.036 0.012 0.014 0.019 0.017 0.114 0.002 0.512 0.006 
 204   (0.024) 0.002 0.002 0.002 0.320 0.007 0.012 0.004 0.006 0.008 0.004 0.005 0.001 0.002 0.002 
 234   (0.043) 0.010 0.131 0.005 0.012 0.110 0.040 0.023 0.019 0.068 0.010 0.018 0.003 0.003 0.005 
 242   (0.045) 0.006 0.006 0.005 0.028 0.073 0.061 0.015 0.018 0.060 0.135 0.010 0.002 0.003 0.005 
 210   (0.136) 0.057 0.631 0.320 0.096 0.151 0.146 0.237 0.353 0.125 0.042 0.586 0.011 0.421 0.038 
 246   (0.023) 0.005 0.003 0.005 0.012 0.021 0.021 0.021 0.010 0.012 0.008 0.007 0.014 0.002 0.003 
 258   (0.035) 0.033 0.005 0.004 0.009 0.097 0.040 0.010 0.011 0.014 0.010 0.011 0.002 0.004 0.004 
 240   (0.018) 0.041 0.002 0.003 0.008 0.008 0.009 0.004 0.006 0.006 0.004 0.005 0.001 0.001 0.004 
 256   (0.022) 0.002 0.002 0.002 0.005 0.006 0.012 0.003 0.005 0.007 0.004 0.005 0.001 0.001 0.117 
 254   (0.026) 0.002 0.003 0.003 0.007 0.007 0.015 0.005 0.007 0.009 0.005 0.007 0.001 0.002 0.051 
 236   (0.054) 0.005 0.006 0.465 0.025 0.029 0.040 0.016 0.027 0.078 0.011 0.034 0.007 0.004 0.027 
 248   (0.016) 0.001 0.002 0.002 0.017 0.008 0.032 0.011 0.005 0.006 0.157 0.008 0.003 0.001 0.002 
 252   (0.016) 0.001 0.002 0.002 0.005 0.012 0.016 0.017 0.005 0.007 0.004 0.007 0.004 0.001 0.004 
 224   (0.034) 0.004 0.008 0.004 0.009 0.015 0.033 0.007 0.078 0.064 0.008 0.009 0.002 0.002 0.005 
 230   (0.032) 0.006 0.004 0.004 0.023 0.010 0.024 0.006 0.010 0.012 0.271 0.009 0.002 0.002 0.003 
 228   (0.018) 0.007 0.002 0.003 0.007 0.008 0.012 0.003 0.012 0.027 0.005 0.004 0.002 0.001 0.003 
 266   (0.020) 0.002 0.002 0.002 0.005 0.008 0.009 0.004 0.048 0.015 0.004 0.005 0.001 0.001 0.002 
 212   (0.034) 0.003 0.008 0.004 0.044 0.010 0.022 0.006 0.010 0.011 0.209 0.008 0.002 0.002 0.004 
 232   (0.023) 0.002 0.002 0.002 0.005 0.006 0.014 0.004 0.100 0.025 0.005 0.008 0.001 0.001 0.002 

Locus 7 : 
7 alleles
1.5% missing data
 108   (0.649) 0.441 0.965 0.973 0.443 0.863 0.712 0.935 0.352 0.522 0.169 0.933 0.980 0.974 0.827 
 116   (0.030) 0.001 0.002 0.002 0.005 0.012 0.017 0.004 0.007 0.010 0.005 0.011 0.001 0.001 0.145 
 110   (0.157) 0.550 0.020 0.013 0.202 0.068 0.107 0.039 0.414 0.314 0.042 0.030 0.009 0.017 0.014 
 114   (0.054) 0.003 0.004 0.004 0.308 0.018 0.046 0.008 0.016 0.017 0.389 0.010 0.004 0.002 0.006 
 112   (0.059) 0.003 0.005 0.004 0.021 0.025 0.092 0.008 0.188 0.045 0.387 0.009 0.003 0.003 0.005 
 104   (0.026) 0.001 0.002 0.002 0.004 0.006 0.012 0.003 0.017 0.083 0.004 0.003 0.001 0.001 0.002 
 118   (0.025) 0.001 0.002 0.002 0.017 0.008 0.015 0.003 0.006 0.009 0.004 0.004 0.001 0.001 0.002 

Locus 8 : 
5 alleles
2.2% missing data
 160   (0.159) 0.007 0.219 0.024 0.082 0.058 0.096 0.245 0.109 0.066 0.033 0.406 0.529 0.065 0.376 
 162   (0.628) 0.980 0.745 0.308 0.480 0.823 0.723 0.658 0.669 0.662 0.925 0.339 0.462 0.911 0.607 
 164   (0.093) 0.004 0.012 0.633 0.408 0.035 0.067 0.014 0.046 0.111 0.015 0.022 0.004 0.007 0.008 
 166   (0.025) 0.001 0.002 0.004 0.006 0.011 0.017 0.004 0.007 0.013 0.004 0.007 0.001 0.005 0.002 
 158   (0.095) 0.007 0.022 0.031 0.024 0.073 0.097 0.078 0.169 0.149 0.023 0.226 0.004 0.012 0.008 

Locus 9 : 
4 alleles
0.0% missing data
 229   (0.488) 0.926 0.227 0.774 0.573 0.477 0.386 0.848 0.242 0.362 0.403 0.293 0.509 0.600 0.242 
 226   (0.352) 0.065 0.072 0.027 0.116 0.416 0.477 0.113 0.680 0.431 0.557 0.668 0.476 0.387 0.745 
 223   (0.136) 0.008 0.689 0.197 0.307 0.091 0.122 0.035 0.073 0.199 0.036 0.025 0.014 0.011 0.011 
 232   (0.024) 0.001 0.013 0.002 0.004 0.016 0.014 0.005 0.005 0.008 0.004 0.015 0.001 0.001 0.002 

Values of parameters used in structure:
DATAFILE=C:\Users\eschumacher\Documents\GitHub\Ten_Oaks\Data_Files\QUTO_wild\project_data,	OUTFILE=C:\Users\eschumacher\Documents\GitHub\Ten_Oaks\Data_Files\QUTO_wild\50-50\Results\50-50_run_69,	NUMINDS=136,	NUMLOCI=9,	MISSING=-9,	LABEL=1,	POPDATA=1,	POPFLAG=0,	PHENOTYPE=0,	EXTRACOLS=0,	MAXPOPS=14,	BURNIN=50000,	NUMREPS=50000,	USEPOPINFO=0,	INFERALPHA=1,	INFERLAMBDA=0,	POPSPECIFICLAMBDA=0,	POPALPHAS=0,	COMPUTEPROB=1,	NOADMIX=0,	ADMBURNIN=2500,	UPDATEFREQ=1,	PRINTLIKES=0,	INTERMEDSAVE=0,	PRINTKLD=0,	PRINTNET=0,	PRINTLAMBDA=0,	ANCESTDIST=0,	NUMBOXES=1000,	ANCESTPINT=0.90000,	GENSBACK=2,	MIGRPRIOR=0.05000,	PRINTQHAT=0,	PRINTQSUM=0,	ALPHA=1.0000,	FREQSCORR=1,	FPRIORMEAN=0.0100,	FPRIORSD=0.0500,	ONEFST=0,	LAMBDA=1.0000,	UNIFPRIORALPHA=1,	ALPHAMAX=10.0000,	ALPHAPRIORA=1.0000,	ALPHAPRIORB=2.0000,	ALPHAPROPSD=0.0250,	STARTATPOPINFO=0,	RANDOMIZE=1,	LINKAGE=0,	METROFREQ=10,	REPORTHITRATE=0,	MARKOVPHASE=-1,	PHASED=0,	PLOIDY=2,	PHASEINFO=0	LOCPRIOR=0, 	LOCPRIORINIT=1.000000, 	LOCDATA=0, 	LOCISPOP=0, 	LOCPRIORSTEP=0.100000, 	MAXLOCPRIOR=20.000000, 	SEED=1689803872,	
[STRAT parameters]:    NUMSIMSTATS=1000,	PHENOTYPECOL=-9,	POOLFREQ=10,	LOCUSxONLY=0,	EMERROR=0.00100,	MISSINGPHENO=-9,	