

----------------------------------------------------
STRUCTURE by Pritchard, Stephens and Donnelly (2000)
     and Falush, Stephens and Pritchard (2003)
       Code by Pritchard, Falush and Hubisz
             Version 2.3.4 (Jul 2012)
----------------------------------------------------



Command line arguments:   bin\structure -m C:\Users\eschumacher\Documents\GitHub\Ten_Oaks\Data_Files\QUTO_wild\50-50\mainparams -e C:\Users\eschumacher\Documents\GitHub\Ten_Oaks\Data_Files\QUTO_wild\50-50\extraparams 
Input File:    C:\Users\eschumacher\Documents\GitHub\Ten_Oaks\Data_Files\QUTO_wild\project_data

Run parameters:
   136 individuals
   9 loci
   17 populations assumed
   50000 Burn-in period
   50000 Reps


--------------------------------------------
Proportion of membership of each pre-defined
 population in each of the 17 clusters

Given    Inferred Clusters                                                                                                         Number of
 Pop       1      2      3      4      5      6      7      8      9     10     11     12     13     14     15     16     17      Individuals

  1:     0.012  0.021  0.387  0.014  0.018  0.017  0.012  0.028  0.084  0.068  0.019  0.061  0.151  0.011  0.064  0.014  0.019        1
  2:     0.006  0.010  0.009  0.005  0.008  0.004  0.443  0.005  0.008  0.006  0.005  0.005  0.007  0.006  0.008  0.461  0.006        4
  3:     0.006  0.015  0.021  0.011  0.764  0.006  0.008  0.004  0.020  0.021  0.010  0.012  0.033  0.025  0.017  0.011  0.016        4
  4:     0.547  0.007  0.039  0.004  0.035  0.007  0.006  0.009  0.071  0.090  0.014  0.015  0.099  0.005  0.034  0.008  0.008        5
  5:     0.013  0.126  0.076  0.016  0.133  0.053  0.143  0.027  0.051  0.047  0.017  0.066  0.056  0.014  0.044  0.106  0.012       71
  6:     0.059  0.005  0.004  0.005  0.003  0.003  0.004  0.004  0.007  0.550  0.005  0.004  0.312  0.009  0.007  0.005  0.012        2
  7:     0.006  0.008  0.026  0.031  0.010  0.006  0.017  0.636  0.052  0.030  0.049  0.005  0.026  0.028  0.049  0.014  0.010        5
  8:     0.062  0.054  0.048  0.018  0.011  0.040  0.010  0.015  0.100  0.069  0.203  0.008  0.053  0.053  0.105  0.012  0.138       10
  9:     0.122  0.026  0.025  0.016  0.082  0.020  0.016  0.010  0.047  0.029  0.422  0.010  0.026  0.048  0.039  0.014  0.046        8
 10:     0.141  0.006  0.067  0.046  0.013  0.018  0.113  0.045  0.057  0.020  0.015  0.015  0.032  0.310  0.052  0.029  0.020        9
 11:     0.045  0.012  0.019  0.568  0.013  0.007  0.011  0.005  0.046  0.017  0.006  0.034  0.022  0.106  0.025  0.037  0.027        3
 12:     0.010  0.011  0.033  0.007  0.036  0.009  0.006  0.603  0.038  0.020  0.031  0.023  0.025  0.012  0.063  0.011  0.062        1
 13:     0.008  0.009  0.041  0.052  0.006  0.009  0.033  0.050  0.067  0.048  0.007  0.006  0.031  0.469  0.114  0.015  0.034        3
 14:     0.053  0.007  0.010  0.005  0.004  0.008  0.015  0.029  0.182  0.321  0.049  0.005  0.177  0.006  0.103  0.020  0.006        1
 15:     0.005  0.024  0.004  0.859  0.005  0.003  0.004  0.005  0.006  0.007  0.005  0.004  0.006  0.049  0.006  0.004  0.004        2
 16:     0.008  0.022  0.030  0.009  0.009  0.007  0.018  0.023  0.152  0.279  0.019  0.009  0.047  0.044  0.286  0.027  0.014        4
 17:     0.005  0.004  0.005  0.004  0.007  0.005  0.005  0.003  0.006  0.007  0.004  0.051  0.007  0.007  0.006  0.005  0.868        3
--------------------------------------------

Allele-freq. divergence among pops (Net nucleotide distance),
computed using point estimates of P.

      1       2       3       4       5       6       7       8       9      10      11      12      13      14      15      16      17      
 1      -    0.2440  0.1367  0.2323  0.2116  0.2080  0.1874  0.2618  0.1020  0.1283  0.1230  0.2604  0.1128  0.1570  0.1152  0.1629  0.1787  
 2   0.2440     -    0.1438  0.1909  0.1896  0.2905  0.2789  0.2739  0.1051  0.1080  0.1679  0.2417  0.1137  0.1989  0.1017  0.2286  0.2312  
 3   0.1367  0.1438     -    0.1711  0.1102  0.1596  0.1364  0.2140  0.0344  0.0664  0.0832  0.1122  0.0237  0.1339  0.0431  0.1327  0.0930  
 4   0.2323  0.1909  0.1711     -    0.3111  0.2527  0.2350  0.2677  0.1246  0.1499  0.1699  0.2977  0.1500  0.1581  0.1224  0.1906  0.2368  
 5   0.2116  0.1896  0.1102  0.3111     -    0.2590  0.2542  0.3820  0.1279  0.1712  0.1375  0.1627  0.1148  0.1602  0.1470  0.2448  0.1258  
 6   0.2080  0.2905  0.1596  0.2527  0.2590     -    0.2956  0.2941  0.1596  0.2119  0.1867  0.2366  0.1656  0.2222  0.1781  0.2650  0.2266  
 7   0.1874  0.2789  0.1364  0.2350  0.2542  0.2956     -    0.3316  0.1300  0.1664  0.1701  0.2903  0.1472  0.2118  0.1338  0.1251  0.2237  
 8   0.2618  0.2739  0.2140  0.2677  0.3820  0.2941  0.3316     -    0.1644  0.1838  0.1807  0.3593  0.1812  0.2755  0.1690  0.2378  0.3304  
 9   0.1020  0.1051  0.0344  0.1246  0.1279  0.1596  0.1300  0.1644     -    0.0128  0.0433  0.1441  0.0091  0.0756  0.0031  0.0870  0.0852  
10   0.1283  0.1080  0.0664  0.1499  0.1712  0.2119  0.1664  0.1838  0.0128     -    0.0649  0.1854  0.0172  0.0871  0.0107  0.1125  0.1044  
11   0.1230  0.1679  0.0832  0.1699  0.1375  0.1867  0.1701  0.1807  0.0433  0.0649     -    0.1921  0.0571  0.1088  0.0529  0.1498  0.1245  
12   0.2604  0.2417  0.1122  0.2977  0.1627  0.2366  0.2903  0.3593  0.1441  0.1854  0.1921     -    0.1306  0.2560  0.1619  0.2771  0.1730  
13   0.1128  0.1137  0.0237  0.1500  0.1148  0.1656  0.1472  0.1812  0.0091  0.0172  0.0571  0.1306     -    0.0897  0.0159  0.1086  0.0794  
14   0.1570  0.1989  0.1339  0.1581  0.1602  0.2222  0.2118  0.2755  0.0756  0.0871  0.1088  0.2560  0.0897     -    0.0724  0.1377  0.1080  
15   0.1152  0.1017  0.0431  0.1224  0.1470  0.1781  0.1338  0.1690  0.0031  0.0107  0.0529  0.1619  0.0159  0.0724     -    0.0898  0.0922  
16   0.1629  0.2286  0.1327  0.1906  0.2448  0.2650  0.1251  0.2378  0.0870  0.1125  0.1498  0.2771  0.1086  0.1377  0.0898     -    0.1762  
17   0.1787  0.2312  0.0930  0.2368  0.1258  0.2266  0.2237  0.3304  0.0852  0.1044  0.1245  0.1730  0.0794  0.1080  0.0922  0.1762     -    

Average distances (expected heterozygosity) between individuals in same cluster:
cluster  1  : 0.4975 
cluster  2  : 0.2460 
cluster  3  : 0.4569 
cluster  4  : 0.4289 
cluster  5  : 0.3060 
cluster  6  : 0.3286 
cluster  7  : 0.3172 
cluster  8  : 0.3389 
cluster  9  : 0.5463 
cluster 10  : 0.4733 
cluster 11  : 0.6133 
cluster 12  : 0.2038 
cluster 13  : 0.4955 
cluster 14  : 0.4922 
cluster 15  : 0.5225 
cluster 16  : 0.4184 
cluster 17  : 0.4714 

--------------------------------------------
Estimated Ln Prob of Data   = -2188.0
Mean value of ln likelihood = -1803.0
Variance of ln likelihood   = 770.1
Mean value of alpha         = 0.0354

Mean value of Fst_1         = 0.3351
Mean value of Fst_2         = 0.5795
Mean value of Fst_3         = 0.2831
Mean value of Fst_4         = 0.4101
Mean value of Fst_5         = 0.4829
Mean value of Fst_6         = 0.5433
Mean value of Fst_7         = 0.4840
Mean value of Fst_8         = 0.5335
Mean value of Fst_9         = 0.1655
Mean value of Fst_10         = 0.3198
Mean value of Fst_11         = 0.1816
Mean value of Fst_12         = 0.6652
Mean value of Fst_13         = 0.3290
Mean value of Fst_14         = 0.3192
Mean value of Fst_15         = 0.2480
Mean value of Fst_16         = 0.3949
Mean value of Fst_17         = 0.3603


Inferred ancestry of individuals:
        Label (%Miss) Pop:  Inferred clusters
  1 QTo-W-0007   (11)    1 :  0.012 0.021 0.387 0.014 0.018 0.017 0.012 0.028 0.084 0.068 0.019 0.061 0.151 0.011 0.064 0.014 0.019 
  2 QTo-W-0009    (0)    2 :  0.004 0.025 0.007 0.004 0.016 0.004 0.007 0.005 0.006 0.005 0.005 0.004 0.005 0.004 0.005 0.888 0.005 
  3 QTo-W-0010    (0)    2 :  0.010 0.005 0.014 0.006 0.005 0.004 0.834 0.006 0.016 0.008 0.009 0.005 0.011 0.009 0.015 0.035 0.009 
  4 QTo-W-0011    (0)    2 :  0.005 0.005 0.008 0.004 0.004 0.004 0.010 0.006 0.005 0.005 0.004 0.005 0.005 0.004 0.006 0.914 0.005 
  5 QTo-W-0012   (22)    2 :  0.005 0.004 0.007 0.004 0.005 0.003 0.922 0.003 0.005 0.005 0.004 0.004 0.005 0.005 0.006 0.006 0.005 
  6 QTo-W-0020   (22)    3 :  0.004 0.006 0.004 0.003 0.932 0.003 0.007 0.003 0.004 0.004 0.005 0.005 0.004 0.005 0.004 0.004 0.004 
  7 QTo-W-0021   (22)    3 :  0.006 0.015 0.013 0.006 0.836 0.011 0.006 0.004 0.012 0.010 0.011 0.020 0.016 0.008 0.009 0.006 0.012 
  8 QTo-W-0023   (22)    3 :  0.005 0.033 0.014 0.005 0.846 0.005 0.008 0.004 0.007 0.007 0.007 0.013 0.010 0.007 0.008 0.006 0.015 
  9 QTo-W-0024   (11)    3 :  0.007 0.008 0.052 0.030 0.441 0.006 0.012 0.005 0.056 0.064 0.017 0.011 0.104 0.079 0.045 0.028 0.035 
 10 QTo-W-0033    (0)    4 :  0.884 0.004 0.006 0.004 0.013 0.005 0.007 0.005 0.009 0.009 0.006 0.005 0.008 0.004 0.008 0.017 0.005 
 11 QTo-W-0035   (11)    4 :  0.909 0.005 0.006 0.004 0.005 0.007 0.007 0.007 0.006 0.006 0.005 0.005 0.006 0.005 0.006 0.006 0.005 
 12 QTo-W-0036    (0)    4 :  0.929 0.004 0.004 0.004 0.004 0.005 0.005 0.005 0.005 0.005 0.004 0.004 0.005 0.004 0.004 0.005 0.004 
 13 QTo-W-0039   (11)    4 :  0.006 0.015 0.120 0.006 0.091 0.010 0.005 0.012 0.147 0.191 0.012 0.041 0.260 0.008 0.053 0.008 0.018 
 14 QTo-W-0041    (0)    4 :  0.007 0.009 0.061 0.005 0.064 0.007 0.004 0.015 0.187 0.239 0.042 0.021 0.215 0.007 0.101 0.006 0.011 
 15 QTo-W-0044    (0)    5 :  0.004 0.040 0.005 0.007 0.011 0.128 0.005 0.039 0.019 0.008 0.007 0.004 0.008 0.090 0.015 0.604 0.005 
 16 QTo-W-0047    (0)    5 :  0.005 0.005 0.010 0.004 0.004 0.005 0.020 0.007 0.010 0.005 0.005 0.005 0.007 0.005 0.007 0.891 0.006 
 17 QTo-W-0048   (11)    5 :  0.006 0.007 0.010 0.006 0.006 0.006 0.013 0.008 0.006 0.006 0.005 0.007 0.009 0.005 0.007 0.890 0.005 
 18 QTo-W-0049    (0)    5 :  0.008 0.004 0.008 0.005 0.005 0.004 0.884 0.006 0.007 0.006 0.005 0.004 0.006 0.006 0.007 0.029 0.005 
 19 QTo-W-0050   (22)    5 :  0.123 0.447 0.018 0.060 0.022 0.006 0.029 0.006 0.036 0.083 0.016 0.010 0.057 0.017 0.030 0.030 0.008 
 20 QTo-W-0052    (0)    5 :  0.007 0.005 0.020 0.015 0.004 0.130 0.013 0.707 0.015 0.008 0.009 0.010 0.009 0.020 0.014 0.009 0.004 
 21 QTo-W-0054    (0)    5 :  0.005 0.004 0.006 0.004 0.004 0.003 0.929 0.003 0.005 0.005 0.004 0.005 0.005 0.004 0.005 0.006 0.004 
 22 QTo-W-0056    (0)    5 :  0.004 0.003 0.006 0.004 0.004 0.004 0.913 0.006 0.005 0.005 0.004 0.004 0.004 0.004 0.005 0.022 0.004 
 23 QTo-W-0057    (0)    5 :  0.007 0.004 0.006 0.005 0.004 0.003 0.784 0.009 0.007 0.007 0.005 0.004 0.006 0.006 0.008 0.131 0.005 
 24 QTo-W-0058    (0)    5 :  0.004 0.004 0.006 0.004 0.004 0.003 0.930 0.004 0.005 0.005 0.004 0.005 0.005 0.004 0.005 0.006 0.003 
 25 QTo-W-0059    (0)    5 :  0.006 0.087 0.016 0.010 0.025 0.093 0.568 0.027 0.019 0.009 0.010 0.005 0.014 0.041 0.018 0.047 0.005 
 26 QTo-W-0060    (0)    5 :  0.006 0.004 0.006 0.004 0.005 0.004 0.862 0.006 0.007 0.007 0.004 0.005 0.006 0.005 0.007 0.058 0.004 
 27 QTo-W-0061    (0)    5 :  0.007 0.008 0.078 0.006 0.034 0.009 0.465 0.010 0.079 0.068 0.013 0.027 0.090 0.011 0.056 0.006 0.033 
 28 QTo-W-0062   (11)    5 :  0.006 0.005 0.005 0.005 0.006 0.004 0.916 0.004 0.006 0.006 0.005 0.005 0.006 0.005 0.006 0.008 0.005 
 29 QTo-W-0065   (11)    5 :  0.005 0.011 0.033 0.006 0.051 0.015 0.706 0.004 0.014 0.016 0.011 0.039 0.026 0.015 0.014 0.007 0.028 
 30 QTo-W-0067    (0)    5 :  0.007 0.008 0.029 0.005 0.037 0.010 0.741 0.008 0.019 0.015 0.008 0.025 0.019 0.007 0.016 0.034 0.012 
 31 QTo-W-0071    (0)    5 :  0.006 0.011 0.031 0.012 0.015 0.008 0.006 0.005 0.254 0.286 0.014 0.020 0.126 0.009 0.175 0.011 0.012 
 32 QTo-W-0072    (0)    5 :  0.007 0.632 0.021 0.004 0.203 0.006 0.004 0.007 0.012 0.012 0.012 0.017 0.019 0.023 0.010 0.003 0.008 
 33 QTo-W-0075    (0)    5 :  0.004 0.057 0.015 0.010 0.779 0.013 0.005 0.010 0.008 0.013 0.006 0.015 0.035 0.008 0.008 0.006 0.005 
 34 QTo-W-0076   (11)    5 :  0.010 0.019 0.010 0.009 0.782 0.007 0.008 0.004 0.015 0.015 0.011 0.009 0.016 0.042 0.016 0.012 0.017 
 35 QTo-W-0077   (11)    5 :  0.012 0.048 0.095 0.005 0.297 0.008 0.024 0.004 0.027 0.017 0.013 0.021 0.050 0.008 0.021 0.337 0.012 
 36 QTo-W-0079    (0)    5 :  0.003 0.005 0.004 0.003 0.940 0.003 0.005 0.002 0.003 0.003 0.005 0.004 0.004 0.004 0.003 0.003 0.005 
 37 QTo-W-0080   (11)    5 :  0.011 0.008 0.059 0.006 0.153 0.008 0.140 0.010 0.162 0.083 0.080 0.019 0.079 0.030 0.122 0.007 0.020 
 38 QTo-W-0081   (11)    5 :  0.013 0.006 0.017 0.005 0.821 0.007 0.008 0.004 0.014 0.009 0.008 0.012 0.020 0.022 0.011 0.007 0.018 
 39 QTo-W-0082    (0)    5 :  0.005 0.011 0.008 0.008 0.769 0.006 0.014 0.004 0.037 0.030 0.022 0.007 0.018 0.015 0.026 0.007 0.013 
 40 QTo-W-0087    (0)    5 :  0.004 0.017 0.008 0.004 0.901 0.004 0.009 0.003 0.005 0.005 0.005 0.006 0.007 0.005 0.005 0.005 0.007 
 41 QTo-W-0088   (11)    5 :  0.005 0.008 0.011 0.004 0.883 0.005 0.013 0.004 0.007 0.006 0.006 0.008 0.012 0.007 0.007 0.007 0.008 
 42 QTo-W-0089   (11)    5 :  0.010 0.008 0.008 0.004 0.886 0.008 0.004 0.004 0.008 0.006 0.005 0.010 0.010 0.009 0.007 0.005 0.007 
 43 QTo-W-0090    (0)    5 :  0.026 0.007 0.014 0.005 0.771 0.008 0.007 0.004 0.029 0.020 0.010 0.010 0.019 0.013 0.023 0.025 0.010 
 44 QTo-W-0093   (11)    5 :  0.005 0.214 0.020 0.037 0.230 0.005 0.039 0.014 0.099 0.086 0.024 0.007 0.075 0.034 0.071 0.024 0.015 
 45 QTo-W-0098    (0)    5 :  0.005 0.860 0.018 0.012 0.009 0.005 0.011 0.006 0.008 0.009 0.006 0.008 0.011 0.007 0.008 0.011 0.005 
 46 QTo-W-0101   (11)    5 :  0.006 0.795 0.028 0.016 0.010 0.006 0.016 0.009 0.015 0.012 0.009 0.011 0.018 0.010 0.015 0.014 0.007 
 47 QTo-W-0114    (0)    5 :  0.004 0.893 0.010 0.004 0.011 0.006 0.004 0.004 0.007 0.008 0.005 0.013 0.010 0.005 0.007 0.003 0.005 
 48 QTo-W-0116   (11)    5 :  0.004 0.910 0.005 0.009 0.006 0.005 0.006 0.004 0.006 0.006 0.004 0.005 0.006 0.006 0.007 0.006 0.004 
 49 QTo-W-0117   (22)    5 :  0.005 0.884 0.007 0.010 0.009 0.005 0.007 0.005 0.010 0.009 0.006 0.007 0.008 0.007 0.009 0.007 0.006 
 50 QTo-W-0118    (0)    5 :  0.003 0.932 0.004 0.006 0.004 0.004 0.004 0.004 0.004 0.005 0.004 0.004 0.005 0.005 0.005 0.004 0.004 
 51 QTo-W-0121   (11)    5 :  0.005 0.833 0.008 0.008 0.031 0.004 0.005 0.004 0.011 0.011 0.006 0.006 0.015 0.011 0.010 0.026 0.006 
 52 QTo-W-0124   (11)    5 :  0.008 0.005 0.006 0.006 0.004 0.004 0.043 0.005 0.008 0.007 0.005 0.005 0.007 0.006 0.009 0.869 0.005 
 53 QTo-W-0128    (0)    5 :  0.006 0.004 0.005 0.005 0.005 0.003 0.016 0.004 0.006 0.006 0.004 0.004 0.006 0.005 0.006 0.913 0.004 
 54 QTo-W-0129    (0)    5 :  0.007 0.004 0.007 0.005 0.005 0.003 0.017 0.004 0.010 0.008 0.005 0.004 0.009 0.007 0.010 0.889 0.005 
 55 QTo-W-0131   (11)    5 :  0.103 0.006 0.115 0.010 0.037 0.033 0.054 0.004 0.244 0.039 0.028 0.013 0.060 0.030 0.166 0.022 0.038 
 56 QTo-W-0133   (11)    5 :  0.011 0.009 0.265 0.197 0.013 0.011 0.017 0.122 0.047 0.044 0.009 0.027 0.122 0.010 0.046 0.033 0.018 
 57 QTo-W-0137    (0)    5 :  0.005 0.079 0.025 0.015 0.027 0.007 0.006 0.007 0.220 0.241 0.020 0.010 0.138 0.014 0.142 0.017 0.026 
 58 QTo-W-0138    (0)    5 :  0.011 0.005 0.087 0.008 0.003 0.018 0.260 0.012 0.104 0.049 0.016 0.022 0.044 0.019 0.095 0.239 0.007 
 59 QTo-W-0139    (0)    5 :  0.005 0.004 0.005 0.004 0.004 0.913 0.005 0.014 0.005 0.004 0.004 0.008 0.005 0.004 0.005 0.007 0.004 
 60 QTo-W-0140   (22)    5 :  0.006 0.005 0.006 0.005 0.005 0.919 0.005 0.005 0.006 0.005 0.005 0.006 0.005 0.004 0.005 0.004 0.004 
 61 QTo-W-0142    (0)    5 :  0.004 0.004 0.005 0.004 0.005 0.928 0.003 0.004 0.004 0.004 0.004 0.010 0.005 0.004 0.004 0.003 0.004 
 62 QTo-W-0144    (0)    5 :  0.029 0.007 0.215 0.069 0.007 0.008 0.223 0.007 0.074 0.133 0.015 0.010 0.120 0.009 0.051 0.013 0.012 
 63 QTo-W-0149   (22)    5 :  0.005 0.006 0.008 0.005 0.007 0.007 0.005 0.004 0.009 0.006 0.005 0.809 0.006 0.005 0.006 0.005 0.102 
 64 QTo-W-0151   (11)    5 :  0.005 0.005 0.026 0.005 0.030 0.007 0.016 0.006 0.015 0.010 0.017 0.822 0.010 0.005 0.013 0.004 0.006 
 65 QTo-W-0153   (22)    5 :  0.004 0.005 0.007 0.005 0.007 0.006 0.005 0.004 0.005 0.005 0.004 0.919 0.006 0.004 0.005 0.005 0.005 
 66 QTo-W-0154    (0)    5 :  0.006 0.023 0.026 0.011 0.010 0.050 0.004 0.013 0.024 0.027 0.012 0.708 0.040 0.010 0.024 0.004 0.008 
 67 QTo-W-0159   (11)    5 :  0.006 0.029 0.131 0.017 0.007 0.011 0.017 0.040 0.161 0.225 0.011 0.015 0.177 0.012 0.125 0.007 0.009 
 68 QTo-W-0161   (11)    5 :  0.007 0.025 0.028 0.008 0.007 0.044 0.005 0.013 0.050 0.045 0.030 0.648 0.030 0.006 0.045 0.005 0.006 
 69 QTo-W-0162    (0)    5 :  0.023 0.184 0.077 0.050 0.021 0.015 0.004 0.011 0.194 0.058 0.077 0.030 0.067 0.016 0.160 0.004 0.007 
 70 QTo-W-0163   (11)    5 :  0.014 0.006 0.140 0.011 0.212 0.041 0.029 0.013 0.053 0.032 0.234 0.016 0.078 0.023 0.047 0.006 0.046 
 71 QTo-W-0167   (11)    5 :  0.045 0.275 0.025 0.019 0.022 0.011 0.012 0.114 0.051 0.132 0.024 0.008 0.113 0.011 0.063 0.066 0.007 
 72 QTo-W-0170    (0)    5 :  0.011 0.035 0.021 0.022 0.008 0.009 0.008 0.079 0.231 0.196 0.021 0.008 0.086 0.015 0.223 0.021 0.009 
 73 QTo-W-0171   (22)    5 :  0.039 0.012 0.052 0.060 0.015 0.015 0.072 0.006 0.144 0.188 0.032 0.016 0.121 0.023 0.151 0.040 0.017 
 74 QTo-W-0172   (22)    5 :  0.053 0.071 0.062 0.105 0.006 0.034 0.007 0.096 0.245 0.053 0.020 0.009 0.039 0.021 0.161 0.008 0.010 
 75 QTo-W-0173   (11)    5 :  0.006 0.017 0.045 0.007 0.012 0.013 0.008 0.049 0.202 0.262 0.012 0.018 0.161 0.009 0.148 0.016 0.014 
 76 QTo-W-0174    (0)    5 :  0.009 0.227 0.300 0.007 0.042 0.010 0.013 0.026 0.036 0.054 0.014 0.027 0.169 0.009 0.038 0.008 0.011 
 77 QTo-W-0175    (0)    5 :  0.014 0.007 0.219 0.009 0.012 0.006 0.122 0.004 0.187 0.071 0.022 0.022 0.086 0.015 0.157 0.029 0.016 
 78 QTo-W-0182   (22)    5 :  0.005 0.007 0.007 0.006 0.007 0.004 0.008 0.005 0.010 0.009 0.006 0.006 0.008 0.011 0.010 0.884 0.008 
 79 QTo-W-0184    (0)    5 :  0.068 0.030 0.148 0.008 0.037 0.009 0.010 0.037 0.084 0.060 0.163 0.018 0.104 0.085 0.118 0.012 0.010 
 80 QTo-W-0188    (0)    5 :  0.005 0.013 0.088 0.070 0.004 0.009 0.015 0.181 0.115 0.174 0.014 0.007 0.140 0.020 0.125 0.012 0.008 
 81 QTo-W-0192   (11)    5 :  0.005 0.008 0.696 0.005 0.009 0.006 0.010 0.005 0.008 0.007 0.006 0.012 0.183 0.005 0.009 0.018 0.008 
 82 QTo-W-0193    (0)    5 :  0.004 0.006 0.707 0.005 0.006 0.004 0.017 0.005 0.011 0.008 0.006 0.009 0.182 0.005 0.013 0.005 0.006 
 83 QTo-W-0194    (0)    5 :  0.004 0.005 0.716 0.004 0.006 0.004 0.015 0.004 0.008 0.005 0.004 0.009 0.184 0.004 0.008 0.013 0.006 
 84 QTo-W-0196   (11)    5 :  0.005 0.013 0.245 0.017 0.018 0.018 0.009 0.018 0.023 0.137 0.009 0.024 0.320 0.016 0.076 0.006 0.046 
 85 QTo-W-0197    (0)    5 :  0.005 0.011 0.203 0.015 0.078 0.013 0.006 0.012 0.026 0.156 0.008 0.014 0.319 0.020 0.075 0.011 0.028 
 86 QTo-W-0200   (11)    6 :  0.059 0.005 0.004 0.005 0.004 0.003 0.004 0.004 0.007 0.550 0.005 0.004 0.312 0.009 0.008 0.005 0.012 
 87 QTo-W-0201   (22)    6 :  0.060 0.005 0.005 0.005 0.003 0.003 0.004 0.004 0.008 0.549 0.006 0.004 0.312 0.008 0.007 0.004 0.012 
 88 QTo-W-0205    (0)    7 :  0.003 0.004 0.004 0.005 0.003 0.004 0.003 0.939 0.004 0.004 0.004 0.003 0.004 0.004 0.004 0.003 0.003 
 89 QTo-W-0208    (0)    7 :  0.012 0.013 0.041 0.023 0.037 0.015 0.067 0.191 0.080 0.021 0.204 0.009 0.031 0.109 0.064 0.051 0.034 
 90 QTo-W-0211    (0)    7 :  0.006 0.013 0.074 0.116 0.004 0.005 0.007 0.190 0.162 0.114 0.026 0.006 0.085 0.019 0.162 0.004 0.005 
 91 QTo-W-0212   (11)    7 :  0.004 0.004 0.004 0.004 0.003 0.004 0.005 0.936 0.004 0.004 0.004 0.003 0.004 0.003 0.004 0.005 0.003 
 92 QTo-W-0213    (0)    7 :  0.004 0.004 0.005 0.004 0.003 0.004 0.004 0.924 0.008 0.007 0.006 0.003 0.007 0.003 0.009 0.004 0.003 
 93 QTo-W-0216   (11)    8 :  0.005 0.006 0.087 0.007 0.007 0.005 0.007 0.005 0.013 0.011 0.007 0.008 0.033 0.068 0.115 0.009 0.606 
 94 QTo-W-0220    (0)    8 :  0.006 0.004 0.086 0.007 0.005 0.005 0.012 0.005 0.013 0.009 0.033 0.006 0.030 0.071 0.119 0.021 0.567 
 95 QTo-W-0224   (11)    8 :  0.060 0.012 0.033 0.064 0.011 0.038 0.025 0.006 0.169 0.105 0.036 0.007 0.036 0.141 0.204 0.031 0.020 
 96 QTo-W-0225   (11)    8 :  0.005 0.005 0.008 0.004 0.008 0.004 0.016 0.020 0.014 0.012 0.854 0.004 0.009 0.007 0.016 0.008 0.007 
 97 QTo-W-0227   (11)    8 :  0.093 0.007 0.084 0.042 0.013 0.017 0.007 0.006 0.090 0.070 0.046 0.013 0.080 0.192 0.109 0.014 0.117 
 98 QTo-W-0229    (0)    8 :  0.005 0.003 0.005 0.003 0.036 0.005 0.007 0.004 0.011 0.014 0.864 0.006 0.012 0.010 0.006 0.003 0.007 
 99 QTo-W-0231    (0)    8 :  0.163 0.003 0.100 0.007 0.007 0.007 0.006 0.035 0.364 0.006 0.039 0.003 0.028 0.014 0.184 0.012 0.023 
100 QTo-W-0238   (22)    8 :  0.015 0.024 0.015 0.011 0.008 0.036 0.007 0.029 0.176 0.244 0.057 0.014 0.131 0.013 0.201 0.009 0.010 
101 QTo-W-0240    (0)    8 :  0.253 0.015 0.041 0.009 0.006 0.018 0.007 0.023 0.125 0.199 0.034 0.010 0.149 0.010 0.078 0.010 0.012 
102 QTo-W-0242    (0)    8 :  0.017 0.461 0.021 0.025 0.009 0.265 0.003 0.012 0.027 0.024 0.062 0.008 0.022 0.007 0.023 0.003 0.010 
103 QTo-W-0244    (0)    9 :  0.631 0.043 0.010 0.017 0.008 0.014 0.003 0.008 0.050 0.060 0.019 0.005 0.021 0.027 0.074 0.004 0.007 
104 QTo-W-0245   (11)    9 :  0.225 0.011 0.027 0.015 0.012 0.020 0.006 0.009 0.068 0.060 0.396 0.013 0.035 0.031 0.053 0.012 0.006 
105 QTo-W-0251    (0)    9 :  0.006 0.085 0.047 0.045 0.322 0.005 0.004 0.011 0.033 0.020 0.008 0.015 0.039 0.011 0.031 0.004 0.312 
106 QTo-W-0253    (0)    9 :  0.005 0.023 0.009 0.006 0.016 0.006 0.003 0.010 0.019 0.012 0.792 0.004 0.010 0.043 0.022 0.004 0.016 
107 QTo-W-0256   (11)    9 :  0.051 0.007 0.021 0.007 0.087 0.006 0.068 0.007 0.075 0.025 0.421 0.007 0.036 0.053 0.048 0.071 0.010 
108 QTo-W-0258    (0)    9 :  0.026 0.004 0.020 0.007 0.186 0.037 0.032 0.004 0.070 0.028 0.270 0.006 0.040 0.203 0.047 0.011 0.010 
109 QTo-W-0259    (0)    9 :  0.014 0.025 0.020 0.011 0.016 0.042 0.005 0.008 0.022 0.009 0.764 0.023 0.012 0.007 0.014 0.004 0.004 
110 QTo-W-0260   (22)    9 :  0.019 0.010 0.046 0.023 0.005 0.028 0.005 0.025 0.040 0.019 0.703 0.009 0.019 0.012 0.027 0.005 0.005 
111 QTo-W-0274   (11)   10 :  0.006 0.005 0.010 0.005 0.011 0.005 0.006 0.004 0.019 0.009 0.019 0.006 0.009 0.828 0.040 0.006 0.012 
112 QTo-W-0275    (0)   10 :  0.093 0.007 0.101 0.109 0.004 0.006 0.254 0.010 0.078 0.035 0.008 0.057 0.049 0.030 0.049 0.036 0.075 
113 QTo-W-0278    (0)   10 :  0.031 0.008 0.252 0.132 0.047 0.022 0.007 0.090 0.059 0.020 0.025 0.033 0.092 0.076 0.070 0.007 0.028 
114 QTo-W-0283   (11)   10 :  0.582 0.006 0.059 0.008 0.012 0.009 0.040 0.123 0.044 0.013 0.014 0.006 0.017 0.015 0.023 0.024 0.007 
115 QTo-W-0284    (0)   10 :  0.503 0.006 0.058 0.012 0.009 0.012 0.020 0.150 0.076 0.013 0.017 0.005 0.019 0.022 0.033 0.017 0.029 
116 QTo-W-0287   (22)   10 :  0.011 0.005 0.006 0.006 0.012 0.008 0.008 0.004 0.009 0.007 0.006 0.005 0.006 0.857 0.035 0.009 0.009 
117 QTo-W-0289   (22)   10 :  0.005 0.008 0.007 0.007 0.008 0.005 0.007 0.005 0.007 0.010 0.005 0.005 0.007 0.867 0.031 0.007 0.008 
118 QTo-W-0293    (0)   10 :  0.010 0.006 0.043 0.123 0.004 0.030 0.017 0.006 0.195 0.056 0.026 0.015 0.062 0.087 0.165 0.146 0.008 
119 QTo-W-0295   (11)   10 :  0.029 0.005 0.070 0.011 0.007 0.061 0.659 0.017 0.024 0.016 0.020 0.007 0.027 0.007 0.024 0.008 0.008 
120 QTo-W-0296   (11)   11 :  0.005 0.008 0.015 0.832 0.006 0.008 0.010 0.004 0.010 0.007 0.005 0.050 0.008 0.008 0.009 0.008 0.006 
121 QTo-W-0298    (0)   11 :  0.004 0.011 0.012 0.854 0.005 0.009 0.007 0.004 0.007 0.006 0.004 0.044 0.007 0.010 0.006 0.005 0.005 
122 QTo-W-0300   (11)   11 :  0.126 0.016 0.031 0.019 0.028 0.005 0.016 0.006 0.121 0.040 0.008 0.007 0.051 0.298 0.059 0.099 0.069 
123 QTo-W-0302    (0)   12 :  0.010 0.011 0.033 0.007 0.036 0.009 0.006 0.603 0.038 0.020 0.031 0.023 0.025 0.012 0.063 0.011 0.062 
124 QTo-W-0305    (0)   13 :  0.010 0.007 0.012 0.058 0.007 0.014 0.006 0.006 0.018 0.011 0.006 0.004 0.016 0.721 0.054 0.007 0.042 
125 QTo-W-0308   (11)   13 :  0.006 0.009 0.015 0.079 0.008 0.009 0.006 0.006 0.023 0.015 0.007 0.006 0.018 0.669 0.062 0.010 0.054 
126 QTo-W-0309   (11)   13 :  0.006 0.013 0.095 0.020 0.004 0.004 0.086 0.138 0.158 0.119 0.009 0.009 0.060 0.015 0.228 0.028 0.007 
127 QTo-W-0311    (0)   14 :  0.053 0.007 0.010 0.005 0.004 0.008 0.015 0.029 0.182 0.321 0.049 0.005 0.177 0.006 0.103 0.020 0.006 
128 QTo-W-0312    (0)   15 :  0.005 0.042 0.004 0.844 0.006 0.003 0.003 0.005 0.006 0.007 0.005 0.003 0.005 0.048 0.006 0.004 0.004 
129 QTo-W-0315   (11)   15 :  0.005 0.007 0.004 0.874 0.004 0.003 0.004 0.005 0.006 0.007 0.006 0.004 0.007 0.051 0.006 0.004 0.004 
130 QTo-W-0318    (0)   16 :  0.006 0.024 0.018 0.013 0.004 0.010 0.012 0.030 0.139 0.323 0.007 0.005 0.044 0.064 0.283 0.005 0.012 
131 QTo-W-0322   (11)   16 :  0.008 0.019 0.013 0.007 0.005 0.006 0.009 0.013 0.145 0.351 0.010 0.004 0.045 0.059 0.282 0.007 0.017 
132 QTo-W-0326   (22)   16 :  0.012 0.031 0.036 0.009 0.007 0.005 0.022 0.027 0.160 0.228 0.016 0.008 0.048 0.032 0.280 0.066 0.014 
133 QTo-W-0327   (11)   16 :  0.007 0.013 0.052 0.008 0.019 0.004 0.031 0.024 0.162 0.212 0.044 0.018 0.051 0.020 0.298 0.027 0.010 
134 QTo-W-0328    (0)   17 :  0.005 0.004 0.005 0.004 0.007 0.004 0.005 0.003 0.006 0.008 0.004 0.139 0.008 0.008 0.005 0.004 0.782 
135 QTo-W-0329    (0)   17 :  0.004 0.004 0.005 0.004 0.006 0.004 0.005 0.003 0.005 0.006 0.004 0.006 0.006 0.006 0.005 0.004 0.924 
136 QTo-W-0330   (11)   17 :  0.006 0.005 0.006 0.004 0.008 0.006 0.005 0.003 0.007 0.008 0.005 0.008 0.009 0.008 0.006 0.005 0.899 


Estimated Allele Frequencies in each cluster
First column gives estimated ancestral frequencies


Locus 1 : 
4 alleles
0.7% missing data
 149   (0.844) 0.908 0.993 0.950 0.626 0.993 0.975 0.993 0.212 0.896 0.966 0.441 0.991 0.962 0.949 0.934 0.987 0.975 
 147   (0.063) 0.015 0.003 0.019 0.355 0.003 0.014 0.003 0.239 0.039 0.012 0.099 0.004 0.013 0.031 0.025 0.005 0.010 
 155   (0.056) 0.064 0.003 0.021 0.013 0.002 0.007 0.002 0.546 0.041 0.014 0.018 0.003 0.015 0.011 0.028 0.004 0.009 
 161   (0.036) 0.012 0.001 0.010 0.006 0.002 0.004 0.002 0.003 0.025 0.008 0.442 0.002 0.010 0.008 0.014 0.003 0.006 

Locus 2 : 
6 alleles
12.5% missing data
 179   (0.376) 0.073 0.237 0.733 0.086 0.966 0.687 0.062 0.031 0.368 0.318 0.393 0.952 0.544 0.411 0.321 0.038 0.878 
 176   (0.153) 0.065 0.013 0.064 0.035 0.007 0.212 0.164 0.927 0.136 0.113 0.077 0.012 0.111 0.058 0.120 0.544 0.028 
 173   (0.239) 0.762 0.014 0.123 0.062 0.015 0.055 0.741 0.018 0.212 0.237 0.273 0.019 0.227 0.131 0.172 0.395 0.050 
 164   (0.028) 0.006 0.001 0.008 0.005 0.001 0.005 0.024 0.002 0.016 0.008 0.012 0.002 0.008 0.008 0.012 0.004 0.005 
 182   (0.151) 0.079 0.733 0.049 0.805 0.008 0.033 0.007 0.015 0.231 0.304 0.068 0.011 0.087 0.263 0.333 0.014 0.030 
 170   (0.053) 0.015 0.003 0.025 0.007 0.003 0.008 0.002 0.006 0.037 0.021 0.177 0.004 0.023 0.129 0.042 0.004 0.009 

Locus 3 : 
17 alleles
0.0% missing data
 220   (0.164) 0.353 0.009 0.173 0.071 0.008 0.029 0.108 0.529 0.162 0.094 0.105 0.017 0.097 0.194 0.212 0.433 0.141 
 222   (0.174) 0.079 0.013 0.109 0.239 0.227 0.547 0.019 0.021 0.243 0.229 0.279 0.131 0.197 0.175 0.203 0.018 0.309 
 218   (0.183) 0.088 0.008 0.324 0.032 0.168 0.024 0.670 0.021 0.178 0.196 0.117 0.015 0.178 0.263 0.262 0.433 0.417 
 226   (0.057) 0.010 0.935 0.022 0.012 0.564 0.023 0.006 0.007 0.035 0.016 0.103 0.005 0.025 0.018 0.026 0.074 0.013 
 258   (0.072) 0.016 0.003 0.053 0.265 0.008 0.011 0.006 0.017 0.082 0.065 0.027 0.006 0.058 0.039 0.080 0.011 0.018 
 224   (0.047) 0.371 0.011 0.014 0.181 0.002 0.006 0.002 0.007 0.028 0.117 0.026 0.003 0.099 0.017 0.018 0.005 0.008 
 228   (0.074) 0.014 0.009 0.093 0.033 0.013 0.011 0.006 0.377 0.125 0.139 0.027 0.009 0.184 0.018 0.096 0.007 0.045 
 256   (0.025) 0.003 0.001 0.006 0.003 0.001 0.002 0.174 0.002 0.013 0.004 0.007 0.002 0.005 0.004 0.010 0.002 0.004 
 264   (0.018) 0.003 0.001 0.004 0.002 0.001 0.319 0.001 0.001 0.007 0.003 0.005 0.001 0.003 0.003 0.008 0.001 0.003 
 230   (0.028) 0.004 0.001 0.006 0.126 0.001 0.004 0.001 0.002 0.016 0.005 0.008 0.800 0.005 0.005 0.010 0.002 0.005 
 260   (0.034) 0.026 0.004 0.015 0.008 0.002 0.005 0.001 0.004 0.034 0.018 0.019 0.004 0.019 0.007 0.020 0.003 0.007 
 262   (0.021) 0.006 0.002 0.007 0.009 0.001 0.004 0.001 0.005 0.017 0.005 0.007 0.002 0.006 0.004 0.011 0.002 0.004 
 234   (0.016) 0.002 0.001 0.147 0.002 0.001 0.002 0.001 0.001 0.008 0.002 0.004 0.001 0.038 0.002 0.005 0.001 0.002 
 232   (0.034) 0.015 0.001 0.011 0.007 0.001 0.004 0.001 0.002 0.020 0.096 0.011 0.002 0.074 0.014 0.016 0.003 0.012 
 250   (0.019) 0.003 0.001 0.004 0.003 0.001 0.002 0.001 0.001 0.011 0.003 0.164 0.001 0.003 0.003 0.006 0.001 0.003 
 216   (0.018) 0.003 0.001 0.008 0.005 0.001 0.006 0.001 0.002 0.011 0.004 0.087 0.001 0.006 0.004 0.008 0.002 0.003 
 266   (0.014) 0.004 0.001 0.004 0.003 0.001 0.002 0.001 0.001 0.010 0.003 0.004 0.001 0.004 0.230 0.011 0.002 0.005 

Locus 4 : 
2 alleles
1.5% missing data
 137   (0.974) 0.996 0.999 0.984 0.997 0.999 0.997 0.999 0.998 0.986 0.996 0.993 0.999 0.993 0.989 0.976 0.998 0.902 
 139   (0.026) 0.004 0.001 0.016 0.003 0.001 0.003 0.001 0.002 0.014 0.004 0.007 0.001 0.007 0.011 0.024 0.002 0.098 

Locus 5 : 
17 alleles
11.8% missing data
 187   (0.280) 0.235 0.730 0.440 0.055 0.016 0.055 0.014 0.843 0.504 0.763 0.532 0.168 0.565 0.131 0.564 0.032 0.056 
 243   (0.044) 0.007 0.002 0.115 0.006 0.004 0.005 0.002 0.003 0.025 0.007 0.012 0.003 0.035 0.011 0.014 0.421 0.007 
 203   (0.087) 0.016 0.007 0.025 0.013 0.380 0.010 0.925 0.009 0.054 0.019 0.243 0.006 0.027 0.045 0.044 0.011 0.018 
 201   (0.121) 0.041 0.046 0.077 0.019 0.427 0.014 0.006 0.010 0.094 0.076 0.054 0.011 0.172 0.108 0.076 0.341 0.035 
 197   (0.068) 0.614 0.004 0.030 0.013 0.144 0.008 0.003 0.006 0.037 0.016 0.022 0.005 0.022 0.251 0.041 0.007 0.024 
 195   (0.065) 0.012 0.006 0.019 0.012 0.005 0.866 0.006 0.073 0.039 0.012 0.028 0.004 0.016 0.285 0.033 0.027 0.012 
 247   (0.022) 0.003 0.001 0.006 0.003 0.001 0.002 0.002 0.002 0.013 0.003 0.006 0.001 0.005 0.006 0.008 0.103 0.004 
 235   (0.029) 0.005 0.003 0.008 0.005 0.004 0.003 0.002 0.003 0.034 0.024 0.014 0.004 0.019 0.011 0.021 0.003 0.008 
 249   (0.027) 0.004 0.186 0.005 0.004 0.001 0.003 0.001 0.002 0.017 0.004 0.007 0.002 0.005 0.006 0.009 0.002 0.004 
 199   (0.052) 0.014 0.004 0.100 0.820 0.006 0.006 0.006 0.015 0.034 0.017 0.016 0.009 0.046 0.048 0.027 0.006 0.036 
 245   (0.025) 0.007 0.001 0.047 0.004 0.001 0.005 0.024 0.002 0.037 0.020 0.010 0.004 0.023 0.011 0.038 0.021 0.006 
 219   (0.035) 0.009 0.002 0.011 0.008 0.002 0.004 0.003 0.003 0.019 0.007 0.010 0.746 0.010 0.010 0.014 0.004 0.099 
 217   (0.026) 0.004 0.002 0.006 0.004 0.002 0.003 0.001 0.002 0.017 0.005 0.008 0.030 0.006 0.007 0.009 0.003 0.455 
 229   (0.024) 0.004 0.001 0.050 0.003 0.001 0.003 0.001 0.002 0.013 0.004 0.007 0.002 0.016 0.006 0.009 0.002 0.004 
 215   (0.035) 0.006 0.002 0.038 0.005 0.002 0.004 0.001 0.020 0.018 0.006 0.012 0.002 0.015 0.030 0.057 0.004 0.221 
 205   (0.029) 0.012 0.001 0.010 0.004 0.001 0.003 0.001 0.003 0.022 0.004 0.009 0.002 0.006 0.008 0.013 0.003 0.006 
 227   (0.032) 0.006 0.002 0.012 0.024 0.001 0.007 0.001 0.003 0.024 0.011 0.011 0.002 0.013 0.024 0.023 0.013 0.006 

Locus 6 : 
25 alleles
30.9% missing data
 214   (0.053) 0.034 0.003 0.034 0.017 0.005 0.013 0.121 0.006 0.046 0.019 0.023 0.007 0.020 0.026 0.051 0.211 0.069 
 222   (0.076) 0.128 0.006 0.027 0.019 0.035 0.014 0.089 0.009 0.092 0.095 0.029 0.012 0.066 0.020 0.063 0.485 0.021 
 206   (0.058) 0.017 0.006 0.259 0.046 0.008 0.012 0.364 0.024 0.057 0.053 0.029 0.011 0.105 0.019 0.057 0.008 0.020 
 218   (0.073) 0.020 0.005 0.244 0.034 0.010 0.026 0.365 0.082 0.145 0.112 0.032 0.147 0.087 0.033 0.217 0.015 0.022 
 216   (0.062) 0.017 0.007 0.033 0.018 0.402 0.012 0.003 0.031 0.055 0.033 0.329 0.140 0.027 0.023 0.067 0.008 0.024 
 208   (0.039) 0.134 0.003 0.018 0.010 0.208 0.006 0.002 0.005 0.024 0.014 0.041 0.006 0.016 0.015 0.024 0.005 0.010 
 238   (0.037) 0.008 0.543 0.012 0.103 0.165 0.006 0.002 0.003 0.026 0.016 0.013 0.005 0.016 0.013 0.022 0.004 0.017 
 204   (0.028) 0.378 0.002 0.007 0.006 0.002 0.004 0.001 0.003 0.018 0.007 0.008 0.003 0.006 0.006 0.012 0.003 0.006 
 234   (0.043) 0.011 0.003 0.019 0.016 0.008 0.007 0.003 0.133 0.067 0.053 0.076 0.007 0.045 0.013 0.057 0.005 0.013 
 242   (0.037) 0.019 0.002 0.012 0.008 0.005 0.005 0.002 0.004 0.045 0.169 0.067 0.005 0.121 0.009 0.023 0.004 0.009 
 210   (0.149) 0.077 0.397 0.179 0.603 0.046 0.498 0.012 0.652 0.139 0.150 0.067 0.114 0.258 0.510 0.167 0.031 0.057 
 246   (0.023) 0.012 0.002 0.019 0.006 0.004 0.006 0.012 0.003 0.023 0.013 0.009 0.008 0.022 0.008 0.018 0.003 0.013 
 258   (0.042) 0.009 0.003 0.014 0.014 0.034 0.007 0.002 0.006 0.066 0.047 0.016 0.009 0.025 0.012 0.046 0.005 0.013 
 240   (0.023) 0.009 0.001 0.007 0.005 0.040 0.004 0.001 0.002 0.013 0.007 0.008 0.004 0.007 0.006 0.013 0.004 0.007 
 256   (0.020) 0.004 0.001 0.005 0.004 0.002 0.003 0.002 0.002 0.011 0.004 0.006 0.002 0.004 0.004 0.009 0.120 0.004 
 254   (0.018) 0.004 0.001 0.005 0.005 0.002 0.003 0.001 0.002 0.011 0.004 0.006 0.003 0.005 0.005 0.008 0.052 0.005 
 236   (0.060) 0.024 0.004 0.026 0.025 0.005 0.347 0.006 0.006 0.050 0.022 0.094 0.492 0.024 0.021 0.040 0.019 0.015 
 248   (0.021) 0.014 0.001 0.013 0.009 0.002 0.003 0.002 0.002 0.017 0.143 0.007 0.003 0.098 0.005 0.008 0.002 0.006 
 252   (0.026) 0.006 0.002 0.021 0.006 0.002 0.004 0.003 0.002 0.020 0.009 0.009 0.004 0.012 0.007 0.018 0.004 0.007 
 224   (0.012) 0.003 0.001 0.013 0.005 0.002 0.002 0.001 0.006 0.009 0.004 0.081 0.003 0.005 0.021 0.019 0.002 0.061 
 230   (0.031) 0.014 0.002 0.011 0.008 0.004 0.004 0.002 0.003 0.020 0.007 0.011 0.006 0.009 0.008 0.019 0.003 0.336 
 228   (0.009) 0.004 0.001 0.003 0.003 0.007 0.006 0.001 0.001 0.006 0.004 0.019 0.001 0.005 0.017 0.006 0.001 0.003 
 266   (0.012) 0.003 0.001 0.004 0.003 0.001 0.002 0.001 0.001 0.008 0.003 0.005 0.002 0.003 0.070 0.007 0.001 0.004 
 212   (0.037) 0.047 0.002 0.011 0.009 0.003 0.006 0.002 0.009 0.022 0.008 0.012 0.005 0.010 0.009 0.016 0.004 0.248 
 232   (0.012) 0.002 0.001 0.003 0.016 0.001 0.003 0.001 0.001 0.010 0.002 0.004 0.001 0.004 0.121 0.012 0.001 0.010 

Locus 7 : 
7 alleles
1.5% missing data
 108   (0.652) 0.432 0.976 0.874 0.920 0.419 0.955 0.981 0.965 0.756 0.679 0.573 0.977 0.742 0.205 0.760 0.826 0.259 
 116   (0.033) 0.005 0.001 0.008 0.008 0.001 0.005 0.002 0.002 0.021 0.008 0.010 0.002 0.008 0.010 0.017 0.146 0.006 
 110   (0.142) 0.203 0.015 0.064 0.037 0.572 0.022 0.008 0.020 0.102 0.039 0.264 0.010 0.055 0.624 0.099 0.013 0.050 
 114   (0.068) 0.331 0.003 0.018 0.013 0.003 0.007 0.005 0.005 0.040 0.115 0.020 0.005 0.098 0.021 0.027 0.007 0.290 
 112   (0.061) 0.016 0.003 0.024 0.016 0.003 0.006 0.003 0.004 0.053 0.153 0.017 0.004 0.089 0.132 0.081 0.005 0.388 
 104   (0.022) 0.003 0.001 0.005 0.003 0.001 0.002 0.001 0.002 0.012 0.004 0.110 0.001 0.003 0.004 0.007 0.002 0.003 
 118   (0.022) 0.010 0.001 0.007 0.003 0.001 0.002 0.001 0.002 0.016 0.003 0.007 0.001 0.005 0.004 0.010 0.002 0.005 

Locus 8 : 
5 alleles
2.2% missing data
 160   (0.159) 0.075 0.066 0.273 0.427 0.007 0.023 0.537 0.242 0.104 0.040 0.052 0.045 0.096 0.144 0.088 0.385 0.037 
 162   (0.633) 0.444 0.912 0.599 0.321 0.982 0.110 0.454 0.728 0.744 0.879 0.603 0.919 0.776 0.773 0.764 0.598 0.810 
 164   (0.090) 0.456 0.006 0.034 0.020 0.004 0.820 0.004 0.011 0.069 0.022 0.132 0.012 0.023 0.022 0.049 0.008 0.017 
 166   (0.024) 0.005 0.004 0.009 0.006 0.001 0.003 0.001 0.002 0.016 0.006 0.012 0.006 0.007 0.004 0.013 0.002 0.004 
 158   (0.095) 0.020 0.012 0.085 0.226 0.006 0.045 0.004 0.018 0.066 0.053 0.201 0.018 0.097 0.056 0.085 0.008 0.132 

Locus 9 : 
4 alleles
0.0% missing data
 229   (0.493) 0.589 0.615 0.804 0.290 0.934 0.495 0.502 0.195 0.440 0.313 0.407 0.967 0.567 0.151 0.372 0.242 0.524 
 226   (0.355) 0.098 0.376 0.142 0.675 0.058 0.051 0.486 0.060 0.432 0.571 0.361 0.024 0.364 0.813 0.504 0.746 0.446 
 223   (0.128) 0.309 0.007 0.046 0.024 0.007 0.452 0.012 0.735 0.110 0.108 0.223 0.007 0.061 0.031 0.110 0.011 0.026 
 232   (0.024) 0.004 0.001 0.008 0.012 0.001 0.003 0.001 0.011 0.017 0.008 0.008 0.001 0.008 0.005 0.014 0.002 0.004 

Values of parameters used in structure:
DATAFILE=C:\Users\eschumacher\Documents\GitHub\Ten_Oaks\Data_Files\QUTO_wild\project_data,	OUTFILE=C:\Users\eschumacher\Documents\GitHub\Ten_Oaks\Data_Files\QUTO_wild\50-50\Results\50-50_run_85,	NUMINDS=136,	NUMLOCI=9,	MISSING=-9,	LABEL=1,	POPDATA=1,	POPFLAG=0,	PHENOTYPE=0,	EXTRACOLS=0,	MAXPOPS=17,	BURNIN=50000,	NUMREPS=50000,	USEPOPINFO=0,	INFERALPHA=1,	INFERLAMBDA=0,	POPSPECIFICLAMBDA=0,	POPALPHAS=0,	COMPUTEPROB=1,	NOADMIX=0,	ADMBURNIN=2500,	UPDATEFREQ=1,	PRINTLIKES=0,	INTERMEDSAVE=0,	PRINTKLD=0,	PRINTNET=0,	PRINTLAMBDA=0,	ANCESTDIST=0,	NUMBOXES=1000,	ANCESTPINT=0.90000,	GENSBACK=2,	MIGRPRIOR=0.05000,	PRINTQHAT=0,	PRINTQSUM=0,	ALPHA=1.0000,	FREQSCORR=1,	FPRIORMEAN=0.0100,	FPRIORSD=0.0500,	ONEFST=0,	LAMBDA=1.0000,	UNIFPRIORALPHA=1,	ALPHAMAX=10.0000,	ALPHAPRIORA=1.0000,	ALPHAPRIORB=2.0000,	ALPHAPROPSD=0.0250,	STARTATPOPINFO=0,	RANDOMIZE=1,	LINKAGE=0,	METROFREQ=10,	REPORTHITRATE=0,	MARKOVPHASE=-1,	PHASED=0,	PLOIDY=2,	PHASEINFO=0	LOCPRIOR=0, 	LOCPRIORINIT=1.000000, 	LOCDATA=0, 	LOCISPOP=0, 	LOCPRIORSTEP=0.100000, 	MAXLOCPRIOR=20.000000, 	SEED=1689805058,	
[STRAT parameters]:    NUMSIMSTATS=1000,	PHENOTYPECOL=-9,	POOLFREQ=10,	LOCUSxONLY=0,	EMERROR=0.00100,	MISSINGPHENO=-9,	