

----------------------------------------------------
STRUCTURE by Pritchard, Stephens and Donnelly (2000)
     and Falush, Stephens and Pritchard (2003)
       Code by Pritchard, Falush and Hubisz
             Version 2.3.4 (Jul 2012)
----------------------------------------------------



Command line arguments:   bin\structure -m C:\Users\eschumacher\Documents\GitHub\Ten_Oaks\Data_Files\QUTO_wild\50-50\mainparams -e C:\Users\eschumacher\Documents\GitHub\Ten_Oaks\Data_Files\QUTO_wild\50-50\extraparams 
Input File:    C:\Users\eschumacher\Documents\GitHub\Ten_Oaks\Data_Files\QUTO_wild\project_data

Run parameters:
   136 individuals
   9 loci
   18 populations assumed
   50000 Burn-in period
   50000 Reps


--------------------------------------------
Proportion of membership of each pre-defined
 population in each of the 18 clusters

Given    Inferred Clusters                                                                                                                Number of
 Pop       1      2      3      4      5      6      7      8      9     10     11     12     13     14     15     16     17     18      Individuals

  1:     0.019  0.025  0.013  0.012  0.009  0.017  0.166  0.022  0.018  0.015  0.017  0.365  0.019  0.012  0.071  0.144  0.015  0.040        1
  2:     0.007  0.005  0.432  0.005  0.005  0.004  0.009  0.008  0.005  0.006  0.006  0.007  0.011  0.006  0.005  0.007  0.463  0.010        4
  3:     0.760  0.004  0.008  0.006  0.011  0.006  0.027  0.017  0.014  0.007  0.009  0.022  0.027  0.016  0.013  0.025  0.007  0.021        4
  4:     0.038  0.009  0.005  0.542  0.004  0.007  0.058  0.007  0.008  0.012  0.011  0.101  0.013  0.005  0.016  0.133  0.007  0.022        5
  5:     0.132  0.026  0.141  0.012  0.016  0.052  0.059  0.124  0.011  0.017  0.019  0.084  0.058  0.013  0.066  0.070  0.065  0.034       71
  6:     0.004  0.004  0.004  0.027  0.005  0.003  0.006  0.005  0.010  0.882  0.005  0.011  0.005  0.007  0.004  0.008  0.004  0.006        2
  7:     0.010  0.622  0.014  0.006  0.030  0.006  0.041  0.007  0.005  0.009  0.043  0.034  0.014  0.020  0.005  0.073  0.026  0.035        5
  8:     0.011  0.016  0.010  0.076  0.016  0.040  0.065  0.054  0.069  0.068  0.201  0.027  0.018  0.041  0.008  0.078  0.012  0.190       10
  9:     0.079  0.010  0.015  0.116  0.017  0.020  0.046  0.025  0.046  0.030  0.413  0.015  0.042  0.047  0.010  0.030  0.007  0.033        8
 10:     0.012  0.043  0.117  0.134  0.039  0.017  0.069  0.006  0.029  0.012  0.016  0.044  0.043  0.313  0.015  0.033  0.017  0.041        9
 11:     0.012  0.005  0.012  0.034  0.551  0.007  0.028  0.011  0.033  0.026  0.006  0.014  0.082  0.081  0.044  0.017  0.011  0.026        3
 12:     0.043  0.569  0.006  0.010  0.006  0.009  0.033  0.012  0.025  0.017  0.032  0.025  0.013  0.007  0.028  0.037  0.018  0.111        1
 13:     0.006  0.056  0.033  0.007  0.022  0.007  0.035  0.010  0.027  0.074  0.008  0.055  0.032  0.515  0.007  0.059  0.014  0.033        3
 14:     0.005  0.042  0.015  0.055  0.005  0.009  0.055  0.007  0.005  0.182  0.040  0.113  0.099  0.007  0.005  0.302  0.010  0.043        1
 15:     0.005  0.005  0.004  0.004  0.904  0.003  0.005  0.021  0.004  0.008  0.005  0.005  0.005  0.005  0.004  0.005  0.004  0.005        2
 16:     0.009  0.029  0.022  0.008  0.009  0.007  0.032  0.025  0.012  0.479  0.025  0.044  0.060  0.060  0.010  0.117  0.028  0.023        4
 17:     0.006  0.003  0.004  0.004  0.004  0.004  0.005  0.004  0.883  0.007  0.004  0.006  0.005  0.007  0.038  0.006  0.004  0.006        3
--------------------------------------------

Allele-freq. divergence among pops (Net nucleotide distance),
computed using point estimates of P.

      1       2       3       4       5       6       7       8       9      10      11      12      13      14      15      16      17      18      
 1      -    0.3877  0.2603  0.2157  0.3244  0.2604  0.1013  0.1937  0.1315  0.2384  0.1373  0.1140  0.2488  0.1723  0.1594  0.1405  0.2553  0.1094  
 2   0.3877     -    0.3420  0.2651  0.2753  0.3006  0.1818  0.2782  0.3498  0.2295  0.1821  0.2102  0.2929  0.2926  0.3536  0.1700  0.2206  0.2065  
 3   0.2603  0.3420     -    0.1942  0.2476  0.3015  0.1293  0.2863  0.2432  0.2151  0.1754  0.1530  0.1235  0.2304  0.2866  0.1595  0.1718  0.1415  
 4   0.2157  0.2651  0.1942     -    0.2438  0.2097  0.1063  0.2491  0.1919  0.1683  0.1246  0.1520  0.1506  0.1712  0.2557  0.1333  0.2006  0.1107  
 5   0.3244  0.2753  0.2476  0.2438     -    0.2638  0.1456  0.1984  0.2629  0.1740  0.1748  0.1894  0.2006  0.1790  0.2975  0.1548  0.2205  0.1432  
 6   0.2604  0.3006  0.3015  0.2097  0.2638     -    0.1431  0.2956  0.2400  0.2832  0.1867  0.1654  0.2824  0.2320  0.2273  0.1726  0.2672  0.1463  
 7   0.1013  0.1818  0.1293  0.1063  0.1456  0.1431     -    0.1209  0.0904  0.0894  0.0515  0.0102  0.1066  0.1056  0.1080  0.0161  0.1151  0.0145  
 8   0.1937  0.2782  0.2863  0.2491  0.1984  0.2956  0.1209     -    0.2448  0.1340  0.1681  0.1366  0.2404  0.2109  0.2374  0.1079  0.2362  0.1470  
 9   0.1315  0.3498  0.2432  0.1919  0.2629  0.2400  0.0904  0.2448     -    0.1461  0.1355  0.1098  0.2058  0.1277  0.1729  0.1116  0.2041  0.0767  
10   0.2384  0.2295  0.2151  0.1683  0.1740  0.2832  0.0894  0.1340  0.1461     -    0.1012  0.1185  0.1474  0.1038  0.2539  0.0594  0.1708  0.0949  
11   0.1373  0.1821  0.1754  0.1246  0.1748  0.1867  0.0515  0.1681  0.1355  0.1012     -    0.0833  0.1476  0.1187  0.1839  0.0569  0.1690  0.0580  
12   0.1140  0.2102  0.1530  0.1520  0.1894  0.1654  0.0102  0.1366  0.1098  0.1185  0.0833     -    0.1497  0.1531  0.1031  0.0272  0.1468  0.0354  
13   0.2488  0.2929  0.1235  0.1506  0.2006  0.2824  0.1066  0.2404  0.2058  0.1474  0.1476  0.1497     -    0.1535  0.2778  0.1104  0.1242  0.1028  
14   0.1723  0.2926  0.2304  0.1712  0.1790  0.2320  0.1056  0.2109  0.1277  0.1038  0.1187  0.1531  0.1535     -    0.2625  0.1108  0.1733  0.0867  
15   0.1594  0.3536  0.2866  0.2557  0.2975  0.2273  0.1080  0.2374  0.1729  0.2539  0.1839  0.1031  0.2778  0.2625     -    0.1361  0.2704  0.1272  
16   0.1405  0.1700  0.1595  0.1333  0.1548  0.1726  0.0161  0.1079  0.1116  0.0594  0.0569  0.0272  0.1104  0.1108  0.1361     -    0.1237  0.0343  
17   0.2553  0.2206  0.1718  0.2006  0.2205  0.2672  0.1151  0.2362  0.2041  0.1708  0.1690  0.1468  0.1242  0.1733  0.2704  0.1237     -    0.1128  
18   0.1094  0.2065  0.1415  0.1107  0.1432  0.1463  0.0145  0.1470  0.0767  0.0949  0.0580  0.0354  0.1028  0.0867  0.1272  0.0343  0.1128     -    

Average distances (expected heterozygosity) between individuals in same cluster:
cluster  1  : 0.3034 
cluster  2  : 0.3333 
cluster  3  : 0.3096 
cluster  4  : 0.4960 
cluster  5  : 0.4200 
cluster  6  : 0.3270 
cluster  7  : 0.5334 
cluster  8  : 0.2399 
cluster  9  : 0.4363 
cluster 10  : 0.4360 
cluster 11  : 0.6139 
cluster 12  : 0.4213 
cluster 13  : 0.3835 
cluster 14  : 0.4650 
cluster 15  : 0.2200 
cluster 16  : 0.4673 
cluster 17  : 0.3951 
cluster 18  : 0.5732 

--------------------------------------------
Estimated Ln Prob of Data   = -2251.5
Mean value of ln likelihood = -1780.7
Variance of ln likelihood   = 941.6
Mean value of alpha         = 0.0355

Mean value of Fst_1         = 0.4903
Mean value of Fst_2         = 0.5410
Mean value of Fst_3         = 0.5047
Mean value of Fst_4         = 0.3387
Mean value of Fst_5         = 0.4212
Mean value of Fst_6         = 0.5482
Mean value of Fst_7         = 0.1904
Mean value of Fst_8         = 0.5985
Mean value of Fst_9         = 0.4030
Mean value of Fst_10         = 0.3638
Mean value of Fst_11         = 0.1809
Mean value of Fst_12         = 0.3175
Mean value of Fst_13         = 0.4350
Mean value of Fst_14         = 0.3242
Mean value of Fst_15         = 0.6400
Mean value of Fst_16         = 0.2797
Mean value of Fst_17         = 0.4423
Mean value of Fst_18         = 0.1783


Inferred ancestry of individuals:
        Label (%Miss) Pop:  Inferred clusters
  1 QTo-W-0007   (11)    1 :  0.019 0.025 0.013 0.012 0.009 0.017 0.166 0.022 0.018 0.015 0.017 0.365 0.019 0.012 0.071 0.144 0.015 0.040 
  2 QTo-W-0009    (0)    2 :  0.012 0.004 0.007 0.004 0.004 0.004 0.006 0.019 0.004 0.005 0.005 0.006 0.007 0.004 0.004 0.005 0.897 0.005 
  3 QTo-W-0010    (0)    2 :  0.005 0.007 0.797 0.009 0.006 0.004 0.019 0.005 0.007 0.008 0.011 0.011 0.022 0.009 0.005 0.012 0.036 0.026 
  4 QTo-W-0011    (0)    2 :  0.004 0.005 0.009 0.004 0.004 0.004 0.005 0.004 0.004 0.004 0.004 0.006 0.008 0.004 0.005 0.005 0.915 0.005 
  5 QTo-W-0012   (22)    2 :  0.005 0.003 0.916 0.004 0.004 0.003 0.006 0.004 0.005 0.005 0.004 0.007 0.008 0.005 0.004 0.005 0.005 0.005 
  6 QTo-W-0020   (22)    3 :  0.927 0.003 0.007 0.004 0.003 0.003 0.004 0.006 0.004 0.003 0.005 0.004 0.004 0.005 0.005 0.004 0.004 0.004 
  7 QTo-W-0021   (22)    3 :  0.827 0.004 0.006 0.006 0.005 0.012 0.013 0.015 0.012 0.006 0.009 0.014 0.006 0.008 0.023 0.016 0.006 0.010 
  8 QTo-W-0023   (22)    3 :  0.832 0.004 0.008 0.005 0.004 0.005 0.011 0.038 0.016 0.007 0.006 0.013 0.006 0.006 0.012 0.007 0.007 0.013 
  9 QTo-W-0024   (11)    3 :  0.454 0.004 0.012 0.007 0.030 0.006 0.080 0.009 0.024 0.014 0.014 0.056 0.093 0.044 0.012 0.074 0.013 0.055 
 10 QTo-W-0033    (0)    4 :  0.013 0.005 0.007 0.870 0.004 0.005 0.008 0.004 0.005 0.006 0.006 0.006 0.022 0.005 0.005 0.008 0.014 0.007 
 11 QTo-W-0035   (11)    4 :  0.006 0.006 0.007 0.901 0.004 0.007 0.006 0.005 0.005 0.006 0.005 0.006 0.007 0.005 0.006 0.005 0.005 0.006 
 12 QTo-W-0036    (0)    4 :  0.005 0.005 0.005 0.925 0.004 0.005 0.005 0.004 0.004 0.004 0.004 0.005 0.005 0.004 0.004 0.005 0.004 0.004 
 13 QTo-W-0039   (11)    4 :  0.109 0.011 0.005 0.006 0.006 0.012 0.144 0.015 0.016 0.011 0.010 0.253 0.015 0.007 0.044 0.282 0.005 0.049 
 14 QTo-W-0041    (0)    4 :  0.057 0.017 0.004 0.005 0.004 0.007 0.127 0.009 0.012 0.034 0.028 0.235 0.013 0.006 0.023 0.367 0.005 0.046 
 15 QTo-W-0044    (0)    5 :  0.010 0.023 0.005 0.004 0.006 0.098 0.008 0.033 0.005 0.007 0.005 0.005 0.015 0.109 0.004 0.010 0.642 0.011 
 16 QTo-W-0047    (0)    5 :  0.004 0.005 0.009 0.005 0.004 0.004 0.007 0.005 0.005 0.005 0.004 0.006 0.009 0.005 0.005 0.006 0.906 0.007 
 17 QTo-W-0048   (11)    5 :  0.005 0.007 0.011 0.005 0.006 0.005 0.008 0.006 0.006 0.005 0.005 0.010 0.012 0.005 0.006 0.007 0.885 0.007 
 18 QTo-W-0049    (0)    5 :  0.004 0.006 0.860 0.009 0.005 0.003 0.008 0.005 0.005 0.005 0.005 0.008 0.020 0.006 0.004 0.006 0.028 0.012 
 19 QTo-W-0050   (22)    5 :  0.024 0.006 0.032 0.114 0.060 0.007 0.028 0.439 0.009 0.100 0.022 0.017 0.044 0.012 0.011 0.032 0.017 0.027 
 20 QTo-W-0052    (0)    5 :  0.005 0.664 0.014 0.006 0.017 0.152 0.015 0.004 0.004 0.008 0.009 0.015 0.007 0.023 0.009 0.013 0.023 0.012 
 21 QTo-W-0054    (0)    5 :  0.005 0.003 0.922 0.004 0.004 0.003 0.006 0.004 0.004 0.004 0.004 0.006 0.007 0.004 0.005 0.005 0.005 0.004 
 22 QTo-W-0056    (0)    5 :  0.004 0.006 0.892 0.004 0.004 0.004 0.006 0.004 0.004 0.004 0.004 0.006 0.006 0.004 0.004 0.005 0.035 0.005 
 23 QTo-W-0057    (0)    5 :  0.004 0.009 0.734 0.007 0.005 0.004 0.007 0.004 0.005 0.006 0.005 0.006 0.062 0.007 0.004 0.009 0.116 0.007 
 24 QTo-W-0058    (0)    5 :  0.004 0.003 0.924 0.004 0.004 0.003 0.005 0.004 0.004 0.005 0.004 0.006 0.007 0.004 0.005 0.005 0.005 0.004 
 25 QTo-W-0059    (0)    5 :  0.024 0.023 0.559 0.005 0.009 0.088 0.018 0.082 0.005 0.006 0.009 0.013 0.010 0.046 0.006 0.012 0.071 0.013 
 26 QTo-W-0060    (0)    5 :  0.005 0.006 0.822 0.006 0.004 0.004 0.007 0.004 0.005 0.006 0.005 0.008 0.025 0.005 0.005 0.010 0.069 0.006 
 27 QTo-W-0061    (0)    5 :  0.034 0.010 0.458 0.006 0.007 0.008 0.089 0.008 0.026 0.010 0.019 0.119 0.012 0.012 0.028 0.083 0.006 0.066 
 28 QTo-W-0062   (11)    5 :  0.005 0.004 0.907 0.005 0.005 0.004 0.005 0.006 0.005 0.005 0.005 0.007 0.009 0.005 0.005 0.006 0.006 0.005 
 29 QTo-W-0065   (11)    5 :  0.046 0.004 0.694 0.004 0.006 0.014 0.027 0.010 0.029 0.008 0.011 0.039 0.009 0.013 0.038 0.017 0.007 0.025 
 30 QTo-W-0067    (0)    5 :  0.033 0.008 0.709 0.008 0.004 0.009 0.021 0.007 0.012 0.006 0.008 0.030 0.013 0.006 0.025 0.030 0.057 0.014 
 31 QTo-W-0071    (0)    5 :  0.015 0.009 0.006 0.006 0.013 0.007 0.081 0.010 0.010 0.024 0.013 0.194 0.021 0.007 0.015 0.510 0.012 0.049 
 32 QTo-W-0072    (0)    5 :  0.207 0.009 0.004 0.007 0.004 0.007 0.016 0.614 0.009 0.008 0.013 0.025 0.005 0.024 0.016 0.018 0.004 0.011 
 33 QTo-W-0075    (0)    5 :  0.767 0.009 0.004 0.005 0.009 0.013 0.030 0.056 0.005 0.005 0.006 0.022 0.009 0.008 0.017 0.014 0.006 0.015 
 34 QTo-W-0076   (11)    5 :  0.774 0.004 0.008 0.011 0.009 0.007 0.012 0.015 0.017 0.011 0.010 0.012 0.015 0.041 0.008 0.022 0.009 0.015 
 35 QTo-W-0077   (11)    5 :  0.318 0.005 0.035 0.017 0.006 0.007 0.080 0.045 0.013 0.009 0.015 0.132 0.087 0.009 0.017 0.028 0.144 0.033 
 36 QTo-W-0079    (0)    5 :  0.938 0.002 0.005 0.003 0.003 0.003 0.004 0.005 0.004 0.003 0.005 0.004 0.003 0.004 0.004 0.004 0.003 0.004 
 37 QTo-W-0080   (11)    5 :  0.156 0.010 0.136 0.011 0.006 0.009 0.117 0.007 0.021 0.016 0.088 0.101 0.030 0.034 0.019 0.148 0.009 0.081 
 38 QTo-W-0081   (11)    5 :  0.812 0.004 0.007 0.011 0.005 0.008 0.020 0.006 0.019 0.006 0.007 0.023 0.009 0.019 0.012 0.014 0.007 0.013 
 39 QTo-W-0082    (0)    5 :  0.746 0.004 0.014 0.005 0.007 0.006 0.018 0.009 0.010 0.011 0.015 0.029 0.010 0.013 0.007 0.072 0.007 0.016 
 40 QTo-W-0087    (0)    5 :  0.892 0.003 0.009 0.004 0.004 0.004 0.006 0.019 0.007 0.004 0.005 0.008 0.006 0.005 0.007 0.006 0.005 0.007 
 41 QTo-W-0088   (11)    5 :  0.879 0.004 0.012 0.004 0.004 0.005 0.009 0.008 0.009 0.005 0.005 0.011 0.008 0.006 0.008 0.007 0.007 0.008 
 42 QTo-W-0089   (11)    5 :  0.878 0.004 0.004 0.009 0.004 0.007 0.010 0.008 0.008 0.004 0.006 0.011 0.006 0.009 0.010 0.009 0.005 0.008 
 43 QTo-W-0090    (0)    5 :  0.754 0.004 0.007 0.025 0.005 0.008 0.022 0.008 0.012 0.008 0.009 0.015 0.029 0.011 0.012 0.034 0.022 0.018 
 44 QTo-W-0093   (11)    5 :  0.227 0.014 0.034 0.005 0.045 0.006 0.061 0.202 0.014 0.048 0.025 0.058 0.049 0.030 0.008 0.107 0.013 0.054 
 45 QTo-W-0098    (0)    5 :  0.007 0.007 0.012 0.004 0.013 0.005 0.014 0.853 0.006 0.007 0.006 0.017 0.010 0.008 0.008 0.009 0.010 0.007 
 46 QTo-W-0101   (11)    5 :  0.012 0.008 0.016 0.005 0.016 0.006 0.020 0.785 0.008 0.013 0.008 0.030 0.014 0.009 0.011 0.014 0.013 0.011 
 47 QTo-W-0114    (0)    5 :  0.013 0.005 0.004 0.004 0.004 0.006 0.010 0.886 0.006 0.005 0.004 0.012 0.004 0.005 0.012 0.009 0.004 0.006 
 48 QTo-W-0116   (11)    5 :  0.008 0.004 0.005 0.004 0.010 0.004 0.006 0.902 0.004 0.007 0.004 0.005 0.005 0.007 0.006 0.006 0.006 0.006 
 49 QTo-W-0117   (22)    5 :  0.010 0.005 0.008 0.005 0.009 0.005 0.007 0.876 0.006 0.011 0.005 0.007 0.007 0.007 0.008 0.008 0.008 0.007 
 50 QTo-W-0118    (0)    5 :  0.004 0.003 0.004 0.003 0.006 0.004 0.004 0.928 0.004 0.005 0.004 0.005 0.004 0.005 0.004 0.005 0.004 0.004 
 51 QTo-W-0121   (11)    5 :  0.033 0.004 0.005 0.005 0.007 0.004 0.012 0.815 0.006 0.009 0.005 0.010 0.041 0.009 0.006 0.010 0.010 0.010 
 52 QTo-W-0124   (11)    5 :  0.004 0.004 0.082 0.006 0.005 0.004 0.005 0.005 0.005 0.006 0.004 0.006 0.777 0.006 0.004 0.006 0.063 0.007 
 53 QTo-W-0128    (0)    5 :  0.004 0.003 0.058 0.004 0.004 0.003 0.005 0.004 0.004 0.004 0.003 0.005 0.805 0.006 0.003 0.005 0.074 0.005 
 54 QTo-W-0129    (0)    5 :  0.004 0.004 0.044 0.006 0.005 0.003 0.008 0.004 0.004 0.006 0.005 0.005 0.795 0.007 0.004 0.006 0.080 0.010 
 55 QTo-W-0131   (11)    5 :  0.037 0.004 0.037 0.112 0.014 0.025 0.213 0.006 0.023 0.010 0.054 0.070 0.066 0.019 0.012 0.097 0.019 0.182 
 56 QTo-W-0133   (11)    5 :  0.015 0.112 0.019 0.009 0.169 0.011 0.131 0.009 0.024 0.009 0.009 0.209 0.025 0.012 0.031 0.062 0.065 0.077 
 57 QTo-W-0137    (0)    5 :  0.032 0.006 0.006 0.005 0.016 0.008 0.076 0.079 0.019 0.023 0.021 0.166 0.036 0.015 0.010 0.402 0.015 0.063 
 58 QTo-W-0138    (0)    5 :  0.003 0.015 0.218 0.007 0.011 0.017 0.110 0.005 0.006 0.023 0.013 0.070 0.178 0.019 0.022 0.115 0.101 0.065 
 59 QTo-W-0139    (0)    5 :  0.004 0.015 0.004 0.004 0.004 0.907 0.005 0.004 0.004 0.004 0.004 0.006 0.003 0.004 0.008 0.005 0.010 0.005 
 60 QTo-W-0140   (22)    5 :  0.005 0.005 0.005 0.006 0.005 0.915 0.006 0.005 0.005 0.004 0.005 0.006 0.004 0.004 0.006 0.006 0.004 0.005 
 61 QTo-W-0142    (0)    5 :  0.005 0.004 0.003 0.004 0.004 0.925 0.005 0.004 0.004 0.003 0.004 0.005 0.003 0.004 0.010 0.005 0.003 0.004 
 62 QTo-W-0144    (0)    5 :  0.007 0.007 0.245 0.028 0.066 0.009 0.128 0.008 0.014 0.109 0.020 0.201 0.046 0.009 0.012 0.052 0.008 0.032 
 63 QTo-W-0149   (22)    5 :  0.008 0.004 0.005 0.005 0.005 0.007 0.008 0.006 0.111 0.004 0.005 0.009 0.006 0.005 0.794 0.006 0.005 0.008 
 64 QTo-W-0151   (11)    5 :  0.032 0.006 0.013 0.004 0.005 0.007 0.013 0.004 0.006 0.009 0.018 0.027 0.006 0.005 0.817 0.013 0.005 0.011 
 65 QTo-W-0153   (22)    5 :  0.007 0.004 0.005 0.004 0.004 0.006 0.006 0.006 0.006 0.004 0.005 0.007 0.005 0.004 0.912 0.006 0.005 0.006 
 66 QTo-W-0154    (0)    5 :  0.010 0.014 0.004 0.005 0.010 0.045 0.030 0.020 0.011 0.011 0.011 0.033 0.006 0.010 0.714 0.047 0.004 0.015 
 67 QTo-W-0159   (11)    5 :  0.007 0.053 0.016 0.006 0.016 0.012 0.110 0.034 0.011 0.023 0.012 0.237 0.011 0.014 0.012 0.384 0.007 0.038 
 68 QTo-W-0161   (11)    5 :  0.008 0.012 0.005 0.007 0.007 0.044 0.037 0.024 0.007 0.020 0.026 0.049 0.007 0.006 0.642 0.076 0.005 0.017 
 69 QTo-W-0162    (0)    5 :  0.022 0.013 0.004 0.030 0.057 0.011 0.157 0.168 0.008 0.079 0.113 0.057 0.033 0.017 0.035 0.123 0.006 0.066 
 70 QTo-W-0163   (11)    5 :  0.210 0.011 0.034 0.013 0.013 0.038 0.085 0.006 0.036 0.014 0.221 0.121 0.011 0.018 0.023 0.048 0.006 0.093 
 71 QTo-W-0167   (11)    5 :  0.018 0.096 0.011 0.037 0.025 0.008 0.041 0.256 0.007 0.126 0.023 0.048 0.014 0.008 0.009 0.095 0.155 0.022 
 72 QTo-W-0170    (0)    5 :  0.007 0.069 0.007 0.009 0.017 0.007 0.072 0.027 0.007 0.051 0.020 0.164 0.020 0.017 0.006 0.429 0.026 0.047 
 73 QTo-W-0171   (22)    5 :  0.014 0.007 0.074 0.033 0.062 0.014 0.125 0.014 0.018 0.034 0.030 0.076 0.156 0.014 0.021 0.229 0.011 0.068 
 74 QTo-W-0172   (22)    5 :  0.007 0.102 0.008 0.062 0.116 0.033 0.168 0.076 0.011 0.066 0.037 0.045 0.036 0.022 0.009 0.099 0.008 0.094 
 75 QTo-W-0173   (11)    5 :  0.009 0.045 0.009 0.006 0.006 0.011 0.086 0.018 0.010 0.026 0.012 0.199 0.009 0.007 0.014 0.482 0.017 0.033 
 76 QTo-W-0174    (0)    5 :  0.037 0.027 0.012 0.009 0.006 0.008 0.154 0.222 0.010 0.010 0.012 0.301 0.009 0.009 0.026 0.099 0.012 0.036 
 77 QTo-W-0175    (0)    5 :  0.012 0.005 0.093 0.007 0.014 0.006 0.197 0.007 0.015 0.015 0.013 0.172 0.113 0.013 0.030 0.161 0.019 0.108 
 78 QTo-W-0182   (22)    5 :  0.017 0.006 0.010 0.006 0.006 0.004 0.015 0.009 0.009 0.011 0.006 0.011 0.216 0.016 0.006 0.012 0.626 0.014 
 79 QTo-W-0184    (0)    5 :  0.032 0.036 0.010 0.046 0.008 0.010 0.167 0.027 0.013 0.040 0.199 0.125 0.025 0.074 0.017 0.074 0.015 0.084 
 80 QTo-W-0188    (0)    5 :  0.004 0.177 0.012 0.005 0.066 0.009 0.114 0.013 0.006 0.017 0.014 0.163 0.013 0.007 0.007 0.311 0.018 0.045 
 81 QTo-W-0192   (11)    5 :  0.009 0.005 0.010 0.005 0.005 0.006 0.244 0.008 0.009 0.007 0.006 0.618 0.006 0.006 0.011 0.011 0.025 0.011 
 82 QTo-W-0193    (0)    5 :  0.007 0.005 0.018 0.005 0.005 0.004 0.258 0.006 0.006 0.007 0.006 0.625 0.006 0.005 0.011 0.013 0.005 0.010 
 83 QTo-W-0194    (0)    5 :  0.006 0.005 0.016 0.004 0.004 0.004 0.250 0.006 0.006 0.006 0.005 0.634 0.005 0.004 0.012 0.008 0.017 0.008 
 84 QTo-W-0196   (11)    5 :  0.015 0.017 0.009 0.006 0.016 0.031 0.170 0.013 0.027 0.008 0.009 0.249 0.008 0.012 0.045 0.098 0.007 0.259 
 85 QTo-W-0197    (0)    5 :  0.099 0.012 0.006 0.004 0.016 0.016 0.162 0.010 0.018 0.007 0.007 0.207 0.029 0.013 0.031 0.109 0.006 0.248 
 86 QTo-W-0200   (11)    6 :  0.004 0.004 0.004 0.027 0.005 0.003 0.006 0.005 0.010 0.884 0.005 0.011 0.005 0.007 0.004 0.008 0.004 0.006 
 87 QTo-W-0201   (22)    6 :  0.004 0.005 0.003 0.026 0.005 0.003 0.006 0.006 0.011 0.881 0.006 0.012 0.005 0.007 0.004 0.007 0.004 0.005 
 88 QTo-W-0205    (0)    7 :  0.003 0.935 0.003 0.003 0.006 0.005 0.004 0.005 0.003 0.004 0.004 0.004 0.003 0.003 0.003 0.004 0.004 0.004 
 89 QTo-W-0208    (0)    7 :  0.039 0.149 0.051 0.014 0.017 0.016 0.069 0.011 0.012 0.016 0.172 0.034 0.031 0.086 0.007 0.069 0.109 0.099 
 90 QTo-W-0211    (0)    7 :  0.004 0.177 0.007 0.006 0.119 0.005 0.121 0.012 0.004 0.015 0.030 0.119 0.026 0.005 0.005 0.274 0.005 0.064 
 91 QTo-W-0212   (11)    7 :  0.003 0.930 0.005 0.004 0.004 0.004 0.005 0.004 0.003 0.004 0.004 0.005 0.005 0.004 0.004 0.005 0.006 0.004 
 92 QTo-W-0213    (0)    7 :  0.003 0.918 0.004 0.004 0.004 0.003 0.006 0.004 0.003 0.004 0.007 0.007 0.004 0.003 0.003 0.012 0.005 0.005 
 93 QTo-W-0216   (11)    8 :  0.007 0.004 0.007 0.005 0.005 0.005 0.017 0.005 0.288 0.053 0.006 0.011 0.009 0.012 0.007 0.007 0.013 0.538 
 94 QTo-W-0220    (0)    8 :  0.005 0.004 0.008 0.005 0.005 0.004 0.021 0.004 0.276 0.051 0.013 0.008 0.007 0.011 0.005 0.008 0.023 0.542 
 95 QTo-W-0224   (11)    8 :  0.009 0.007 0.026 0.068 0.064 0.041 0.081 0.017 0.012 0.146 0.039 0.021 0.022 0.217 0.008 0.100 0.039 0.082 
 96 QTo-W-0225   (11)    8 :  0.007 0.019 0.017 0.005 0.004 0.004 0.009 0.005 0.007 0.012 0.833 0.010 0.008 0.007 0.005 0.017 0.007 0.026 
 97 QTo-W-0227   (11)    8 :  0.014 0.005 0.007 0.065 0.029 0.013 0.058 0.007 0.042 0.117 0.024 0.024 0.024 0.106 0.011 0.043 0.010 0.402 
 98 QTo-W-0229    (0)    8 :  0.031 0.004 0.008 0.004 0.003 0.005 0.007 0.003 0.007 0.015 0.843 0.006 0.004 0.009 0.005 0.010 0.003 0.030 
 99 QTo-W-0231    (0)    8 :  0.008 0.037 0.005 0.231 0.008 0.007 0.266 0.003 0.022 0.005 0.071 0.005 0.050 0.012 0.003 0.087 0.007 0.173 
100 QTo-W-0238   (22)    8 :  0.008 0.042 0.008 0.014 0.011 0.042 0.049 0.022 0.014 0.178 0.063 0.114 0.014 0.020 0.015 0.347 0.008 0.031 
101 QTo-W-0240    (0)    8 :  0.007 0.027 0.008 0.346 0.009 0.016 0.116 0.017 0.015 0.085 0.048 0.053 0.039 0.010 0.011 0.133 0.009 0.051 
102 QTo-W-0242    (0)    8 :  0.009 0.012 0.003 0.017 0.021 0.262 0.026 0.457 0.007 0.013 0.072 0.019 0.007 0.006 0.008 0.028 0.004 0.029 
103 QTo-W-0244    (0)    9 :  0.008 0.009 0.003 0.646 0.015 0.010 0.015 0.039 0.009 0.102 0.022 0.012 0.007 0.041 0.005 0.043 0.003 0.010 
104 QTo-W-0245   (11)    9 :  0.012 0.010 0.005 0.182 0.014 0.020 0.065 0.011 0.006 0.076 0.433 0.013 0.026 0.027 0.012 0.038 0.011 0.038 
105 QTo-W-0251    (0)    9 :  0.315 0.012 0.004 0.006 0.044 0.005 0.047 0.085 0.319 0.006 0.009 0.040 0.014 0.010 0.013 0.026 0.004 0.039 
106 QTo-W-0253    (0)    9 :  0.016 0.008 0.003 0.005 0.005 0.007 0.029 0.021 0.007 0.016 0.797 0.006 0.011 0.023 0.004 0.013 0.005 0.024 
107 QTo-W-0256   (11)    9 :  0.083 0.006 0.057 0.027 0.006 0.006 0.042 0.007 0.009 0.009 0.369 0.012 0.229 0.040 0.007 0.029 0.014 0.048 
108 QTo-W-0258    (0)    9 :  0.177 0.004 0.034 0.025 0.007 0.030 0.067 0.005 0.010 0.012 0.240 0.008 0.035 0.226 0.007 0.044 0.006 0.064 
109 QTo-W-0259    (0)    9 :  0.015 0.009 0.006 0.015 0.010 0.047 0.039 0.025 0.004 0.005 0.751 0.009 0.006 0.004 0.021 0.015 0.004 0.015 
110 QTo-W-0260   (22)    9 :  0.005 0.020 0.005 0.019 0.032 0.033 0.066 0.011 0.005 0.011 0.686 0.018 0.011 0.004 0.011 0.035 0.005 0.023 
111 QTo-W-0274   (11)   10 :  0.011 0.004 0.005 0.005 0.006 0.005 0.015 0.006 0.014 0.010 0.024 0.008 0.007 0.845 0.006 0.009 0.006 0.015 
112 QTo-W-0275    (0)   10 :  0.004 0.010 0.272 0.078 0.102 0.006 0.073 0.006 0.100 0.022 0.010 0.070 0.089 0.023 0.050 0.029 0.015 0.040 
113 QTo-W-0278    (0)   10 :  0.040 0.084 0.009 0.035 0.088 0.025 0.131 0.007 0.031 0.019 0.023 0.195 0.026 0.095 0.033 0.043 0.009 0.107 
114 QTo-W-0283   (11)   10 :  0.011 0.115 0.037 0.556 0.008 0.009 0.077 0.006 0.007 0.011 0.017 0.024 0.016 0.013 0.006 0.021 0.035 0.033 
115 QTo-W-0284    (0)   10 :  0.009 0.146 0.019 0.476 0.010 0.011 0.095 0.007 0.069 0.009 0.011 0.018 0.024 0.019 0.006 0.028 0.017 0.026 
116 QTo-W-0287   (22)   10 :  0.011 0.004 0.007 0.010 0.005 0.007 0.006 0.005 0.008 0.009 0.006 0.005 0.008 0.884 0.005 0.006 0.008 0.008 
117 QTo-W-0289   (22)   10 :  0.008 0.005 0.007 0.005 0.007 0.005 0.007 0.007 0.008 0.010 0.005 0.006 0.008 0.885 0.005 0.007 0.008 0.007 
118 QTo-W-0293    (0)   10 :  0.004 0.005 0.015 0.012 0.116 0.025 0.195 0.005 0.013 0.011 0.025 0.012 0.197 0.047 0.016 0.138 0.045 0.118 
119 QTo-W-0295   (11)   10 :  0.007 0.017 0.678 0.028 0.010 0.064 0.026 0.005 0.009 0.011 0.021 0.055 0.016 0.007 0.008 0.020 0.006 0.013 
120 QTo-W-0296   (11)   11 :  0.006 0.004 0.012 0.006 0.805 0.008 0.009 0.010 0.006 0.006 0.005 0.012 0.012 0.007 0.067 0.008 0.008 0.008 
121 QTo-W-0298    (0)   11 :  0.005 0.005 0.008 0.005 0.834 0.009 0.008 0.008 0.005 0.005 0.005 0.009 0.008 0.008 0.058 0.007 0.006 0.007 
122 QTo-W-0300   (11)   11 :  0.024 0.005 0.017 0.092 0.013 0.005 0.066 0.013 0.088 0.067 0.009 0.021 0.225 0.228 0.008 0.037 0.020 0.061 
123 QTo-W-0302    (0)   12 :  0.043 0.569 0.006 0.010 0.006 0.009 0.033 0.012 0.025 0.017 0.032 0.025 0.013 0.007 0.028 0.037 0.018 0.111 
124 QTo-W-0305    (0)   13 :  0.006 0.005 0.005 0.009 0.018 0.011 0.012 0.005 0.030 0.031 0.006 0.007 0.010 0.790 0.005 0.014 0.007 0.030 
125 QTo-W-0308   (11)   13 :  0.007 0.006 0.006 0.006 0.028 0.007 0.013 0.008 0.042 0.044 0.008 0.009 0.013 0.732 0.006 0.023 0.009 0.034 
126 QTo-W-0309   (11)   13 :  0.004 0.158 0.087 0.007 0.020 0.005 0.079 0.016 0.008 0.148 0.011 0.148 0.074 0.022 0.010 0.140 0.027 0.037 
127 QTo-W-0311    (0)   14 :  0.005 0.042 0.015 0.055 0.005 0.009 0.055 0.007 0.005 0.182 0.040 0.113 0.099 0.007 0.005 0.302 0.010 0.043 
128 QTo-W-0312    (0)   15 :  0.006 0.005 0.003 0.004 0.891 0.003 0.005 0.035 0.003 0.007 0.005 0.005 0.004 0.005 0.003 0.006 0.004 0.005 
129 QTo-W-0315   (11)   15 :  0.004 0.005 0.004 0.005 0.916 0.003 0.005 0.006 0.004 0.009 0.005 0.004 0.005 0.005 0.004 0.005 0.004 0.005 
130 QTo-W-0318    (0)   16 :  0.004 0.032 0.016 0.007 0.012 0.010 0.015 0.020 0.011 0.622 0.008 0.018 0.011 0.093 0.006 0.097 0.007 0.012 
131 QTo-W-0322   (11)   16 :  0.005 0.012 0.010 0.009 0.007 0.007 0.010 0.016 0.012 0.695 0.008 0.009 0.011 0.073 0.005 0.096 0.008 0.007 
132 QTo-W-0326   (22)   16 :  0.006 0.033 0.024 0.011 0.008 0.006 0.045 0.046 0.013 0.297 0.017 0.061 0.146 0.039 0.009 0.146 0.065 0.027 
133 QTo-W-0327   (11)   16 :  0.022 0.039 0.038 0.008 0.009 0.005 0.060 0.020 0.010 0.301 0.068 0.088 0.073 0.035 0.019 0.129 0.032 0.046 
134 QTo-W-0328    (0)   17 :  0.005 0.003 0.004 0.004 0.003 0.004 0.005 0.004 0.823 0.007 0.004 0.006 0.004 0.006 0.101 0.005 0.004 0.006 
135 QTo-W-0329    (0)   17 :  0.005 0.003 0.004 0.004 0.004 0.004 0.004 0.004 0.927 0.006 0.004 0.005 0.004 0.005 0.005 0.005 0.004 0.005 
136 QTo-W-0330   (11)   17 :  0.008 0.003 0.005 0.005 0.004 0.005 0.006 0.005 0.900 0.008 0.005 0.006 0.006 0.008 0.006 0.007 0.005 0.007 


Estimated Allele Frequencies in each cluster
First column gives estimated ancestral frequencies


Locus 1 : 
4 alleles
0.7% missing data
 149   (0.843) 0.993 0.205 0.994 0.901 0.585 0.968 0.900 0.994 0.974 0.968 0.446 0.973 0.967 0.972 0.990 0.948 0.984 0.915 
 147   (0.067) 0.003 0.237 0.003 0.020 0.395 0.021 0.037 0.003 0.011 0.012 0.099 0.010 0.012 0.011 0.004 0.017 0.007 0.032 
 155   (0.055) 0.002 0.555 0.002 0.069 0.014 0.006 0.039 0.002 0.010 0.011 0.019 0.012 0.011 0.010 0.003 0.024 0.006 0.031 
 161   (0.035) 0.002 0.003 0.002 0.010 0.006 0.004 0.024 0.001 0.005 0.009 0.436 0.005 0.010 0.007 0.002 0.010 0.003 0.022 

Locus 2 : 
6 alleles
12.5% missing data
 179   (0.395) 0.967 0.033 0.059 0.074 0.074 0.704 0.547 0.232 0.878 0.171 0.393 0.752 0.094 0.406 0.948 0.454 0.048 0.613 
 176   (0.145) 0.006 0.925 0.148 0.057 0.032 0.200 0.105 0.011 0.027 0.069 0.072 0.079 0.040 0.050 0.011 0.164 0.864 0.087 
 173   (0.227) 0.016 0.018 0.762 0.769 0.058 0.050 0.194 0.013 0.048 0.147 0.254 0.099 0.809 0.116 0.021 0.180 0.060 0.163 
 164   (0.028) 0.001 0.002 0.022 0.005 0.004 0.004 0.014 0.001 0.005 0.010 0.013 0.005 0.008 0.008 0.002 0.008 0.006 0.015 
 182   (0.150) 0.007 0.016 0.006 0.082 0.823 0.032 0.096 0.741 0.032 0.579 0.076 0.045 0.038 0.296 0.013 0.174 0.017 0.087 
 170   (0.055) 0.003 0.005 0.002 0.012 0.008 0.010 0.044 0.003 0.010 0.024 0.192 0.018 0.011 0.124 0.005 0.021 0.006 0.034 

Locus 3 : 
17 alleles
0.0% missing data
 220   (0.159) 0.007 0.522 0.096 0.348 0.047 0.031 0.148 0.008 0.087 0.110 0.101 0.133 0.432 0.200 0.017 0.111 0.409 0.262 
 222   (0.170) 0.226 0.022 0.018 0.086 0.221 0.544 0.172 0.011 0.360 0.111 0.280 0.176 0.068 0.196 0.135 0.334 0.020 0.137 
 218   (0.176) 0.166 0.020 0.682 0.077 0.030 0.023 0.217 0.008 0.423 0.308 0.119 0.272 0.355 0.263 0.018 0.123 0.397 0.239 
 226   (0.062) 0.565 0.006 0.005 0.011 0.012 0.020 0.041 0.940 0.015 0.015 0.102 0.024 0.014 0.018 0.005 0.021 0.123 0.032 
 258   (0.059) 0.008 0.017 0.004 0.013 0.283 0.009 0.078 0.002 0.014 0.015 0.024 0.053 0.046 0.014 0.006 0.117 0.008 0.057 
 224   (0.059) 0.003 0.008 0.003 0.371 0.204 0.007 0.030 0.011 0.010 0.191 0.032 0.012 0.013 0.011 0.004 0.019 0.010 0.027 
 228   (0.069) 0.014 0.384 0.006 0.013 0.035 0.012 0.130 0.007 0.043 0.035 0.025 0.155 0.023 0.015 0.013 0.199 0.009 0.102 
 256   (0.024) 0.001 0.002 0.177 0.004 0.003 0.002 0.010 0.001 0.004 0.004 0.007 0.004 0.004 0.004 0.002 0.006 0.002 0.011 
 264   (0.016) 0.001 0.001 0.001 0.002 0.002 0.321 0.006 0.001 0.002 0.002 0.004 0.002 0.003 0.002 0.001 0.004 0.002 0.005 
 230   (0.031) 0.001 0.002 0.001 0.005 0.123 0.004 0.014 0.001 0.005 0.005 0.009 0.005 0.005 0.005 0.784 0.007 0.003 0.013 
 260   (0.032) 0.001 0.003 0.001 0.039 0.007 0.004 0.028 0.004 0.007 0.014 0.021 0.009 0.010 0.006 0.003 0.019 0.004 0.024 
 262   (0.022) 0.001 0.005 0.001 0.007 0.011 0.005 0.013 0.002 0.004 0.007 0.008 0.005 0.004 0.005 0.002 0.009 0.002 0.013 
 234   (0.031) 0.001 0.002 0.001 0.004 0.004 0.003 0.064 0.001 0.005 0.005 0.009 0.133 0.005 0.005 0.002 0.006 0.003 0.015 
 232   (0.032) 0.001 0.002 0.001 0.009 0.006 0.004 0.017 0.001 0.007 0.166 0.010 0.006 0.004 0.010 0.002 0.008 0.003 0.038 
 250   (0.019) 0.001 0.001 0.001 0.003 0.003 0.002 0.010 0.001 0.003 0.003 0.159 0.003 0.002 0.003 0.001 0.006 0.002 0.008 
 216   (0.018) 0.001 0.002 0.001 0.003 0.006 0.006 0.014 0.001 0.003 0.004 0.084 0.004 0.004 0.003 0.002 0.006 0.002 0.009 
 266   (0.021) 0.001 0.001 0.001 0.005 0.003 0.002 0.010 0.001 0.008 0.006 0.006 0.003 0.007 0.239 0.001 0.005 0.002 0.010 

Locus 4 : 
2 alleles
1.5% missing data
 137   (0.974) 0.999 0.998 0.999 0.996 0.997 0.997 0.989 0.999 0.953 0.990 0.993 0.996 0.996 0.996 0.998 0.994 0.997 0.901 
 139   (0.026) 0.001 0.002 0.001 0.004 0.003 0.003 0.011 0.001 0.047 0.010 0.007 0.004 0.004 0.004 0.002 0.006 0.003 0.099 

Locus 5 : 
17 alleles
11.8% missing data
 187   (0.267) 0.016 0.860 0.012 0.236 0.052 0.054 0.398 0.738 0.053 0.843 0.538 0.551 0.104 0.137 0.181 0.656 0.049 0.200 
 243   (0.045) 0.004 0.003 0.002 0.008 0.006 0.005 0.058 0.002 0.008 0.007 0.013 0.103 0.017 0.012 0.004 0.010 0.591 0.023 
 203   (0.091) 0.378 0.009 0.929 0.016 0.013 0.010 0.053 0.006 0.017 0.015 0.241 0.022 0.026 0.046 0.007 0.030 0.015 0.061 
 201   (0.097) 0.430 0.008 0.009 0.033 0.014 0.011 0.133 0.036 0.026 0.019 0.041 0.087 0.662 0.067 0.014 0.077 0.064 0.109 
 197   (0.083) 0.144 0.007 0.003 0.615 0.012 0.009 0.044 0.004 0.019 0.025 0.025 0.015 0.019 0.265 0.006 0.023 0.010 0.100 
 195   (0.067) 0.004 0.056 0.006 0.012 0.011 0.868 0.034 0.005 0.012 0.011 0.027 0.011 0.015 0.343 0.005 0.019 0.058 0.040 
 247   (0.021) 0.001 0.002 0.001 0.003 0.003 0.002 0.012 0.001 0.003 0.003 0.006 0.003 0.004 0.005 0.001 0.004 0.155 0.010 
 235   (0.028) 0.004 0.002 0.002 0.005 0.005 0.004 0.020 0.003 0.008 0.006 0.014 0.019 0.011 0.012 0.003 0.036 0.004 0.022 
 249   (0.023) 0.001 0.002 0.001 0.004 0.003 0.002 0.011 0.189 0.004 0.003 0.006 0.004 0.004 0.006 0.002 0.006 0.003 0.012 
 199   (0.062) 0.006 0.017 0.007 0.016 0.832 0.008 0.069 0.004 0.048 0.015 0.020 0.078 0.021 0.032 0.015 0.026 0.010 0.051 
 245   (0.028) 0.001 0.003 0.019 0.005 0.005 0.004 0.045 0.001 0.006 0.008 0.010 0.035 0.048 0.012 0.007 0.048 0.013 0.031 
 219   (0.042) 0.002 0.003 0.003 0.010 0.008 0.004 0.021 0.002 0.143 0.006 0.011 0.008 0.009 0.012 0.718 0.012 0.005 0.020 
 217   (0.024) 0.002 0.002 0.001 0.004 0.004 0.003 0.014 0.001 0.534 0.004 0.007 0.004 0.006 0.007 0.026 0.003 0.003 0.014 
 229   (0.022) 0.001 0.002 0.001 0.004 0.003 0.002 0.025 0.001 0.004 0.004 0.007 0.042 0.005 0.006 0.002 0.005 0.003 0.010 
 215   (0.036) 0.002 0.018 0.002 0.007 0.005 0.004 0.016 0.002 0.103 0.021 0.012 0.006 0.008 0.011 0.004 0.009 0.007 0.252 
 205   (0.026) 0.001 0.003 0.001 0.015 0.004 0.003 0.018 0.001 0.006 0.004 0.010 0.004 0.006 0.007 0.002 0.008 0.003 0.017 
 227   (0.039) 0.002 0.003 0.002 0.007 0.020 0.006 0.029 0.002 0.008 0.006 0.013 0.006 0.036 0.019 0.004 0.027 0.008 0.027 

Locus 6 : 
25 alleles
30.9% missing data
 214   (0.079) 0.007 0.009 0.111 0.046 0.024 0.015 0.054 0.004 0.043 0.029 0.033 0.020 0.023 0.030 0.010 0.032 0.327 0.123 
 222   (0.059) 0.026 0.007 0.074 0.130 0.016 0.010 0.046 0.004 0.016 0.029 0.022 0.047 0.398 0.014 0.012 0.124 0.471 0.042 
 206   (0.051) 0.007 0.025 0.380 0.015 0.044 0.010 0.131 0.006 0.016 0.016 0.026 0.238 0.019 0.012 0.012 0.088 0.009 0.045 
 218   (0.067) 0.009 0.088 0.374 0.020 0.032 0.031 0.134 0.005 0.020 0.160 0.030 0.230 0.048 0.043 0.139 0.114 0.021 0.065 
 216   (0.049) 0.414 0.026 0.003 0.014 0.015 0.009 0.039 0.006 0.016 0.036 0.325 0.023 0.017 0.020 0.135 0.033 0.009 0.056 
 208   (0.044) 0.210 0.006 0.002 0.126 0.011 0.007 0.030 0.003 0.010 0.015 0.048 0.015 0.012 0.014 0.006 0.017 0.007 0.027 
 238   (0.039) 0.165 0.004 0.002 0.009 0.114 0.007 0.024 0.551 0.017 0.009 0.014 0.014 0.011 0.009 0.005 0.025 0.005 0.027 
 204   (0.019) 0.001 0.002 0.001 0.392 0.004 0.003 0.009 0.001 0.004 0.005 0.006 0.004 0.005 0.004 0.002 0.005 0.002 0.010 
 234   (0.041) 0.008 0.128 0.003 0.010 0.015 0.006 0.040 0.003 0.011 0.014 0.073 0.050 0.012 0.011 0.008 0.107 0.007 0.034 
 242   (0.042) 0.005 0.006 0.002 0.014 0.010 0.006 0.029 0.002 0.010 0.251 0.067 0.030 0.011 0.009 0.006 0.057 0.006 0.028 
 210   (0.168) 0.050 0.653 0.012 0.090 0.609 0.495 0.224 0.394 0.060 0.100 0.077 0.184 0.052 0.525 0.142 0.163 0.064 0.238 
 246   (0.031) 0.005 0.003 0.010 0.014 0.009 0.006 0.029 0.002 0.012 0.008 0.014 0.022 0.009 0.008 0.007 0.019 0.005 0.031 
 258   (0.023) 0.026 0.004 0.001 0.006 0.007 0.004 0.022 0.002 0.007 0.011 0.010 0.035 0.008 0.006 0.004 0.093 0.004 0.020 
 240   (0.023) 0.039 0.002 0.001 0.008 0.006 0.004 0.013 0.002 0.007 0.006 0.009 0.006 0.008 0.006 0.004 0.008 0.005 0.014 
 256   (0.024) 0.002 0.002 0.006 0.005 0.005 0.003 0.012 0.001 0.005 0.004 0.007 0.004 0.196 0.005 0.002 0.006 0.010 0.010 
 254   (0.013) 0.001 0.001 0.002 0.004 0.003 0.002 0.007 0.001 0.003 0.003 0.004 0.003 0.084 0.003 0.002 0.004 0.006 0.008 
 236   (0.060) 0.005 0.006 0.005 0.021 0.025 0.355 0.045 0.004 0.013 0.019 0.093 0.020 0.041 0.016 0.479 0.037 0.015 0.043 
 248   (0.021) 0.002 0.002 0.003 0.009 0.009 0.003 0.015 0.001 0.006 0.241 0.007 0.015 0.006 0.005 0.003 0.008 0.003 0.011 
 252   (0.010) 0.001 0.001 0.002 0.002 0.004 0.002 0.017 0.001 0.004 0.003 0.004 0.012 0.009 0.003 0.003 0.013 0.003 0.011 
 224   (0.032) 0.004 0.008 0.002 0.008 0.009 0.005 0.020 0.002 0.033 0.013 0.079 0.008 0.008 0.014 0.004 0.013 0.010 0.090 
 230   (0.032) 0.004 0.004 0.001 0.017 0.009 0.004 0.021 0.002 0.372 0.006 0.012 0.007 0.008 0.007 0.005 0.010 0.004 0.021 
 228   (0.022) 0.007 0.002 0.001 0.007 0.006 0.006 0.012 0.001 0.005 0.005 0.021 0.004 0.006 0.022 0.003 0.009 0.003 0.014 
 266   (0.021) 0.002 0.002 0.001 0.005 0.005 0.003 0.009 0.001 0.006 0.005 0.008 0.004 0.004 0.073 0.003 0.006 0.003 0.014 
 212   (0.015) 0.001 0.004 0.001 0.027 0.004 0.002 0.010 0.001 0.295 0.003 0.005 0.003 0.003 0.003 0.002 0.004 0.002 0.007 
 232   (0.013) 0.001 0.001 0.001 0.003 0.005 0.002 0.007 0.001 0.008 0.007 0.004 0.002 0.002 0.138 0.002 0.004 0.002 0.010 

Locus 7 : 
7 alleles
1.5% missing data
 108   (0.645) 0.416 0.965 0.982 0.425 0.935 0.957 0.792 0.977 0.203 0.469 0.564 0.924 0.890 0.163 0.974 0.869 0.776 0.699 
 116   (0.040) 0.002 0.003 0.002 0.007 0.011 0.005 0.022 0.002 0.007 0.007 0.012 0.006 0.025 0.010 0.003 0.014 0.190 0.021 
 110   (0.142) 0.575 0.019 0.007 0.202 0.027 0.020 0.101 0.015 0.051 0.038 0.270 0.040 0.040 0.668 0.011 0.057 0.016 0.107 
 114   (0.064) 0.003 0.005 0.004 0.336 0.011 0.007 0.033 0.002 0.353 0.177 0.019 0.013 0.022 0.018 0.005 0.018 0.006 0.032 
 112   (0.066) 0.003 0.005 0.003 0.014 0.010 0.006 0.029 0.002 0.377 0.302 0.018 0.011 0.015 0.134 0.004 0.030 0.007 0.116 
 104   (0.022) 0.001 0.002 0.001 0.003 0.003 0.002 0.009 0.001 0.004 0.004 0.108 0.003 0.005 0.004 0.001 0.005 0.002 0.012 
 118   (0.022) 0.001 0.002 0.001 0.014 0.003 0.002 0.014 0.001 0.005 0.003 0.008 0.003 0.004 0.004 0.001 0.007 0.002 0.013 

Locus 8 : 
5 alleles
2.2% missing data
 160   (0.165) 0.007 0.235 0.545 0.069 0.404 0.022 0.174 0.061 0.040 0.038 0.053 0.232 0.340 0.149 0.067 0.062 0.355 0.095 
 162   (0.638) 0.983 0.735 0.447 0.445 0.330 0.111 0.661 0.920 0.873 0.894 0.610 0.689 0.616 0.800 0.887 0.833 0.624 0.579 
 164   (0.082) 0.003 0.010 0.003 0.463 0.019 0.819 0.061 0.005 0.015 0.021 0.133 0.016 0.019 0.022 0.012 0.032 0.009 0.051 
 166   (0.022) 0.001 0.002 0.001 0.005 0.007 0.003 0.014 0.004 0.004 0.007 0.013 0.005 0.005 0.004 0.007 0.009 0.002 0.012 
 158   (0.093) 0.006 0.017 0.004 0.018 0.240 0.046 0.089 0.010 0.068 0.040 0.191 0.058 0.020 0.024 0.026 0.064 0.010 0.263 

Locus 9 : 
4 alleles
0.0% missing data
 229   (0.487) 0.939 0.180 0.505 0.583 0.270 0.494 0.658 0.616 0.552 0.128 0.411 0.782 0.164 0.129 0.963 0.469 0.367 0.519 
 226   (0.364) 0.053 0.063 0.483 0.083 0.696 0.050 0.253 0.377 0.420 0.722 0.358 0.171 0.804 0.835 0.027 0.436 0.618 0.393 
 223   (0.126) 0.007 0.747 0.011 0.331 0.021 0.454 0.074 0.006 0.025 0.146 0.223 0.039 0.027 0.032 0.009 0.078 0.013 0.075 
 232   (0.024) 0.001 0.010 0.001 0.004 0.012 0.002 0.015 0.001 0.004 0.004 0.008 0.008 0.005 0.004 0.001 0.017 0.002 0.013 

Values of parameters used in structure:
DATAFILE=C:\Users\eschumacher\Documents\GitHub\Ten_Oaks\Data_Files\QUTO_wild\project_data,	OUTFILE=C:\Users\eschumacher\Documents\GitHub\Ten_Oaks\Data_Files\QUTO_wild\50-50\Results\50-50_run_90,	NUMINDS=136,	NUMLOCI=9,	MISSING=-9,	LABEL=1,	POPDATA=1,	POPFLAG=0,	PHENOTYPE=0,	EXTRACOLS=0,	MAXPOPS=18,	BURNIN=50000,	NUMREPS=50000,	USEPOPINFO=0,	INFERALPHA=1,	INFERLAMBDA=0,	POPSPECIFICLAMBDA=0,	POPALPHAS=0,	COMPUTEPROB=1,	NOADMIX=0,	ADMBURNIN=2500,	UPDATEFREQ=1,	PRINTLIKES=0,	INTERMEDSAVE=0,	PRINTKLD=0,	PRINTNET=0,	PRINTLAMBDA=0,	ANCESTDIST=0,	NUMBOXES=1000,	ANCESTPINT=0.90000,	GENSBACK=2,	MIGRPRIOR=0.05000,	PRINTQHAT=0,	PRINTQSUM=0,	ALPHA=1.0000,	FREQSCORR=1,	FPRIORMEAN=0.0100,	FPRIORSD=0.0500,	ONEFST=0,	LAMBDA=1.0000,	UNIFPRIORALPHA=1,	ALPHAMAX=10.0000,	ALPHAPRIORA=1.0000,	ALPHAPRIORB=2.0000,	ALPHAPROPSD=0.0250,	STARTATPOPINFO=0,	RANDOMIZE=1,	LINKAGE=0,	METROFREQ=10,	REPORTHITRATE=0,	MARKOVPHASE=-1,	PHASED=0,	PLOIDY=2,	PHASEINFO=0	LOCPRIOR=0, 	LOCPRIORINIT=1.000000, 	LOCDATA=0, 	LOCISPOP=0, 	LOCPRIORSTEP=0.100000, 	MAXLOCPRIOR=20.000000, 	SEED=1689805479,	
[STRAT parameters]:    NUMSIMSTATS=1000,	PHENOTYPECOL=-9,	POOLFREQ=10,	LOCUSxONLY=0,	EMERROR=0.00100,	MISSINGPHENO=-9,	