

----------------------------------------------------
STRUCTURE by Pritchard, Stephens and Donnelly (2000)
     and Falush, Stephens and Pritchard (2003)
       Code by Pritchard, Falush and Hubisz
             Version 2.3.4 (Jul 2012)
----------------------------------------------------



Command line arguments:   bin\structure -m C:\Users\eschumacher\Documents\GitHub\Ten_Oaks\Data_Files\QUTO_wild\50-50\mainparams -e C:\Users\eschumacher\Documents\GitHub\Ten_Oaks\Data_Files\QUTO_wild\50-50\extraparams 
Input File:    C:\Users\eschumacher\Documents\GitHub\Ten_Oaks\Data_Files\QUTO_wild\project_data

Run parameters:
   136 individuals
   9 loci
   17 populations assumed
   50000 Burn-in period
   50000 Reps


--------------------------------------------
Proportion of membership of each pre-defined
 population in each of the 17 clusters

Given    Inferred Clusters                                                                                                         Number of
 Pop       1      2      3      4      5      6      7      8      9     10     11     12     13     14     15     16     17      Individuals

  1:     0.013  0.021  0.018  0.016  0.137  0.018  0.038  0.394  0.015  0.028  0.073  0.084  0.019  0.020  0.029  0.061  0.016        1
  2:     0.006  0.009  0.005  0.460  0.007  0.007  0.006  0.009  0.442  0.007  0.008  0.005  0.004  0.005  0.005  0.008  0.005        4
  3:     0.024  0.015  0.015  0.011  0.020  0.762  0.012  0.020  0.009  0.008  0.036  0.012  0.007  0.009  0.004  0.025  0.012        4
  4:     0.005  0.008  0.010  0.009  0.154  0.040  0.030  0.037  0.006  0.422  0.069  0.016  0.132  0.012  0.008  0.036  0.004        5
  5:     0.015  0.125  0.012  0.102  0.067  0.131  0.032  0.085  0.143  0.019  0.052  0.067  0.052  0.019  0.026  0.037  0.017       71
  6:     0.007  0.006  0.165  0.004  0.008  0.004  0.687  0.004  0.004  0.032  0.012  0.004  0.004  0.006  0.004  0.045  0.005        2
  7:     0.024  0.007  0.005  0.014  0.041  0.010  0.026  0.014  0.017  0.019  0.070  0.004  0.007  0.040  0.630  0.035  0.033        5
  8:     0.043  0.054  0.038  0.012  0.098  0.012  0.059  0.012  0.010  0.083  0.076  0.008  0.044  0.208  0.015  0.211  0.018       10
  9:     0.050  0.025  0.048  0.015  0.032  0.077  0.034  0.014  0.017  0.112  0.055  0.012  0.043  0.414  0.009  0.027  0.016        8
 10:     0.317  0.006  0.026  0.028  0.030  0.011  0.027  0.057  0.115  0.137  0.056  0.015  0.034  0.017  0.042  0.035  0.047        9
 11:     0.089  0.011  0.033  0.039  0.015  0.015  0.027  0.015  0.012  0.057  0.042  0.036  0.010  0.007  0.005  0.021  0.568        3
 12:     0.007  0.011  0.012  0.008  0.028  0.038  0.014  0.015  0.006  0.008  0.028  0.022  0.009  0.026  0.562  0.204  0.006        1
 13:     0.529  0.010  0.020  0.015  0.081  0.006  0.069  0.063  0.038  0.012  0.021  0.007  0.008  0.009  0.048  0.029  0.035        3
 14:     0.007  0.007  0.009  0.024  0.469  0.004  0.156  0.011  0.016  0.056  0.077  0.005  0.019  0.057  0.024  0.052  0.006        1
 15:     0.005  0.020  0.004  0.004  0.006  0.005  0.008  0.004  0.004  0.005  0.098  0.004  0.003  0.005  0.004  0.005  0.816        2
 16:     0.098  0.029  0.014  0.033  0.176  0.009  0.399  0.051  0.024  0.012  0.022  0.010  0.008  0.027  0.026  0.052  0.010        4
 17:     0.006  0.004  0.886  0.004  0.006  0.007  0.006  0.005  0.004  0.004  0.006  0.039  0.004  0.004  0.003  0.006  0.004        3
--------------------------------------------

Allele-freq. divergence among pops (Net nucleotide distance),
computed using point estimates of P.

      1       2       3       4       5       6       7       8       9      10      11      12      13      14      15      16      17      
 1      -    0.1989  0.1225  0.1469  0.1057  0.1704  0.0866  0.1656  0.2208  0.1311  0.0894  0.2647  0.1974  0.1124  0.2889  0.0929  0.1674  
 2   0.1989     -    0.2385  0.2294  0.1071  0.1916  0.1140  0.1542  0.2804  0.2007  0.1090  0.2393  0.2595  0.1647  0.2801  0.1462  0.1879  
 3   0.1225  0.2385     -    0.1963  0.1118  0.1345  0.1198  0.1229  0.2449  0.1528  0.0943  0.1805  0.2160  0.1325  0.3536  0.0834  0.2544  
 4   0.1469  0.2294  0.1963     -    0.1153  0.2481  0.1255  0.1493  0.1280  0.1344  0.1001  0.2763  0.2262  0.1492  0.2454  0.1051  0.1931  
 5   0.1057  0.1071  0.1118  0.1153     -    0.1501  0.0297  0.0567  0.1649  0.0969  0.0214  0.1504  0.1529  0.0574  0.1817  0.0417  0.1551  
 6   0.1704  0.1916  0.1345  0.2481  0.1501     -    0.2032  0.1220  0.2575  0.1765  0.1078  0.1636  0.2333  0.1368  0.3931  0.1139  0.3133  
 7   0.0866  0.1140  0.1198  0.1255  0.0297  0.2032     -    0.1069  0.1844  0.1052  0.0520  0.2191  0.2055  0.0752  0.2049  0.0701  0.1517  
 8   0.1656  0.1542  0.1229  0.1493  0.0567  0.1220  0.1069     -    0.1429  0.1163  0.0363  0.1134  0.1508  0.0986  0.2401  0.0436  0.1926  
 9   0.2208  0.2804  0.2449  0.1280  0.1649  0.2575  0.1844  0.1429     -    0.1594  0.1376  0.2915  0.2557  0.1681  0.3435  0.1473  0.2343  
10   0.1311  0.2007  0.1528  0.1344  0.0969  0.1765  0.1052  0.1163  0.1594     -    0.0662  0.2167  0.1273  0.0856  0.2330  0.0837  0.1936  
11   0.0894  0.1090  0.0943  0.1001  0.0214  0.1078  0.0520  0.0363  0.1376  0.0662     -    0.1249  0.1139  0.0445  0.1729  0.0167  0.1131  
12   0.2647  0.2393  0.1805  0.2763  0.1504  0.1636  0.2191  0.1134  0.2915  0.2167  0.1249     -    0.2141  0.1888  0.3646  0.1316  0.2934  
13   0.1974  0.2595  0.2160  0.2262  0.1529  0.2333  0.2055  0.1508  0.2557  0.1273  0.1139  0.2141     -    0.1533  0.2718  0.1275  0.2243  
14   0.1124  0.1647  0.1325  0.1492  0.0574  0.1368  0.0752  0.0986  0.1681  0.0856  0.0445  0.1888  0.1533     -    0.1866  0.0637  0.1697  
15   0.2889  0.2801  0.3536  0.2454  0.1817  0.3931  0.2049  0.2401  0.3435  0.2330  0.1729  0.3646  0.2718  0.1866     -    0.2179  0.2765  
16   0.0929  0.1462  0.0834  0.1051  0.0417  0.1139  0.0701  0.0436  0.1473  0.0837  0.0167  0.1316  0.1275  0.0637  0.2179     -    0.1468  
17   0.1674  0.1879  0.2544  0.1931  0.1551  0.3133  0.1517  0.1926  0.2343  0.1936  0.1131  0.2934  0.2243  0.1697  0.2765  0.1468     -    

Average distances (expected heterozygosity) between individuals in same cluster:
cluster  1  : 0.4715 
cluster  2  : 0.2459 
cluster  3  : 0.4296 
cluster  4  : 0.4158 
cluster  5  : 0.4484 
cluster  6  : 0.3040 
cluster  7  : 0.4717 
cluster  8  : 0.4061 
cluster  9  : 0.3145 
cluster 10  : 0.5495 
cluster 11  : 0.5600 
cluster 12  : 0.2089 
cluster 13  : 0.4032 
cluster 14  : 0.6118 
cluster 15  : 0.3244 
cluster 16  : 0.5504 
cluster 17  : 0.4257 

--------------------------------------------
Estimated Ln Prob of Data   = -2281.8
Mean value of ln likelihood = -1806.5
Variance of ln likelihood   = 950.7
Mean value of alpha         = 0.0356

Mean value of Fst_1         = 0.3185
Mean value of Fst_2         = 0.5749
Mean value of Fst_3         = 0.4145
Mean value of Fst_4         = 0.4181
Mean value of Fst_5         = 0.2822
Mean value of Fst_6         = 0.4923
Mean value of Fst_7         = 0.3103
Mean value of Fst_8         = 0.3154
Mean value of Fst_9         = 0.4938
Mean value of Fst_10         = 0.2640
Mean value of Fst_11         = 0.1892
Mean value of Fst_12         = 0.6529
Mean value of Fst_13         = 0.4870
Mean value of Fst_14         = 0.1765
Mean value of Fst_15         = 0.5548
Mean value of Fst_16         = 0.2333
Mean value of Fst_17         = 0.4276


Inferred ancestry of individuals:
        Label (%Miss) Pop:  Inferred clusters
  1 QTo-W-0007   (11)    1 :  0.013 0.021 0.018 0.016 0.137 0.018 0.038 0.394 0.015 0.028 0.073 0.084 0.019 0.020 0.029 0.061 0.016 
  2 QTo-W-0009    (0)    2 :  0.004 0.024 0.005 0.888 0.006 0.015 0.005 0.008 0.008 0.005 0.006 0.004 0.004 0.005 0.005 0.005 0.004 
  3 QTo-W-0010    (0)    2 :  0.010 0.005 0.006 0.032 0.010 0.005 0.010 0.014 0.828 0.013 0.018 0.005 0.005 0.009 0.006 0.017 0.006 
  4 QTo-W-0011    (0)    2 :  0.004 0.005 0.005 0.915 0.005 0.005 0.005 0.007 0.011 0.005 0.005 0.006 0.004 0.004 0.006 0.006 0.005 
  5 QTo-W-0012   (22)    2 :  0.005 0.004 0.005 0.006 0.005 0.005 0.005 0.007 0.922 0.005 0.005 0.004 0.004 0.004 0.003 0.005 0.004 
  6 QTo-W-0020   (22)    3 :  0.005 0.006 0.004 0.003 0.004 0.929 0.004 0.004 0.007 0.004 0.004 0.004 0.003 0.007 0.003 0.004 0.003 
  7 QTo-W-0021   (22)    3 :  0.009 0.015 0.015 0.005 0.013 0.821 0.009 0.014 0.006 0.007 0.022 0.022 0.011 0.010 0.004 0.010 0.006 
  8 QTo-W-0023   (22)    3 :  0.007 0.032 0.014 0.007 0.007 0.837 0.007 0.014 0.008 0.006 0.019 0.012 0.006 0.007 0.004 0.010 0.004 
  9 QTo-W-0024   (11)    3 :  0.074 0.008 0.025 0.028 0.056 0.461 0.028 0.047 0.013 0.016 0.100 0.010 0.006 0.013 0.004 0.076 0.033 
 10 QTo-W-0033    (0)    4 :  0.005 0.004 0.005 0.018 0.011 0.014 0.009 0.006 0.008 0.679 0.008 0.004 0.208 0.008 0.005 0.007 0.004 
 11 QTo-W-0035   (11)    4 :  0.005 0.006 0.006 0.006 0.006 0.005 0.007 0.006 0.007 0.698 0.006 0.006 0.214 0.005 0.006 0.006 0.005 
 12 QTo-W-0036    (0)    4 :  0.004 0.004 0.004 0.005 0.005 0.004 0.005 0.005 0.005 0.712 0.004 0.005 0.220 0.004 0.005 0.005 0.004 
 13 QTo-W-0039   (11)    4 :  0.008 0.014 0.019 0.007 0.309 0.115 0.047 0.116 0.005 0.008 0.179 0.046 0.010 0.014 0.011 0.086 0.005 
 14 QTo-W-0041    (0)    4 :  0.005 0.010 0.016 0.007 0.439 0.061 0.084 0.053 0.004 0.015 0.150 0.021 0.007 0.031 0.014 0.078 0.005 
 15 QTo-W-0044    (0)    5 :  0.112 0.041 0.005 0.595 0.008 0.010 0.010 0.005 0.006 0.013 0.010 0.004 0.116 0.007 0.043 0.009 0.006 
 16 QTo-W-0047    (0)    5 :  0.005 0.005 0.007 0.891 0.006 0.005 0.007 0.010 0.016 0.006 0.009 0.005 0.004 0.004 0.006 0.009 0.005 
 17 QTo-W-0048   (11)    5 :  0.006 0.006 0.006 0.891 0.006 0.006 0.006 0.012 0.012 0.006 0.006 0.007 0.005 0.004 0.010 0.006 0.006 
 18 QTo-W-0049    (0)    5 :  0.006 0.005 0.005 0.028 0.006 0.005 0.006 0.008 0.885 0.008 0.005 0.004 0.004 0.005 0.006 0.010 0.005 
 19 QTo-W-0050   (22)    5 :  0.015 0.443 0.013 0.033 0.030 0.023 0.092 0.014 0.031 0.116 0.040 0.010 0.027 0.024 0.006 0.020 0.064 
 20 QTo-W-0052    (0)    5 :  0.026 0.005 0.004 0.008 0.008 0.005 0.008 0.023 0.014 0.008 0.012 0.010 0.132 0.008 0.707 0.010 0.013 
 21 QTo-W-0054    (0)    5 :  0.004 0.004 0.004 0.006 0.005 0.004 0.004 0.008 0.927 0.004 0.005 0.005 0.004 0.004 0.003 0.005 0.004 
 22 QTo-W-0056    (0)    5 :  0.004 0.004 0.004 0.027 0.004 0.004 0.004 0.006 0.908 0.004 0.005 0.004 0.004 0.004 0.005 0.006 0.005 
 23 QTo-W-0057    (0)    5 :  0.006 0.004 0.004 0.136 0.009 0.004 0.007 0.006 0.778 0.006 0.006 0.004 0.004 0.005 0.009 0.006 0.005 
 24 QTo-W-0058    (0)    5 :  0.004 0.004 0.004 0.005 0.005 0.004 0.004 0.006 0.930 0.004 0.005 0.005 0.003 0.004 0.003 0.004 0.004 
 25 QTo-W-0059    (0)    5 :  0.055 0.089 0.006 0.041 0.010 0.022 0.009 0.015 0.569 0.010 0.025 0.005 0.086 0.010 0.027 0.010 0.013 
 26 QTo-W-0060    (0)    5 :  0.005 0.004 0.004 0.062 0.009 0.006 0.007 0.010 0.852 0.007 0.006 0.005 0.004 0.005 0.006 0.005 0.004 
 27 QTo-W-0061    (0)    5 :  0.009 0.009 0.028 0.006 0.095 0.037 0.025 0.091 0.452 0.018 0.097 0.021 0.007 0.017 0.010 0.073 0.007 
 28 QTo-W-0062   (11)    5 :  0.005 0.006 0.005 0.007 0.006 0.006 0.006 0.007 0.913 0.005 0.006 0.006 0.004 0.005 0.004 0.005 0.005 
 29 QTo-W-0065   (11)    5 :  0.013 0.009 0.025 0.008 0.016 0.053 0.010 0.054 0.693 0.006 0.018 0.039 0.012 0.010 0.004 0.023 0.006 
 30 QTo-W-0067    (0)    5 :  0.007 0.008 0.013 0.035 0.028 0.033 0.012 0.038 0.729 0.009 0.016 0.026 0.008 0.008 0.007 0.019 0.004 
 31 QTo-W-0071    (0)    5 :  0.006 0.008 0.011 0.010 0.555 0.013 0.145 0.021 0.005 0.009 0.103 0.013 0.007 0.009 0.005 0.071 0.011 
 32 QTo-W-0072    (0)    5 :  0.024 0.602 0.008 0.004 0.017 0.214 0.011 0.023 0.003 0.009 0.020 0.015 0.007 0.014 0.008 0.015 0.005 
 33 QTo-W-0075    (0)    5 :  0.009 0.057 0.005 0.006 0.010 0.756 0.008 0.019 0.005 0.005 0.052 0.017 0.012 0.007 0.010 0.012 0.010 
 34 QTo-W-0076   (11)    5 :  0.051 0.017 0.015 0.012 0.022 0.747 0.014 0.009 0.008 0.013 0.033 0.008 0.008 0.011 0.004 0.018 0.010 
 35 QTo-W-0077   (11)    5 :  0.008 0.047 0.013 0.323 0.018 0.283 0.011 0.141 0.027 0.016 0.039 0.022 0.008 0.013 0.004 0.020 0.006 
 36 QTo-W-0079    (0)    5 :  0.004 0.005 0.004 0.003 0.004 0.939 0.004 0.004 0.005 0.003 0.004 0.005 0.003 0.005 0.003 0.004 0.003 
 37 QTo-W-0080   (11)    5 :  0.033 0.007 0.017 0.007 0.161 0.175 0.057 0.078 0.129 0.029 0.110 0.016 0.008 0.105 0.009 0.051 0.007 
 38 QTo-W-0081   (11)    5 :  0.026 0.006 0.015 0.007 0.012 0.791 0.008 0.019 0.009 0.013 0.041 0.011 0.008 0.008 0.004 0.018 0.005 
 39 QTo-W-0082    (0)    5 :  0.014 0.009 0.010 0.007 0.085 0.737 0.027 0.007 0.014 0.006 0.021 0.007 0.005 0.021 0.003 0.019 0.008 
 40 QTo-W-0087    (0)    5 :  0.005 0.017 0.006 0.005 0.005 0.891 0.005 0.008 0.008 0.004 0.017 0.007 0.004 0.005 0.003 0.007 0.004 
 41 QTo-W-0088   (11)    5 :  0.006 0.008 0.007 0.007 0.007 0.871 0.006 0.012 0.014 0.006 0.020 0.009 0.005 0.006 0.004 0.010 0.004 
 42 QTo-W-0089   (11)    5 :  0.015 0.008 0.008 0.005 0.009 0.854 0.005 0.008 0.004 0.010 0.031 0.010 0.008 0.007 0.004 0.008 0.005 
 43 QTo-W-0090    (0)    5 :  0.020 0.007 0.011 0.025 0.039 0.733 0.016 0.010 0.007 0.037 0.043 0.009 0.010 0.008 0.003 0.016 0.005 
 44 QTo-W-0093   (11)    5 :  0.040 0.223 0.014 0.024 0.108 0.224 0.055 0.020 0.040 0.015 0.092 0.008 0.005 0.031 0.012 0.052 0.036 
 45 QTo-W-0098    (0)    5 :  0.009 0.857 0.006 0.010 0.010 0.008 0.008 0.021 0.011 0.005 0.009 0.009 0.005 0.006 0.006 0.007 0.013 
 46 QTo-W-0101   (11)    5 :  0.010 0.796 0.008 0.014 0.016 0.010 0.011 0.035 0.016 0.006 0.015 0.011 0.007 0.008 0.009 0.011 0.017 
 47 QTo-W-0114    (0)    5 :  0.005 0.890 0.006 0.004 0.010 0.012 0.006 0.012 0.004 0.004 0.008 0.011 0.006 0.005 0.005 0.007 0.005 
 48 QTo-W-0116   (11)    5 :  0.007 0.905 0.005 0.005 0.007 0.008 0.007 0.005 0.005 0.004 0.006 0.006 0.005 0.004 0.004 0.005 0.011 
 49 QTo-W-0117   (22)    5 :  0.008 0.879 0.006 0.008 0.011 0.011 0.009 0.008 0.006 0.005 0.008 0.007 0.005 0.006 0.005 0.006 0.012 
 50 QTo-W-0118    (0)    5 :  0.005 0.931 0.004 0.004 0.005 0.005 0.005 0.004 0.004 0.003 0.005 0.004 0.004 0.003 0.004 0.004 0.006 
 51 QTo-W-0121   (11)    5 :  0.009 0.825 0.006 0.025 0.010 0.041 0.009 0.008 0.006 0.006 0.016 0.006 0.004 0.005 0.004 0.011 0.008 
 52 QTo-W-0124   (11)    5 :  0.007 0.005 0.005 0.813 0.007 0.004 0.007 0.007 0.099 0.008 0.007 0.004 0.005 0.005 0.005 0.007 0.006 
 53 QTo-W-0128    (0)    5 :  0.006 0.004 0.004 0.850 0.006 0.005 0.006 0.006 0.076 0.006 0.006 0.004 0.004 0.004 0.004 0.005 0.004 
 54 QTo-W-0129    (0)    5 :  0.014 0.005 0.005 0.811 0.009 0.005 0.011 0.008 0.073 0.012 0.015 0.004 0.004 0.007 0.004 0.009 0.006 
 55 QTo-W-0131   (11)    5 :  0.020 0.006 0.020 0.021 0.074 0.039 0.046 0.053 0.038 0.175 0.231 0.012 0.037 0.043 0.004 0.168 0.013 
 56 QTo-W-0133   (11)    5 :  0.010 0.009 0.032 0.037 0.052 0.016 0.032 0.211 0.021 0.022 0.114 0.031 0.011 0.009 0.124 0.086 0.184 
 57 QTo-W-0137    (0)    5 :  0.014 0.059 0.015 0.014 0.495 0.025 0.117 0.016 0.006 0.018 0.107 0.009 0.006 0.013 0.005 0.068 0.012 
 58 QTo-W-0138    (0)    5 :  0.018 0.005 0.007 0.224 0.034 0.004 0.031 0.161 0.217 0.043 0.054 0.033 0.018 0.015 0.013 0.116 0.009 
 59 QTo-W-0139    (0)    5 :  0.005 0.004 0.004 0.007 0.006 0.004 0.006 0.005 0.004 0.007 0.008 0.012 0.895 0.005 0.016 0.005 0.004 
 60 QTo-W-0140   (22)    5 :  0.005 0.005 0.005 0.005 0.006 0.005 0.005 0.006 0.005 0.006 0.006 0.007 0.914 0.005 0.005 0.005 0.005 
 61 QTo-W-0142    (0)    5 :  0.006 0.005 0.005 0.003 0.005 0.005 0.004 0.006 0.003 0.007 0.008 0.021 0.902 0.005 0.004 0.006 0.004 
 62 QTo-W-0144    (0)    5 :  0.009 0.008 0.031 0.012 0.059 0.008 0.080 0.284 0.229 0.050 0.073 0.012 0.010 0.022 0.006 0.034 0.074 
 63 QTo-W-0149   (22)    5 :  0.005 0.006 0.099 0.005 0.007 0.007 0.005 0.009 0.006 0.006 0.008 0.808 0.008 0.005 0.004 0.008 0.006 
 64 QTo-W-0151   (11)    5 :  0.005 0.004 0.006 0.004 0.011 0.034 0.011 0.029 0.015 0.006 0.009 0.819 0.006 0.017 0.006 0.014 0.005 
 65 QTo-W-0153   (22)    5 :  0.004 0.006 0.006 0.004 0.005 0.007 0.004 0.007 0.005 0.005 0.006 0.919 0.006 0.004 0.004 0.005 0.005 
 66 QTo-W-0154    (0)    5 :  0.012 0.023 0.010 0.004 0.039 0.010 0.018 0.027 0.004 0.007 0.030 0.724 0.034 0.014 0.012 0.020 0.012 
 67 QTo-W-0159   (11)    5 :  0.014 0.031 0.009 0.007 0.356 0.008 0.103 0.123 0.017 0.014 0.138 0.013 0.010 0.014 0.036 0.090 0.019 
 68 QTo-W-0161   (11)    5 :  0.006 0.022 0.008 0.005 0.082 0.008 0.031 0.028 0.005 0.012 0.021 0.673 0.031 0.031 0.011 0.020 0.008 
 69 QTo-W-0162    (0)    5 :  0.017 0.193 0.008 0.004 0.124 0.025 0.099 0.026 0.004 0.065 0.132 0.037 0.017 0.101 0.010 0.060 0.079 
 70 QTo-W-0163   (11)    5 :  0.018 0.006 0.032 0.006 0.047 0.218 0.021 0.146 0.024 0.024 0.083 0.019 0.033 0.211 0.011 0.088 0.012 
 71 QTo-W-0167   (11)    5 :  0.009 0.264 0.015 0.070 0.083 0.018 0.163 0.015 0.013 0.057 0.072 0.010 0.017 0.035 0.107 0.030 0.022 
 72 QTo-W-0170    (0)    5 :  0.016 0.033 0.007 0.021 0.415 0.007 0.160 0.015 0.006 0.014 0.107 0.007 0.008 0.027 0.072 0.064 0.021 
 73 QTo-W-0171   (22)    5 :  0.018 0.012 0.019 0.039 0.294 0.014 0.103 0.032 0.074 0.056 0.111 0.018 0.020 0.041 0.006 0.087 0.057 
 74 QTo-W-0172   (22)    5 :  0.020 0.072 0.011 0.009 0.103 0.006 0.096 0.014 0.008 0.114 0.233 0.009 0.038 0.026 0.084 0.054 0.100 
 75 QTo-W-0173   (11)    5 :  0.009 0.015 0.015 0.013 0.477 0.010 0.128 0.037 0.008 0.008 0.108 0.014 0.009 0.016 0.042 0.083 0.009 
 76 QTo-W-0174    (0)    5 :  0.012 0.234 0.009 0.008 0.061 0.041 0.028 0.362 0.016 0.013 0.077 0.026 0.009 0.016 0.030 0.053 0.007 
 77 QTo-W-0175    (0)    5 :  0.011 0.005 0.017 0.019 0.075 0.010 0.041 0.337 0.053 0.057 0.128 0.028 0.006 0.014 0.004 0.183 0.012 
 78 QTo-W-0182   (22)    5 :  0.012 0.008 0.007 0.879 0.009 0.008 0.011 0.007 0.009 0.006 0.009 0.006 0.005 0.005 0.005 0.009 0.005 
 79 QTo-W-0184    (0)    5 :  0.077 0.035 0.013 0.012 0.095 0.035 0.064 0.145 0.011 0.071 0.111 0.015 0.016 0.171 0.034 0.086 0.010 
 80 QTo-W-0188    (0)    5 :  0.008 0.013 0.006 0.013 0.166 0.004 0.116 0.068 0.015 0.011 0.181 0.007 0.008 0.016 0.190 0.091 0.085 
 81 QTo-W-0192   (11)    5 :  0.006 0.008 0.007 0.024 0.009 0.009 0.007 0.864 0.009 0.005 0.010 0.012 0.006 0.005 0.005 0.008 0.005 
 82 QTo-W-0193    (0)    5 :  0.005 0.006 0.008 0.006 0.009 0.006 0.007 0.881 0.016 0.006 0.013 0.010 0.005 0.005 0.005 0.009 0.004 
 83 QTo-W-0194    (0)    5 :  0.004 0.005 0.005 0.015 0.006 0.006 0.005 0.892 0.015 0.004 0.006 0.009 0.004 0.005 0.004 0.007 0.004 
 84 QTo-W-0196   (11)    5 :  0.012 0.013 0.029 0.006 0.070 0.033 0.014 0.218 0.009 0.008 0.249 0.032 0.024 0.009 0.015 0.241 0.018 
 85 QTo-W-0197    (0)    5 :  0.022 0.009 0.026 0.013 0.080 0.109 0.012 0.174 0.006 0.006 0.252 0.020 0.015 0.007 0.010 0.223 0.015 
 86 QTo-W-0200   (11)    6 :  0.007 0.006 0.166 0.004 0.008 0.004 0.687 0.005 0.004 0.032 0.012 0.004 0.004 0.006 0.004 0.045 0.005 
 87 QTo-W-0201   (22)    6 :  0.007 0.005 0.165 0.004 0.009 0.003 0.686 0.004 0.004 0.031 0.012 0.004 0.004 0.006 0.005 0.045 0.005 
 88 QTo-W-0205    (0)    7 :  0.003 0.004 0.003 0.003 0.004 0.003 0.004 0.004 0.003 0.004 0.004 0.004 0.004 0.004 0.941 0.004 0.005 
 89 QTo-W-0208    (0)    7 :  0.105 0.010 0.014 0.054 0.063 0.038 0.029 0.022 0.068 0.043 0.087 0.007 0.016 0.162 0.172 0.084 0.024 
 90 QTo-W-0211    (0)    7 :  0.005 0.014 0.004 0.005 0.123 0.004 0.089 0.036 0.008 0.041 0.249 0.005 0.005 0.023 0.182 0.077 0.128 
 91 QTo-W-0212   (11)    7 :  0.004 0.004 0.003 0.005 0.005 0.003 0.004 0.005 0.005 0.004 0.004 0.003 0.004 0.004 0.935 0.004 0.004 
 92 QTo-W-0213    (0)    7 :  0.003 0.004 0.003 0.004 0.011 0.003 0.006 0.005 0.004 0.004 0.006 0.003 0.004 0.006 0.923 0.006 0.005 
 93 QTo-W-0216   (11)    8 :  0.010 0.005 0.131 0.008 0.017 0.008 0.009 0.010 0.008 0.005 0.039 0.007 0.005 0.007 0.004 0.722 0.005 
 94 QTo-W-0220    (0)    8 :  0.010 0.004 0.121 0.015 0.019 0.005 0.009 0.009 0.009 0.006 0.042 0.005 0.005 0.011 0.004 0.721 0.005 
 95 QTo-W-0224   (11)    8 :  0.235 0.015 0.011 0.032 0.122 0.009 0.152 0.016 0.030 0.065 0.071 0.007 0.047 0.033 0.006 0.077 0.074 
 96 QTo-W-0225   (11)    8 :  0.007 0.005 0.007 0.008 0.016 0.008 0.013 0.007 0.017 0.006 0.011 0.004 0.004 0.855 0.018 0.009 0.005 
 97 QTo-W-0227   (11)    8 :  0.116 0.007 0.043 0.012 0.030 0.016 0.079 0.020 0.007 0.068 0.086 0.011 0.019 0.035 0.006 0.409 0.036 
 98 QTo-W-0229    (0)    8 :  0.010 0.003 0.010 0.003 0.011 0.038 0.013 0.004 0.008 0.005 0.007 0.005 0.005 0.863 0.004 0.007 0.003 
 99 QTo-W-0231    (0)    8 :  0.007 0.003 0.021 0.017 0.065 0.008 0.054 0.005 0.005 0.319 0.315 0.003 0.012 0.071 0.036 0.049 0.007 
100 QTo-W-0238   (22)    8 :  0.017 0.021 0.015 0.008 0.453 0.009 0.154 0.020 0.007 0.019 0.060 0.014 0.035 0.071 0.031 0.056 0.011 
101 QTo-W-0240    (0)    8 :  0.012 0.019 0.016 0.011 0.221 0.006 0.090 0.017 0.008 0.313 0.092 0.012 0.077 0.044 0.024 0.030 0.009 
102 QTo-W-0242    (0)    8 :  0.007 0.453 0.007 0.003 0.026 0.009 0.017 0.014 0.004 0.025 0.040 0.009 0.234 0.091 0.012 0.025 0.025 
103 QTo-W-0244    (0)    9 :  0.049 0.048 0.009 0.004 0.052 0.009 0.087 0.007 0.003 0.508 0.021 0.006 0.138 0.020 0.009 0.011 0.019 
104 QTo-W-0245   (11)    9 :  0.038 0.010 0.008 0.012 0.041 0.012 0.099 0.009 0.006 0.191 0.062 0.014 0.062 0.382 0.010 0.029 0.015 
105 QTo-W-0251    (0)    9 :  0.009 0.082 0.330 0.004 0.023 0.309 0.011 0.038 0.004 0.018 0.061 0.014 0.006 0.010 0.011 0.027 0.043 
106 QTo-W-0253    (0)    9 :  0.029 0.019 0.006 0.004 0.024 0.016 0.015 0.007 0.004 0.010 0.032 0.004 0.006 0.775 0.007 0.037 0.006 
107 QTo-W-0256   (11)    9 :  0.049 0.007 0.010 0.075 0.034 0.084 0.017 0.014 0.076 0.066 0.064 0.007 0.010 0.449 0.007 0.025 0.007 
108 QTo-W-0258    (0)    9 :  0.220 0.005 0.015 0.009 0.054 0.167 0.015 0.008 0.032 0.047 0.035 0.007 0.042 0.313 0.004 0.021 0.006 
109 QTo-W-0259    (0)    9 :  0.004 0.023 0.004 0.005 0.010 0.015 0.007 0.011 0.005 0.016 0.043 0.030 0.048 0.741 0.008 0.020 0.010 
110 QTo-W-0260   (22)    9 :  0.004 0.009 0.004 0.005 0.019 0.005 0.020 0.019 0.005 0.037 0.122 0.014 0.033 0.620 0.017 0.042 0.025 
111 QTo-W-0274   (11)   10 :  0.841 0.005 0.013 0.006 0.017 0.010 0.011 0.009 0.005 0.009 0.015 0.006 0.005 0.021 0.004 0.017 0.005 
112 QTo-W-0275    (0)   10 :  0.032 0.007 0.109 0.032 0.025 0.004 0.025 0.093 0.289 0.087 0.070 0.050 0.012 0.010 0.011 0.039 0.105 
113 QTo-W-0278    (0)   10 :  0.084 0.008 0.033 0.007 0.049 0.034 0.027 0.215 0.008 0.050 0.095 0.033 0.021 0.026 0.075 0.123 0.111 
114 QTo-W-0283   (11)   10 :  0.018 0.006 0.008 0.029 0.016 0.012 0.050 0.030 0.036 0.511 0.041 0.006 0.079 0.018 0.114 0.018 0.008 
115 QTo-W-0284    (0)   10 :  0.022 0.007 0.042 0.017 0.018 0.008 0.052 0.024 0.019 0.460 0.068 0.005 0.069 0.015 0.142 0.020 0.012 
116 QTo-W-0287   (22)   10 :  0.891 0.005 0.009 0.008 0.007 0.011 0.008 0.006 0.007 0.010 0.006 0.004 0.008 0.006 0.004 0.006 0.005 
117 QTo-W-0289   (22)   10 :  0.891 0.007 0.008 0.007 0.008 0.008 0.009 0.006 0.007 0.005 0.007 0.005 0.005 0.006 0.006 0.008 0.007 
118 QTo-W-0293    (0)   10 :  0.065 0.006 0.009 0.139 0.104 0.004 0.045 0.019 0.022 0.072 0.189 0.019 0.037 0.034 0.005 0.075 0.155 
119 QTo-W-0295   (11)   10 :  0.007 0.004 0.008 0.009 0.025 0.007 0.013 0.111 0.637 0.025 0.015 0.007 0.069 0.021 0.016 0.011 0.014 
120 QTo-W-0296   (11)   11 :  0.007 0.009 0.006 0.007 0.009 0.006 0.007 0.013 0.010 0.007 0.009 0.055 0.008 0.005 0.004 0.006 0.832 
121 QTo-W-0298    (0)   11 :  0.009 0.010 0.005 0.006 0.008 0.005 0.005 0.010 0.006 0.005 0.008 0.045 0.009 0.004 0.004 0.006 0.853 
122 QTo-W-0300   (11)   11 :  0.251 0.015 0.087 0.103 0.029 0.032 0.068 0.023 0.019 0.159 0.109 0.006 0.012 0.011 0.006 0.049 0.020 
123 QTo-W-0302    (0)   12 :  0.007 0.011 0.012 0.008 0.028 0.038 0.014 0.015 0.006 0.008 0.028 0.022 0.009 0.026 0.562 0.204 0.006 
124 QTo-W-0305    (0)   13 :  0.802 0.005 0.021 0.007 0.024 0.007 0.023 0.007 0.005 0.012 0.010 0.004 0.013 0.006 0.006 0.014 0.035 
125 QTo-W-0308   (11)   13 :  0.746 0.008 0.033 0.009 0.029 0.008 0.033 0.009 0.007 0.012 0.013 0.006 0.007 0.008 0.006 0.017 0.050 
126 QTo-W-0309   (11)   13 :  0.037 0.016 0.008 0.029 0.190 0.004 0.150 0.174 0.102 0.012 0.039 0.011 0.005 0.012 0.132 0.058 0.020 
127 QTo-W-0311    (0)   14 :  0.007 0.007 0.009 0.024 0.469 0.004 0.156 0.011 0.016 0.056 0.077 0.005 0.019 0.057 0.024 0.052 0.006 
128 QTo-W-0312    (0)   15 :  0.005 0.034 0.004 0.004 0.006 0.006 0.007 0.004 0.003 0.005 0.096 0.004 0.003 0.004 0.004 0.006 0.806 
129 QTo-W-0315   (11)   15 :  0.005 0.006 0.004 0.004 0.006 0.003 0.009 0.004 0.004 0.006 0.100 0.004 0.003 0.006 0.005 0.005 0.826 
130 QTo-W-0318    (0)   16 :  0.149 0.029 0.011 0.006 0.167 0.004 0.466 0.025 0.013 0.008 0.014 0.006 0.010 0.008 0.033 0.037 0.013 
131 QTo-W-0322   (11)   16 :  0.125 0.025 0.020 0.007 0.171 0.005 0.519 0.014 0.009 0.010 0.013 0.005 0.008 0.009 0.016 0.034 0.009 
132 QTo-W-0326   (22)   16 :  0.069 0.044 0.014 0.092 0.190 0.007 0.308 0.067 0.028 0.014 0.032 0.009 0.007 0.020 0.028 0.062 0.010 
133 QTo-W-0327   (11)   16 :  0.050 0.018 0.010 0.028 0.178 0.021 0.304 0.096 0.048 0.014 0.029 0.019 0.005 0.069 0.026 0.076 0.009 
134 QTo-W-0328    (0)   17 :  0.006 0.004 0.823 0.004 0.006 0.006 0.006 0.005 0.004 0.004 0.006 0.105 0.004 0.004 0.003 0.006 0.004 
135 QTo-W-0329    (0)   17 :  0.005 0.004 0.929 0.004 0.005 0.006 0.005 0.005 0.004 0.004 0.005 0.005 0.004 0.004 0.003 0.005 0.004 
136 QTo-W-0330   (11)   17 :  0.008 0.005 0.907 0.005 0.007 0.008 0.007 0.006 0.005 0.005 0.007 0.007 0.005 0.005 0.003 0.007 0.004 


Estimated Allele Frequencies in each cluster
First column gives estimated ancestral frequencies


Locus 1 : 
4 alleles
0.7% missing data
 149   (0.840) 0.973 0.993 0.975 0.988 0.959 0.993 0.950 0.974 0.993 0.883 0.843 0.990 0.966 0.460 0.192 0.942 0.642 
 147   (0.067) 0.011 0.003 0.010 0.005 0.015 0.003 0.016 0.011 0.003 0.029 0.086 0.004 0.016 0.094 0.246 0.023 0.339 
 155   (0.055) 0.009 0.002 0.009 0.004 0.017 0.002 0.022 0.010 0.002 0.071 0.045 0.003 0.011 0.019 0.559 0.021 0.012 
 161   (0.037) 0.007 0.001 0.006 0.003 0.009 0.002 0.012 0.006 0.002 0.017 0.026 0.002 0.007 0.427 0.003 0.013 0.006 

Locus 2 : 
6 alleles
12.5% missing data
 179   (0.381) 0.386 0.230 0.867 0.036 0.446 0.966 0.210 0.773 0.057 0.132 0.468 0.951 0.569 0.377 0.029 0.658 0.078 
 176   (0.150) 0.054 0.012 0.028 0.572 0.122 0.007 0.121 0.045 0.160 0.081 0.130 0.011 0.192 0.074 0.935 0.087 0.035 
 173   (0.244) 0.126 0.016 0.060 0.371 0.197 0.016 0.170 0.127 0.752 0.664 0.189 0.020 0.186 0.297 0.017 0.141 0.067 
 164   (0.027) 0.008 0.001 0.006 0.004 0.008 0.001 0.010 0.006 0.023 0.009 0.015 0.002 0.005 0.011 0.002 0.010 0.004 
 182   (0.145) 0.311 0.738 0.030 0.013 0.196 0.007 0.461 0.027 0.006 0.093 0.161 0.012 0.039 0.071 0.013 0.075 0.809 
 170   (0.052) 0.114 0.003 0.010 0.004 0.031 0.003 0.027 0.022 0.002 0.021 0.037 0.004 0.009 0.170 0.005 0.030 0.008 

Locus 3 : 
17 alleles
0.0% missing data
 220   (0.161) 0.209 0.010 0.061 0.435 0.118 0.008 0.121 0.150 0.116 0.303 0.125 0.018 0.077 0.107 0.535 0.284 0.061 
 222   (0.157) 0.193 0.012 0.360 0.015 0.370 0.218 0.140 0.093 0.016 0.104 0.170 0.137 0.473 0.285 0.016 0.116 0.247 
 218   (0.167) 0.270 0.008 0.392 0.433 0.128 0.170 0.247 0.372 0.668 0.100 0.158 0.015 0.026 0.114 0.018 0.253 0.028 
 226   (0.077) 0.023 0.934 0.019 0.078 0.021 0.568 0.025 0.028 0.007 0.027 0.057 0.006 0.026 0.106 0.009 0.029 0.014 
 258   (0.056) 0.015 0.002 0.013 0.008 0.078 0.007 0.045 0.039 0.003 0.028 0.119 0.005 0.010 0.022 0.012 0.068 0.269 
 224   (0.049) 0.010 0.012 0.035 0.005 0.013 0.002 0.162 0.008 0.002 0.293 0.047 0.003 0.060 0.028 0.007 0.024 0.176 
 228   (0.076) 0.017 0.008 0.046 0.006 0.196 0.016 0.065 0.080 0.006 0.028 0.171 0.010 0.012 0.029 0.382 0.110 0.032 
 256   (0.026) 0.004 0.001 0.004 0.002 0.006 0.001 0.005 0.007 0.172 0.007 0.013 0.002 0.003 0.008 0.002 0.009 0.003 
 264   (0.027) 0.004 0.001 0.004 0.002 0.006 0.001 0.005 0.004 0.001 0.006 0.014 0.002 0.279 0.007 0.002 0.007 0.003 
 230   (0.029) 0.004 0.001 0.004 0.002 0.006 0.001 0.005 0.005 0.001 0.008 0.014 0.788 0.004 0.008 0.002 0.008 0.129 
 260   (0.036) 0.006 0.004 0.007 0.003 0.023 0.002 0.019 0.007 0.001 0.043 0.029 0.004 0.008 0.022 0.003 0.016 0.009 
 262   (0.019) 0.004 0.002 0.004 0.002 0.008 0.001 0.009 0.003 0.001 0.010 0.015 0.001 0.005 0.007 0.004 0.008 0.009 
 234   (0.017) 0.003 0.001 0.003 0.001 0.004 0.001 0.003 0.184 0.001 0.005 0.008 0.001 0.002 0.005 0.001 0.004 0.002 
 232   (0.025) 0.008 0.001 0.032 0.002 0.005 0.001 0.131 0.004 0.001 0.011 0.013 0.002 0.003 0.008 0.002 0.037 0.005 
 250   (0.019) 0.003 0.001 0.003 0.001 0.004 0.001 0.003 0.003 0.001 0.004 0.010 0.001 0.002 0.159 0.001 0.005 0.002 
 216   (0.029) 0.004 0.001 0.004 0.002 0.006 0.001 0.007 0.006 0.001 0.012 0.021 0.003 0.007 0.077 0.002 0.012 0.006 
 266   (0.028) 0.223 0.001 0.008 0.003 0.008 0.001 0.008 0.005 0.001 0.011 0.015 0.002 0.003 0.008 0.002 0.009 0.004 

Locus 4 : 
2 alleles
1.5% missing data
 137   (0.975) 0.996 0.999 0.979 0.998 0.994 0.999 0.995 0.996 0.999 0.993 0.985 0.999 0.997 0.993 0.998 0.883 0.997 
 139   (0.025) 0.004 0.001 0.021 0.002 0.006 0.001 0.005 0.004 0.001 0.007 0.015 0.001 0.003 0.007 0.002 0.117 0.003 

Locus 5 : 
17 alleles
11.8% missing data
 187   (0.326) 0.177 0.731 0.115 0.035 0.726 0.020 0.808 0.492 0.016 0.277 0.375 0.189 0.080 0.536 0.866 0.259 0.068 
 243   (0.035) 0.009 0.002 0.006 0.439 0.007 0.003 0.006 0.135 0.002 0.009 0.018 0.002 0.004 0.010 0.002 0.011 0.005 
 203   (0.082) 0.042 0.007 0.014 0.009 0.026 0.387 0.019 0.022 0.930 0.025 0.052 0.006 0.009 0.241 0.008 0.036 0.012 
 201   (0.095) 0.090 0.042 0.032 0.327 0.067 0.427 0.034 0.057 0.013 0.059 0.180 0.010 0.012 0.049 0.008 0.098 0.015 
 197   (0.068) 0.249 0.004 0.015 0.007 0.018 0.137 0.023 0.013 0.003 0.477 0.043 0.005 0.099 0.022 0.006 0.075 0.011 
 195   (0.062) 0.319 0.007 0.010 0.026 0.013 0.004 0.013 0.012 0.006 0.026 0.029 0.004 0.753 0.029 0.072 0.022 0.010 
 247   (0.031) 0.007 0.002 0.006 0.105 0.007 0.002 0.007 0.006 0.002 0.007 0.016 0.002 0.003 0.009 0.002 0.011 0.004 
 235   (0.028) 0.011 0.003 0.006 0.003 0.045 0.004 0.016 0.010 0.002 0.008 0.026 0.002 0.003 0.014 0.002 0.015 0.004 
 249   (0.023) 0.006 0.188 0.003 0.002 0.004 0.001 0.004 0.004 0.001 0.006 0.012 0.001 0.002 0.007 0.001 0.007 0.003 
 199   (0.059) 0.027 0.004 0.056 0.007 0.018 0.006 0.019 0.082 0.006 0.026 0.106 0.013 0.007 0.019 0.011 0.048 0.815 
 245   (0.027) 0.010 0.001 0.006 0.016 0.015 0.001 0.012 0.082 0.011 0.017 0.027 0.011 0.003 0.009 0.003 0.058 0.004 
 219   (0.038) 0.010 0.002 0.139 0.004 0.011 0.002 0.008 0.009 0.003 0.014 0.020 0.717 0.004 0.011 0.003 0.012 0.007 
 217   (0.029) 0.007 0.002 0.535 0.003 0.006 0.002 0.007 0.005 0.001 0.009 0.016 0.028 0.003 0.009 0.002 0.010 0.004 
 229   (0.018) 0.005 0.001 0.004 0.002 0.004 0.001 0.004 0.059 0.001 0.005 0.011 0.001 0.002 0.006 0.001 0.006 0.003 
 215   (0.017) 0.004 0.001 0.041 0.001 0.007 0.001 0.002 0.003 0.001 0.003 0.021 0.002 0.002 0.005 0.008 0.302 0.002 
 205   (0.028) 0.007 0.001 0.005 0.003 0.007 0.001 0.007 0.004 0.001 0.019 0.020 0.002 0.003 0.011 0.003 0.011 0.004 
 227   (0.034) 0.020 0.002 0.006 0.012 0.015 0.002 0.011 0.007 0.002 0.015 0.027 0.004 0.009 0.013 0.002 0.020 0.029 

Locus 6 : 
25 alleles
30.9% missing data
 214   (0.052) 0.022 0.003 0.023 0.221 0.022 0.005 0.026 0.013 0.117 0.048 0.042 0.006 0.014 0.023 0.006 0.119 0.018 
 222   (0.060) 0.016 0.004 0.014 0.491 0.161 0.029 0.051 0.016 0.092 0.120 0.052 0.009 0.031 0.024 0.007 0.039 0.014 
 206   (0.059) 0.014 0.007 0.019 0.008 0.057 0.008 0.038 0.299 0.368 0.024 0.085 0.011 0.012 0.029 0.022 0.053 0.050 
 218   (0.076) 0.052 0.006 0.021 0.014 0.126 0.011 0.148 0.319 0.362 0.037 0.059 0.140 0.027 0.035 0.081 0.089 0.034 
 216   (0.054) 0.021 0.007 0.015 0.006 0.041 0.409 0.042 0.022 0.003 0.022 0.045 0.117 0.011 0.324 0.025 0.066 0.018 
 208   (0.037) 0.012 0.003 0.008 0.004 0.018 0.210 0.019 0.014 0.002 0.104 0.026 0.005 0.025 0.042 0.004 0.021 0.009 
 238   (0.044) 0.010 0.535 0.018 0.005 0.032 0.165 0.016 0.010 0.002 0.016 0.043 0.006 0.008 0.016 0.004 0.021 0.104 
 204   (0.030) 0.007 0.002 0.006 0.003 0.009 0.002 0.010 0.005 0.001 0.294 0.015 0.003 0.068 0.010 0.003 0.011 0.006 
 234   (0.042) 0.010 0.003 0.010 0.005 0.101 0.008 0.037 0.016 0.003 0.017 0.056 0.006 0.007 0.077 0.131 0.032 0.015 
 242   (0.041) 0.009 0.003 0.041 0.004 0.072 0.004 0.191 0.010 0.002 0.020 0.035 0.006 0.007 0.069 0.005 0.031 0.009 
 210   (0.136) 0.515 0.402 0.049 0.029 0.129 0.049 0.103 0.140 0.011 0.094 0.281 0.118 0.432 0.066 0.667 0.201 0.608 
 246   (0.035) 0.008 0.002 0.012 0.004 0.019 0.005 0.013 0.018 0.010 0.019 0.035 0.007 0.008 0.015 0.004 0.036 0.010 
 258   (0.023) 0.006 0.002 0.006 0.003 0.102 0.026 0.030 0.005 0.001 0.008 0.028 0.003 0.004 0.010 0.003 0.021 0.008 
 240   (0.017) 0.005 0.001 0.005 0.003 0.007 0.039 0.006 0.004 0.001 0.009 0.013 0.003 0.004 0.006 0.002 0.009 0.004 
 256   (0.023) 0.005 0.001 0.004 0.114 0.006 0.002 0.005 0.004 0.006 0.007 0.012 0.002 0.003 0.007 0.002 0.008 0.005 
 254   (0.016) 0.005 0.001 0.004 0.045 0.005 0.002 0.006 0.004 0.002 0.008 0.009 0.002 0.003 0.006 0.002 0.007 0.005 
 236   (0.047) 0.014 0.003 0.010 0.016 0.021 0.004 0.021 0.020 0.004 0.028 0.035 0.531 0.300 0.086 0.005 0.037 0.023 
 248   (0.035) 0.007 0.002 0.041 0.004 0.012 0.003 0.180 0.021 0.004 0.018 0.022 0.004 0.005 0.012 0.003 0.023 0.013 
 252   (0.017) 0.004 0.001 0.005 0.002 0.007 0.002 0.007 0.026 0.001 0.008 0.014 0.003 0.002 0.006 0.002 0.020 0.005 
 224   (0.039) 0.017 0.002 0.020 0.006 0.015 0.004 0.012 0.008 0.002 0.015 0.028 0.004 0.006 0.076 0.009 0.106 0.010 
 230   (0.027) 0.006 0.002 0.373 0.003 0.008 0.003 0.009 0.005 0.001 0.024 0.018 0.004 0.005 0.011 0.003 0.012 0.007 
 228   (0.025) 0.022 0.002 0.006 0.003 0.008 0.007 0.007 0.005 0.002 0.011 0.012 0.003 0.007 0.027 0.002 0.011 0.005 
 266   (0.023) 0.069 0.001 0.006 0.002 0.006 0.002 0.007 0.005 0.001 0.009 0.012 0.003 0.004 0.008 0.002 0.010 0.005 
 212   (0.022) 0.005 0.001 0.277 0.002 0.006 0.002 0.007 0.005 0.001 0.035 0.013 0.003 0.006 0.008 0.007 0.010 0.005 
 232   (0.020) 0.139 0.001 0.007 0.002 0.008 0.001 0.008 0.004 0.001 0.006 0.010 0.002 0.003 0.006 0.002 0.008 0.010 

Locus 7 : 
7 alleles
1.5% missing data
 108   (0.652) 0.177 0.976 0.179 0.822 0.864 0.415 0.563 0.927 0.981 0.481 0.777 0.977 0.885 0.566 0.967 0.728 0.928 
 116   (0.033) 0.009 0.001 0.005 0.152 0.009 0.001 0.008 0.005 0.002 0.010 0.020 0.002 0.005 0.010 0.002 0.013 0.010 
 110   (0.141) 0.646 0.015 0.047 0.012 0.057 0.576 0.055 0.040 0.008 0.198 0.102 0.010 0.036 0.267 0.018 0.081 0.032 
 114   (0.066) 0.019 0.003 0.382 0.006 0.019 0.003 0.142 0.012 0.005 0.265 0.037 0.006 0.062 0.020 0.005 0.028 0.012 
 112   (0.068) 0.142 0.003 0.379 0.005 0.040 0.003 0.222 0.010 0.003 0.024 0.039 0.004 0.007 0.019 0.005 0.136 0.013 
 104   (0.022) 0.004 0.001 0.003 0.002 0.005 0.001 0.005 0.003 0.001 0.007 0.010 0.001 0.002 0.109 0.002 0.006 0.003 
 118   (0.019) 0.003 0.001 0.004 0.002 0.005 0.001 0.006 0.003 0.001 0.016 0.014 0.001 0.002 0.008 0.002 0.007 0.003 

Locus 8 : 
5 alleles
2.2% missing data
 160   (0.161) 0.152 0.065 0.036 0.384 0.053 0.007 0.049 0.317 0.541 0.093 0.097 0.053 0.026 0.053 0.238 0.070 0.441 
 162   (0.637) 0.797 0.914 0.906 0.600 0.870 0.981 0.871 0.616 0.451 0.490 0.668 0.907 0.156 0.625 0.737 0.602 0.313 
 164   (0.083) 0.022 0.006 0.014 0.006 0.029 0.004 0.035 0.015 0.004 0.376 0.065 0.013 0.773 0.125 0.009 0.041 0.019 
 166   (0.024) 0.004 0.005 0.004 0.002 0.010 0.001 0.010 0.005 0.001 0.009 0.015 0.007 0.004 0.013 0.002 0.010 0.009 
 158   (0.095) 0.025 0.011 0.040 0.007 0.038 0.007 0.035 0.047 0.004 0.032 0.154 0.021 0.042 0.184 0.015 0.277 0.219 

Locus 9 : 
4 alleles
0.0% missing data
 229   (0.498) 0.132 0.612 0.517 0.248 0.415 0.938 0.222 0.849 0.491 0.581 0.580 0.967 0.501 0.404 0.183 0.530 0.299 
 226   (0.351) 0.827 0.379 0.456 0.741 0.473 0.054 0.655 0.109 0.497 0.145 0.318 0.024 0.053 0.363 0.053 0.399 0.666 
 223   (0.128) 0.037 0.008 0.024 0.010 0.104 0.007 0.114 0.037 0.011 0.268 0.081 0.008 0.443 0.225 0.754 0.060 0.023 
 232   (0.023) 0.004 0.001 0.004 0.002 0.009 0.001 0.008 0.005 0.001 0.007 0.022 0.001 0.003 0.008 0.010 0.011 0.012 

Values of parameters used in structure:
DATAFILE=C:\Users\eschumacher\Documents\GitHub\Ten_Oaks\Data_Files\QUTO_wild\project_data,	OUTFILE=C:\Users\eschumacher\Documents\GitHub\Ten_Oaks\Data_Files\QUTO_wild\50-50\Results\50-50_run_82,	NUMINDS=136,	NUMLOCI=9,	MISSING=-9,	LABEL=1,	POPDATA=1,	POPFLAG=0,	PHENOTYPE=0,	EXTRACOLS=0,	MAXPOPS=17,	BURNIN=50000,	NUMREPS=50000,	USEPOPINFO=0,	INFERALPHA=1,	INFERLAMBDA=0,	POPSPECIFICLAMBDA=0,	POPALPHAS=0,	COMPUTEPROB=1,	NOADMIX=0,	ADMBURNIN=2500,	UPDATEFREQ=1,	PRINTLIKES=0,	INTERMEDSAVE=0,	PRINTKLD=0,	PRINTNET=0,	PRINTLAMBDA=0,	ANCESTDIST=0,	NUMBOXES=1000,	ANCESTPINT=0.90000,	GENSBACK=2,	MIGRPRIOR=0.05000,	PRINTQHAT=0,	PRINTQSUM=0,	ALPHA=1.0000,	FREQSCORR=1,	FPRIORMEAN=0.0100,	FPRIORSD=0.0500,	ONEFST=0,	LAMBDA=1.0000,	UNIFPRIORALPHA=1,	ALPHAMAX=10.0000,	ALPHAPRIORA=1.0000,	ALPHAPRIORB=2.0000,	ALPHAPROPSD=0.0250,	STARTATPOPINFO=0,	RANDOMIZE=1,	LINKAGE=0,	METROFREQ=10,	REPORTHITRATE=0,	MARKOVPHASE=-1,	PHASED=0,	PLOIDY=2,	PHASEINFO=0	LOCPRIOR=0, 	LOCPRIORINIT=1.000000, 	LOCDATA=0, 	LOCISPOP=0, 	LOCPRIORSTEP=0.100000, 	MAXLOCPRIOR=20.000000, 	SEED=1689804818,	
[STRAT parameters]:    NUMSIMSTATS=1000,	PHENOTYPECOL=-9,	POOLFREQ=10,	LOCUSxONLY=0,	EMERROR=0.00100,	MISSINGPHENO=-9,	