

----------------------------------------------------
STRUCTURE by Pritchard, Stephens and Donnelly (2000)
     and Falush, Stephens and Pritchard (2003)
       Code by Pritchard, Falush and Hubisz
             Version 2.3.4 (Jul 2012)
----------------------------------------------------



Command line arguments:   bin\structure -m C:\Users\eschumacher\Documents\GitHub\Ten_Oaks\Data_Files\QUTO_wild\50-50\mainparams -e C:\Users\eschumacher\Documents\GitHub\Ten_Oaks\Data_Files\QUTO_wild\50-50\extraparams 
Input File:    C:\Users\eschumacher\Documents\GitHub\Ten_Oaks\Data_Files\QUTO_wild\project_data

Run parameters:
   136 individuals
   9 loci
   16 populations assumed
   50000 Burn-in period
   50000 Reps


--------------------------------------------
Proportion of membership of each pre-defined
 population in each of the 16 clusters

Given    Inferred Clusters                                                                                                  Number of
 Pop       1      2      3      4      5      6      7      8      9     10     11     12     13     14     15     16      Individuals

  1:     0.073  0.022  0.014  0.015  0.025  0.141  0.476  0.018  0.020  0.017  0.020  0.031  0.010  0.081  0.025  0.012        1
  2:     0.006  0.010  0.446  0.007  0.008  0.006  0.008  0.004  0.006  0.463  0.005  0.011  0.005  0.005  0.005  0.005        4
  3:     0.011  0.015  0.008  0.793  0.025  0.020  0.020  0.007  0.018  0.011  0.015  0.021  0.013  0.013  0.004  0.005        4
  4:     0.059  0.008  0.006  0.040  0.016  0.179  0.064  0.007  0.008  0.008  0.012  0.014  0.004  0.016  0.009  0.550        5
  5:     0.033  0.129  0.145  0.135  0.030  0.072  0.093  0.054  0.020  0.107  0.012  0.046  0.018  0.068  0.028  0.012       71
  6:     0.007  0.007  0.004  0.004  0.007  0.247  0.005  0.003  0.008  0.004  0.670  0.006  0.006  0.004  0.005  0.012        2
  7:     0.044  0.008  0.018  0.011  0.025  0.045  0.021  0.007  0.030  0.015  0.006  0.077  0.039  0.005  0.642  0.007        5
  8:     0.177  0.056  0.012  0.012  0.189  0.093  0.020  0.040  0.131  0.011  0.037  0.115  0.017  0.007  0.016  0.069       10
  9:     0.364  0.026  0.017  0.082  0.033  0.026  0.017  0.021  0.125  0.014  0.042  0.074  0.020  0.011  0.010  0.118        8
 10:     0.018  0.006  0.120  0.014  0.091  0.016  0.058  0.019  0.201  0.032  0.072  0.117  0.046  0.015  0.047  0.128        9
 11:     0.007  0.011  0.011  0.014  0.038  0.019  0.013  0.007  0.053  0.040  0.052  0.084  0.548  0.049  0.005  0.048        3
 12:     0.026  0.011  0.007  0.032  0.119  0.026  0.027  0.010  0.059  0.008  0.011  0.031  0.006  0.021  0.594  0.009        1
 13:     0.018  0.011  0.048  0.007  0.155  0.073  0.075  0.010  0.355  0.016  0.107  0.031  0.024  0.007  0.055  0.008        3
 14:     0.169  0.008  0.020  0.004  0.024  0.542  0.016  0.009  0.014  0.022  0.023  0.050  0.006  0.005  0.028  0.061        1
 15:     0.006  0.019  0.004  0.005  0.005  0.006  0.004  0.003  0.005  0.004  0.005  0.006  0.915  0.004  0.005  0.005        2
 16:     0.031  0.039  0.029  0.009  0.210  0.225  0.068  0.007  0.200  0.040  0.042  0.033  0.013  0.010  0.034  0.010        4
 17:     0.005  0.005  0.005  0.008  0.007  0.007  0.007  0.005  0.006  0.005  0.870  0.007  0.004  0.053  0.003  0.005        3
--------------------------------------------

Allele-freq. divergence among pops (Net nucleotide distance),
computed using point estimates of P.

      1       2       3       4       5       6       7       8       9      10      11      12      13      14      15      16      
 1      -    0.1433  0.1609  0.1274  0.0469  0.0429  0.0749  0.1759  0.0481  0.1336  0.0951  0.0261  0.1597  0.1688  0.1694  0.1226  
 2   0.1433     -    0.2795  0.1914  0.1327  0.1060  0.1488  0.2901  0.1461  0.2286  0.2078  0.1243  0.1884  0.2414  0.2701  0.2504  
 3   0.1609  0.2795     -    0.2549  0.1459  0.1806  0.1482  0.2976  0.1695  0.1271  0.2322  0.1143  0.2390  0.2884  0.3339  0.1941  
 4   0.1274  0.1914  0.2549     -    0.1185  0.1614  0.1157  0.2589  0.1301  0.2445  0.1389  0.1093  0.3146  0.1620  0.3813  0.2191  
 5   0.0469  0.1327  0.1459  0.1185     -    0.0442  0.0520  0.1647  0.0176  0.0969  0.0596  0.0192  0.1312  0.1530  0.2057  0.1250  
 6   0.0429  0.1060  0.1806  0.1614  0.0442     -    0.0627  0.2008  0.0585  0.1239  0.0822  0.0378  0.1628  0.1651  0.1779  0.1555  
 7   0.0749  0.1488  0.1482  0.1157  0.0520  0.0627     -    0.1725  0.0956  0.1508  0.1166  0.0463  0.1942  0.1108  0.2240  0.1625  
 8   0.1759  0.2901  0.2976  0.2589  0.1647  0.2008  0.1725     -    0.1844  0.2676  0.2438  0.1461  0.2575  0.2337  0.2961  0.2144  
 9   0.0481  0.1461  0.1695  0.1301  0.0176  0.0585  0.0956  0.1844     -    0.1121  0.0585  0.0318  0.1339  0.1997  0.2158  0.1313  
10   0.1336  0.2286  0.1271  0.2445  0.0969  0.1239  0.1508  0.2676  0.1121     -    0.1702  0.0796  0.1949  0.2758  0.2397  0.1706  
11   0.0951  0.2078  0.2322  0.1389  0.0596  0.0822  0.1166  0.2438  0.0585  0.1702     -    0.0723  0.2268  0.1928  0.3084  0.1766  
12   0.0261  0.1243  0.1143  0.1093  0.0192  0.0378  0.0463  0.1461  0.0318  0.0796  0.0723     -    0.1214  0.1382  0.1747  0.0825  
13   0.1597  0.1884  0.2390  0.3146  0.1312  0.1628  0.1942  0.2575  0.1339  0.1949  0.2268  0.1214     -    0.2988  0.2704  0.2432  
14   0.1688  0.2414  0.2884  0.1620  0.1530  0.1651  0.1108  0.2337  0.1997  0.2758  0.1928  0.1382  0.2988     -    0.3576  0.2644  
15   0.1694  0.2701  0.3339  0.3813  0.2057  0.1779  0.2240  0.2961  0.2158  0.2397  0.3084  0.1747  0.2704  0.3576     -    0.2703  
16   0.1226  0.2504  0.1941  0.2191  0.1250  0.1555  0.1625  0.2144  0.1313  0.1706  0.1766  0.0825  0.2432  0.2644  0.2703     -    

Average distances (expected heterozygosity) between individuals in same cluster:
cluster  1  : 0.5933 
cluster  2  : 0.2465 
cluster  3  : 0.3156 
cluster  4  : 0.3072 
cluster  5  : 0.5604 
cluster  6  : 0.4275 
cluster  7  : 0.4070 
cluster  8  : 0.3273 
cluster  9  : 0.5654 
cluster 10  : 0.4165 
cluster 11  : 0.4688 
cluster 12  : 0.6078 
cluster 13  : 0.4276 
cluster 14  : 0.2096 
cluster 15  : 0.3346 
cluster 16  : 0.4820 

--------------------------------------------
Estimated Ln Prob of Data   = -2225.3
Mean value of ln likelihood = -1822.9
Variance of ln likelihood   = 804.7
Mean value of alpha         = 0.0361

Mean value of Fst_1         = 0.1952
Mean value of Fst_2         = 0.5747
Mean value of Fst_3         = 0.4909
Mean value of Fst_4         = 0.4802
Mean value of Fst_5         = 0.2544
Mean value of Fst_6         = 0.3174
Mean value of Fst_7         = 0.3066
Mean value of Fst_8         = 0.5534
Mean value of Fst_9         = 0.2761
Mean value of Fst_10         = 0.4033
Mean value of Fst_11         = 0.3377
Mean value of Fst_12         = 0.0396
Mean value of Fst_13         = 0.4152
Mean value of Fst_14         = 0.6651
Mean value of Fst_15         = 0.5441
Mean value of Fst_16         = 0.3579


Inferred ancestry of individuals:
        Label (%Miss) Pop:  Inferred clusters
  1 QTo-W-0007   (11)    1 :  0.073 0.022 0.014 0.015 0.025 0.141 0.476 0.018 0.020 0.017 0.020 0.031 0.010 0.081 0.025 0.012 
  2 QTo-W-0009    (0)    2 :  0.005 0.025 0.007 0.015 0.005 0.005 0.006 0.005 0.004 0.894 0.004 0.006 0.004 0.005 0.005 0.004 
  3 QTo-W-0010    (0)    2 :  0.009 0.005 0.840 0.005 0.016 0.008 0.012 0.004 0.010 0.031 0.006 0.027 0.006 0.006 0.006 0.008 
  4 QTo-W-0011    (0)    2 :  0.004 0.005 0.009 0.005 0.006 0.005 0.008 0.005 0.004 0.920 0.004 0.006 0.004 0.005 0.006 0.004 
  5 QTo-W-0012   (22)    2 :  0.004 0.004 0.927 0.005 0.005 0.005 0.007 0.004 0.005 0.007 0.005 0.005 0.004 0.004 0.003 0.005 
  6 QTo-W-0020   (22)    3 :  0.005 0.006 0.007 0.934 0.004 0.004 0.004 0.003 0.005 0.004 0.004 0.005 0.003 0.005 0.003 0.004 
  7 QTo-W-0021   (22)    3 :  0.012 0.016 0.006 0.837 0.009 0.016 0.018 0.013 0.008 0.006 0.009 0.009 0.006 0.023 0.005 0.006 
  8 QTo-W-0023   (22)    3 :  0.007 0.030 0.008 0.859 0.009 0.008 0.015 0.006 0.007 0.006 0.010 0.009 0.005 0.013 0.004 0.005 
  9 QTo-W-0024   (11)    3 :  0.021 0.009 0.012 0.542 0.078 0.053 0.041 0.006 0.050 0.030 0.036 0.062 0.038 0.011 0.005 0.006 
 10 QTo-W-0033    (0)    4 :  0.009 0.004 0.007 0.017 0.007 0.009 0.005 0.006 0.006 0.016 0.004 0.009 0.004 0.005 0.005 0.887 
 11 QTo-W-0035   (11)    4 :  0.005 0.005 0.007 0.005 0.006 0.006 0.006 0.007 0.005 0.006 0.005 0.006 0.004 0.006 0.006 0.914 
 12 QTo-W-0036    (0)    4 :  0.004 0.004 0.004 0.004 0.004 0.005 0.004 0.005 0.004 0.004 0.004 0.004 0.003 0.004 0.005 0.936 
 13 QTo-W-0039   (11)    4 :  0.123 0.017 0.005 0.111 0.037 0.383 0.196 0.010 0.011 0.008 0.014 0.020 0.006 0.041 0.011 0.007 
 14 QTo-W-0041    (0)    4 :  0.155 0.009 0.004 0.062 0.026 0.490 0.109 0.009 0.013 0.007 0.034 0.031 0.005 0.023 0.017 0.006 
 15 QTo-W-0044    (0)    5 :  0.006 0.043 0.005 0.011 0.021 0.009 0.005 0.145 0.058 0.620 0.007 0.014 0.007 0.005 0.039 0.005 
 16 QTo-W-0047    (0)    5 :  0.005 0.005 0.023 0.005 0.007 0.006 0.008 0.005 0.006 0.891 0.005 0.011 0.004 0.005 0.008 0.006 
 17 QTo-W-0048   (11)    5 :  0.005 0.006 0.013 0.006 0.006 0.007 0.013 0.005 0.006 0.894 0.005 0.007 0.005 0.007 0.009 0.005 
 18 QTo-W-0049    (0)    5 :  0.005 0.004 0.890 0.004 0.009 0.006 0.009 0.004 0.006 0.030 0.004 0.006 0.004 0.005 0.006 0.008 
 19 QTo-W-0050   (22)    5 :  0.024 0.481 0.030 0.022 0.017 0.053 0.012 0.007 0.018 0.035 0.025 0.048 0.079 0.012 0.006 0.132 
 20 QTo-W-0052    (0)    5 :  0.008 0.005 0.017 0.005 0.014 0.008 0.023 0.153 0.020 0.008 0.005 0.015 0.015 0.011 0.686 0.006 
 21 QTo-W-0054    (0)    5 :  0.004 0.004 0.931 0.004 0.005 0.005 0.007 0.003 0.004 0.006 0.004 0.005 0.004 0.005 0.003 0.004 
 22 QTo-W-0056    (0)    5 :  0.004 0.004 0.911 0.004 0.005 0.004 0.006 0.004 0.004 0.026 0.004 0.006 0.004 0.004 0.006 0.004 
 23 QTo-W-0057    (0)    5 :  0.006 0.005 0.777 0.004 0.007 0.009 0.006 0.004 0.006 0.141 0.004 0.007 0.004 0.004 0.009 0.007 
 24 QTo-W-0058    (0)    5 :  0.004 0.004 0.934 0.004 0.005 0.005 0.006 0.003 0.004 0.005 0.004 0.005 0.004 0.005 0.003 0.004 
 25 QTo-W-0059    (0)    5 :  0.013 0.091 0.565 0.024 0.016 0.009 0.018 0.104 0.031 0.044 0.007 0.027 0.011 0.005 0.028 0.005 
 26 QTo-W-0060    (0)    5 :  0.006 0.005 0.857 0.005 0.005 0.009 0.008 0.004 0.005 0.065 0.005 0.006 0.004 0.005 0.006 0.006 
 27 QTo-W-0061    (0)    5 :  0.035 0.008 0.463 0.040 0.075 0.091 0.099 0.009 0.021 0.005 0.021 0.079 0.006 0.031 0.010 0.006 
 28 QTo-W-0062   (11)    5 :  0.005 0.005 0.920 0.006 0.005 0.006 0.006 0.004 0.005 0.007 0.005 0.006 0.005 0.006 0.004 0.005 
 29 QTo-W-0065   (11)    5 :  0.013 0.010 0.716 0.052 0.019 0.018 0.045 0.014 0.014 0.007 0.023 0.013 0.006 0.040 0.004 0.005 
 30 QTo-W-0067    (0)    5 :  0.015 0.008 0.746 0.032 0.013 0.033 0.029 0.010 0.008 0.035 0.011 0.013 0.004 0.028 0.008 0.007 
 31 QTo-W-0071    (0)    5 :  0.160 0.012 0.005 0.013 0.039 0.618 0.035 0.007 0.008 0.009 0.015 0.035 0.014 0.018 0.005 0.006 
 32 QTo-W-0072    (0)    5 :  0.015 0.626 0.004 0.214 0.015 0.015 0.028 0.007 0.017 0.003 0.011 0.011 0.004 0.014 0.008 0.006 
 33 QTo-W-0075    (0)    5 :  0.008 0.074 0.005 0.778 0.011 0.012 0.021 0.016 0.012 0.006 0.005 0.009 0.011 0.017 0.011 0.005 
 34 QTo-W-0076   (11)    5 :  0.014 0.016 0.009 0.797 0.017 0.021 0.010 0.007 0.025 0.012 0.021 0.014 0.011 0.009 0.004 0.011 
 35 QTo-W-0077   (11)    5 :  0.013 0.050 0.024 0.291 0.020 0.018 0.147 0.008 0.011 0.331 0.011 0.033 0.006 0.022 0.005 0.012 
 36 QTo-W-0079    (0)    5 :  0.005 0.005 0.005 0.943 0.003 0.004 0.004 0.003 0.004 0.003 0.004 0.004 0.003 0.005 0.002 0.004 
 37 QTo-W-0080   (11)    5 :  0.136 0.007 0.156 0.168 0.043 0.138 0.074 0.010 0.043 0.007 0.017 0.153 0.007 0.018 0.011 0.012 
 38 QTo-W-0081   (11)    5 :  0.010 0.006 0.008 0.851 0.015 0.010 0.016 0.008 0.013 0.007 0.016 0.009 0.004 0.011 0.004 0.011 
 39 QTo-W-0082    (0)    5 :  0.042 0.011 0.015 0.752 0.013 0.080 0.009 0.006 0.013 0.007 0.012 0.017 0.008 0.007 0.004 0.005 
 40 QTo-W-0087    (0)    5 :  0.006 0.014 0.009 0.910 0.006 0.005 0.008 0.004 0.005 0.006 0.005 0.006 0.004 0.007 0.003 0.004 
 41 QTo-W-0088   (11)    5 :  0.006 0.008 0.013 0.895 0.007 0.006 0.011 0.005 0.006 0.007 0.007 0.007 0.004 0.009 0.004 0.005 
 42 QTo-W-0089   (11)    5 :  0.007 0.008 0.005 0.894 0.007 0.008 0.008 0.007 0.009 0.005 0.006 0.007 0.005 0.011 0.004 0.010 
 43 QTo-W-0090    (0)    5 :  0.019 0.008 0.007 0.767 0.016 0.035 0.010 0.008 0.014 0.026 0.009 0.034 0.005 0.009 0.004 0.029 
 44 QTo-W-0093   (11)    5 :  0.053 0.231 0.039 0.240 0.051 0.134 0.027 0.006 0.036 0.026 0.017 0.064 0.048 0.008 0.015 0.005 
 45 QTo-W-0098    (0)    5 :  0.007 0.859 0.013 0.008 0.008 0.010 0.023 0.005 0.007 0.010 0.008 0.009 0.012 0.010 0.007 0.004 
 46 QTo-W-0101   (11)    5 :  0.010 0.799 0.017 0.012 0.011 0.018 0.032 0.007 0.012 0.014 0.009 0.012 0.017 0.014 0.010 0.006 
 47 QTo-W-0114    (0)    5 :  0.006 0.893 0.004 0.015 0.007 0.009 0.013 0.006 0.006 0.004 0.005 0.006 0.005 0.012 0.006 0.004 
 48 QTo-W-0116   (11)    5 :  0.005 0.913 0.005 0.006 0.006 0.008 0.005 0.005 0.006 0.006 0.005 0.006 0.009 0.005 0.005 0.004 
 49 QTo-W-0117   (22)    5 :  0.006 0.891 0.007 0.010 0.007 0.010 0.007 0.005 0.007 0.007 0.006 0.008 0.011 0.008 0.005 0.005 
 50 QTo-W-0118    (0)    5 :  0.004 0.931 0.004 0.005 0.005 0.005 0.004 0.004 0.006 0.004 0.006 0.004 0.007 0.005 0.004 0.003 
 51 QTo-W-0121   (11)    5 :  0.008 0.836 0.005 0.037 0.011 0.012 0.008 0.005 0.010 0.026 0.007 0.011 0.008 0.006 0.004 0.005 
 52 QTo-W-0124   (11)    5 :  0.006 0.005 0.041 0.004 0.007 0.008 0.006 0.004 0.006 0.875 0.006 0.008 0.006 0.004 0.004 0.009 
 53 QTo-W-0128    (0)    5 :  0.004 0.004 0.015 0.005 0.005 0.006 0.005 0.003 0.005 0.919 0.004 0.007 0.004 0.004 0.004 0.006 
 54 QTo-W-0129    (0)    5 :  0.007 0.005 0.022 0.006 0.012 0.007 0.007 0.004 0.007 0.878 0.005 0.021 0.006 0.004 0.004 0.008 
 55 QTo-W-0131   (11)    5 :  0.039 0.006 0.048 0.046 0.128 0.024 0.062 0.030 0.047 0.024 0.013 0.416 0.013 0.015 0.004 0.085 
 56 QTo-W-0133   (11)    5 :  0.022 0.010 0.020 0.014 0.062 0.070 0.282 0.014 0.031 0.038 0.014 0.084 0.186 0.027 0.117 0.010 
 57 QTo-W-0137    (0)    5 :  0.150 0.061 0.006 0.025 0.040 0.528 0.028 0.007 0.014 0.014 0.027 0.064 0.015 0.010 0.006 0.005 
 58 QTo-W-0138    (0)    5 :  0.011 0.005 0.268 0.004 0.084 0.014 0.130 0.017 0.014 0.228 0.008 0.150 0.010 0.035 0.013 0.009 
 59 QTo-W-0139    (0)    5 :  0.005 0.004 0.005 0.004 0.005 0.005 0.005 0.915 0.004 0.007 0.004 0.005 0.004 0.008 0.016 0.005 
 60 QTo-W-0140   (22)    5 :  0.005 0.005 0.005 0.005 0.005 0.005 0.006 0.923 0.005 0.004 0.004 0.005 0.005 0.006 0.005 0.006 
 61 QTo-W-0142    (0)    5 :  0.004 0.004 0.004 0.005 0.004 0.005 0.005 0.932 0.004 0.003 0.004 0.004 0.004 0.010 0.004 0.004 
 62 QTo-W-0144    (0)    5 :  0.024 0.009 0.265 0.008 0.019 0.073 0.257 0.009 0.014 0.013 0.068 0.127 0.069 0.011 0.007 0.026 
 63 QTo-W-0149   (22)    5 :  0.007 0.006 0.006 0.008 0.008 0.007 0.010 0.008 0.006 0.005 0.072 0.012 0.006 0.831 0.004 0.005 
 64 QTo-W-0151   (11)    5 :  0.014 0.005 0.018 0.028 0.014 0.010 0.036 0.006 0.010 0.004 0.005 0.012 0.006 0.820 0.007 0.005 
 65 QTo-W-0153   (22)    5 :  0.005 0.006 0.005 0.007 0.005 0.005 0.008 0.007 0.004 0.004 0.005 0.005 0.005 0.922 0.004 0.004 
 66 QTo-W-0154    (0)    5 :  0.022 0.025 0.004 0.011 0.014 0.048 0.042 0.043 0.014 0.004 0.012 0.012 0.011 0.717 0.015 0.006 
 67 QTo-W-0159   (11)    5 :  0.116 0.039 0.019 0.008 0.025 0.434 0.197 0.011 0.017 0.007 0.015 0.024 0.023 0.013 0.048 0.006 
 68 QTo-W-0161   (11)    5 :  0.044 0.025 0.005 0.007 0.013 0.089 0.041 0.033 0.013 0.005 0.013 0.019 0.008 0.662 0.013 0.008 
 69 QTo-W-0162    (0)    5 :  0.103 0.206 0.005 0.022 0.078 0.101 0.032 0.015 0.062 0.004 0.008 0.236 0.055 0.038 0.012 0.023 
 70 QTo-W-0163   (11)    5 :  0.166 0.006 0.029 0.213 0.085 0.038 0.175 0.044 0.087 0.006 0.020 0.073 0.014 0.019 0.012 0.013 
 71 QTo-W-0167   (11)    5 :  0.048 0.323 0.013 0.017 0.019 0.139 0.021 0.012 0.015 0.079 0.040 0.059 0.027 0.010 0.137 0.042 
 72 QTo-W-0170    (0)    5 :  0.130 0.035 0.008 0.007 0.049 0.494 0.028 0.007 0.026 0.019 0.009 0.062 0.026 0.007 0.084 0.010 
 73 QTo-W-0171   (22)    5 :  0.100 0.014 0.086 0.014 0.058 0.260 0.043 0.015 0.024 0.048 0.017 0.175 0.070 0.017 0.007 0.052 
 74 QTo-W-0172   (22)    5 :  0.038 0.100 0.008 0.006 0.051 0.077 0.016 0.034 0.036 0.008 0.010 0.356 0.109 0.009 0.088 0.055 
 75 QTo-W-0173   (11)    5 :  0.150 0.016 0.008 0.010 0.018 0.566 0.070 0.011 0.012 0.016 0.018 0.021 0.007 0.018 0.053 0.005 
 76 QTo-W-0174    (0)    5 :  0.036 0.236 0.013 0.040 0.028 0.078 0.440 0.010 0.019 0.009 0.008 0.022 0.007 0.023 0.025 0.008 
 77 QTo-W-0175    (0)    5 :  0.015 0.007 0.105 0.014 0.126 0.028 0.274 0.010 0.013 0.023 0.012 0.305 0.014 0.042 0.005 0.008 
 78 QTo-W-0182   (22)    5 :  0.006 0.007 0.009 0.008 0.009 0.009 0.008 0.004 0.008 0.893 0.009 0.008 0.006 0.006 0.005 0.005 
 79 QTo-W-0184    (0)    5 :  0.187 0.038 0.012 0.044 0.096 0.044 0.198 0.011 0.144 0.013 0.013 0.082 0.008 0.019 0.036 0.054 
 80 QTo-W-0188    (0)    5 :  0.076 0.016 0.018 0.005 0.050 0.257 0.117 0.009 0.020 0.014 0.007 0.062 0.104 0.007 0.232 0.006 
 81 QTo-W-0192   (11)    5 :  0.008 0.009 0.010 0.010 0.008 0.010 0.859 0.006 0.008 0.026 0.008 0.011 0.005 0.013 0.005 0.004 
 82 QTo-W-0193    (0)    5 :  0.010 0.006 0.020 0.007 0.009 0.009 0.877 0.005 0.005 0.005 0.009 0.011 0.005 0.010 0.006 0.005 
 83 QTo-W-0194    (0)    5 :  0.005 0.006 0.020 0.007 0.007 0.008 0.887 0.004 0.005 0.017 0.005 0.007 0.004 0.010 0.005 0.004 
 84 QTo-W-0196   (11)    5 :  0.028 0.016 0.008 0.029 0.229 0.097 0.349 0.027 0.102 0.006 0.010 0.020 0.023 0.032 0.018 0.005 
 85 QTo-W-0197    (0)    5 :  0.027 0.013 0.006 0.107 0.211 0.098 0.310 0.016 0.103 0.013 0.011 0.025 0.018 0.022 0.016 0.005 
 86 QTo-W-0200   (11)    6 :  0.006 0.007 0.004 0.003 0.007 0.247 0.005 0.003 0.007 0.005 0.672 0.006 0.005 0.004 0.005 0.013 
 87 QTo-W-0201   (22)    6 :  0.008 0.007 0.004 0.004 0.008 0.246 0.005 0.003 0.008 0.004 0.669 0.006 0.006 0.003 0.006 0.012 
 88 QTo-W-0205    (0)    7 :  0.004 0.004 0.003 0.003 0.004 0.005 0.004 0.004 0.004 0.004 0.003 0.004 0.006 0.004 0.943 0.004 
 89 QTo-W-0208    (0)    7 :  0.145 0.011 0.070 0.042 0.074 0.042 0.027 0.017 0.117 0.057 0.016 0.154 0.021 0.007 0.184 0.015 
 90 QTo-W-0211    (0)    7 :  0.060 0.017 0.008 0.004 0.038 0.163 0.067 0.005 0.020 0.005 0.005 0.218 0.161 0.006 0.214 0.009 
 91 QTo-W-0212   (11)    7 :  0.004 0.004 0.005 0.003 0.004 0.005 0.005 0.003 0.004 0.005 0.003 0.004 0.004 0.003 0.939 0.004 
 92 QTo-W-0213    (0)    7 :  0.008 0.004 0.004 0.003 0.004 0.011 0.005 0.003 0.004 0.004 0.003 0.006 0.005 0.003 0.931 0.004 
 93 QTo-W-0216   (11)    8 :  0.006 0.006 0.007 0.007 0.590 0.009 0.035 0.005 0.212 0.008 0.082 0.011 0.005 0.007 0.004 0.005 
 94 QTo-W-0220    (0)    8 :  0.012 0.004 0.010 0.006 0.587 0.007 0.030 0.004 0.212 0.015 0.075 0.018 0.005 0.005 0.004 0.005 
 95 QTo-W-0224   (11)    8 :  0.029 0.017 0.040 0.008 0.196 0.094 0.017 0.038 0.251 0.030 0.024 0.139 0.056 0.007 0.007 0.046 
 96 QTo-W-0225   (11)    8 :  0.694 0.005 0.019 0.009 0.009 0.016 0.008 0.004 0.178 0.008 0.008 0.010 0.004 0.004 0.018 0.005 
 97 QTo-W-0227   (11)    8 :  0.030 0.007 0.007 0.014 0.359 0.040 0.030 0.013 0.186 0.012 0.087 0.078 0.037 0.008 0.006 0.085 
 98 QTo-W-0229    (0)    8 :  0.681 0.003 0.008 0.043 0.007 0.016 0.005 0.006 0.177 0.003 0.023 0.011 0.003 0.005 0.004 0.004 
 99 QTo-W-0231    (0)    8 :  0.027 0.003 0.006 0.007 0.041 0.004 0.004 0.007 0.013 0.013 0.010 0.685 0.006 0.003 0.033 0.136 
100 QTo-W-0238   (22)    8 :  0.159 0.025 0.007 0.008 0.045 0.505 0.025 0.033 0.039 0.009 0.025 0.031 0.012 0.014 0.045 0.018 
101 QTo-W-0240    (0)    8 :  0.071 0.022 0.008 0.006 0.036 0.213 0.022 0.016 0.014 0.011 0.024 0.142 0.009 0.010 0.029 0.367 
102 QTo-W-0242    (0)    8 :  0.057 0.466 0.004 0.009 0.023 0.024 0.019 0.270 0.027 0.004 0.007 0.023 0.029 0.008 0.012 0.019 
103 QTo-W-0244    (0)    9 :  0.018 0.050 0.003 0.009 0.056 0.064 0.008 0.011 0.074 0.004 0.015 0.022 0.016 0.005 0.009 0.635 
104 QTo-W-0245   (11)    9 :  0.373 0.012 0.006 0.012 0.036 0.042 0.012 0.018 0.132 0.011 0.018 0.098 0.017 0.013 0.010 0.192 
105 QTo-W-0251    (0)    9 :  0.017 0.076 0.004 0.350 0.029 0.029 0.056 0.005 0.013 0.004 0.245 0.091 0.046 0.017 0.012 0.006 
106 QTo-W-0253    (0)    9 :  0.656 0.020 0.004 0.017 0.033 0.011 0.007 0.006 0.180 0.005 0.007 0.028 0.007 0.004 0.008 0.007 
107 QTo-W-0256   (11)    9 :  0.378 0.008 0.072 0.093 0.029 0.022 0.012 0.006 0.126 0.068 0.012 0.110 0.007 0.006 0.007 0.044 
108 QTo-W-0258    (0)    9 :  0.239 0.005 0.038 0.156 0.049 0.021 0.007 0.042 0.206 0.011 0.026 0.156 0.007 0.007 0.004 0.025 
109 QTo-W-0259    (0)    9 :  0.635 0.022 0.005 0.016 0.014 0.008 0.013 0.045 0.145 0.004 0.004 0.029 0.015 0.023 0.008 0.012 
110 QTo-W-0260   (22)    9 :  0.597 0.010 0.005 0.005 0.018 0.012 0.020 0.037 0.126 0.004 0.005 0.060 0.047 0.008 0.021 0.023 
111 QTo-W-0274   (11)   10 :  0.028 0.006 0.006 0.013 0.185 0.010 0.010 0.005 0.515 0.007 0.160 0.035 0.006 0.006 0.004 0.005 
112 QTo-W-0275    (0)   10 :  0.010 0.007 0.278 0.005 0.032 0.018 0.090 0.006 0.025 0.030 0.078 0.149 0.108 0.051 0.011 0.101 
113 QTo-W-0278    (0)   10 :  0.024 0.007 0.010 0.045 0.117 0.028 0.267 0.025 0.094 0.007 0.025 0.098 0.104 0.033 0.083 0.032 
114 QTo-W-0283   (11)   10 :  0.022 0.006 0.042 0.015 0.026 0.011 0.027 0.011 0.018 0.027 0.008 0.131 0.009 0.006 0.133 0.507 
115 QTo-W-0284    (0)   10 :  0.014 0.008 0.023 0.010 0.017 0.009 0.026 0.015 0.019 0.016 0.041 0.180 0.013 0.005 0.160 0.443 
116 QTo-W-0287   (22)   10 :  0.011 0.005 0.007 0.015 0.190 0.007 0.006 0.009 0.545 0.008 0.160 0.010 0.005 0.005 0.004 0.015 
117 QTo-W-0289   (22)   10 :  0.006 0.008 0.007 0.009 0.200 0.008 0.007 0.005 0.547 0.008 0.162 0.008 0.009 0.006 0.005 0.005 
118 QTo-W-0293    (0)   10 :  0.029 0.006 0.017 0.004 0.044 0.033 0.011 0.033 0.037 0.171 0.008 0.420 0.149 0.019 0.006 0.013 
119 QTo-W-0295   (11)   10 :  0.020 0.004 0.689 0.007 0.012 0.021 0.074 0.061 0.013 0.009 0.008 0.020 0.010 0.007 0.017 0.028 
120 QTo-W-0296   (11)   11 :  0.007 0.009 0.011 0.006 0.008 0.019 0.010 0.008 0.010 0.008 0.006 0.010 0.805 0.075 0.004 0.005 
121 QTo-W-0298    (0)   11 :  0.005 0.010 0.008 0.005 0.007 0.020 0.008 0.009 0.007 0.006 0.005 0.008 0.827 0.066 0.004 0.004 
122 QTo-W-0300   (11)   11 :  0.009 0.015 0.014 0.030 0.099 0.018 0.022 0.005 0.141 0.106 0.146 0.234 0.013 0.008 0.006 0.134 
123 QTo-W-0302    (0)   12 :  0.026 0.011 0.007 0.032 0.119 0.026 0.027 0.010 0.059 0.008 0.011 0.031 0.006 0.021 0.594 0.009 
124 QTo-W-0305    (0)   13 :  0.011 0.006 0.006 0.008 0.183 0.013 0.008 0.016 0.519 0.008 0.158 0.021 0.021 0.005 0.006 0.012 
125 QTo-W-0308   (11)   13 :  0.011 0.009 0.008 0.007 0.181 0.021 0.011 0.008 0.500 0.009 0.152 0.030 0.033 0.006 0.007 0.006 
126 QTo-W-0309   (11)   13 :  0.033 0.018 0.130 0.005 0.100 0.185 0.205 0.005 0.047 0.031 0.011 0.043 0.017 0.011 0.154 0.007 
127 QTo-W-0311    (0)   14 :  0.169 0.008 0.020 0.004 0.024 0.542 0.016 0.009 0.014 0.022 0.023 0.050 0.006 0.005 0.028 0.061 
128 QTo-W-0312    (0)   15 :  0.006 0.031 0.003 0.007 0.006 0.006 0.004 0.003 0.005 0.004 0.004 0.005 0.904 0.004 0.005 0.004 
129 QTo-W-0315   (11)   15 :  0.006 0.006 0.004 0.004 0.005 0.007 0.004 0.003 0.005 0.004 0.005 0.006 0.926 0.004 0.005 0.005 
130 QTo-W-0318    (0)   16 :  0.009 0.033 0.017 0.004 0.255 0.222 0.034 0.009 0.278 0.007 0.043 0.023 0.017 0.006 0.033 0.008 
131 QTo-W-0322   (11)   16 :  0.015 0.038 0.010 0.005 0.238 0.246 0.017 0.008 0.271 0.009 0.073 0.018 0.011 0.005 0.024 0.012 
132 QTo-W-0326   (22)   16 :  0.034 0.062 0.034 0.007 0.162 0.236 0.082 0.006 0.119 0.110 0.035 0.038 0.013 0.009 0.039 0.012 
133 QTo-W-0327   (11)   16 :  0.067 0.023 0.055 0.019 0.186 0.194 0.137 0.005 0.130 0.035 0.016 0.055 0.011 0.020 0.038 0.009 
134 QTo-W-0328    (0)   17 :  0.005 0.004 0.005 0.007 0.007 0.006 0.007 0.005 0.006 0.004 0.785 0.008 0.004 0.142 0.003 0.004 
135 QTo-W-0329    (0)   17 :  0.005 0.004 0.005 0.007 0.006 0.006 0.006 0.005 0.005 0.004 0.924 0.005 0.003 0.007 0.003 0.004 
136 QTo-W-0330   (11)   17 :  0.006 0.006 0.006 0.011 0.008 0.008 0.009 0.006 0.008 0.005 0.900 0.007 0.004 0.009 0.003 0.005 


Estimated Allele Frequencies in each cluster
First column gives estimated ancestral frequencies


Locus 1 : 
4 alleles
0.7% missing data
 149   (0.836) 0.557 0.993 0.993 0.993 0.954 0.974 0.976 0.970 0.874 0.987 0.973 0.837 0.601 0.991 0.217 0.923 
 147   (0.067) 0.080 0.003 0.003 0.003 0.018 0.008 0.009 0.018 0.026 0.005 0.011 0.061 0.378 0.004 0.232 0.015 
 155   (0.057) 0.017 0.003 0.002 0.002 0.017 0.012 0.009 0.007 0.012 0.004 0.010 0.067 0.013 0.003 0.548 0.051 
 161   (0.040) 0.345 0.002 0.002 0.002 0.011 0.006 0.006 0.005 0.088 0.003 0.007 0.034 0.008 0.002 0.003 0.011 

Locus 2 : 
6 alleles
12.5% missing data
 179   (0.373) 0.406 0.227 0.060 0.967 0.550 0.439 0.787 0.682 0.416 0.035 0.790 0.336 0.073 0.950 0.029 0.065 
 176   (0.148) 0.090 0.014 0.162 0.007 0.061 0.141 0.048 0.220 0.053 0.548 0.035 0.141 0.035 0.011 0.931 0.050 
 173   (0.253) 0.265 0.016 0.745 0.016 0.114 0.165 0.108 0.055 0.135 0.395 0.077 0.311 0.068 0.019 0.019 0.792 
 164   (0.029) 0.011 0.001 0.025 0.001 0.010 0.005 0.005 0.004 0.008 0.004 0.007 0.024 0.005 0.002 0.002 0.005 
 182   (0.144) 0.070 0.739 0.006 0.007 0.220 0.236 0.026 0.030 0.285 0.013 0.072 0.143 0.812 0.013 0.014 0.076 
 170   (0.053) 0.157 0.003 0.002 0.003 0.045 0.014 0.026 0.009 0.103 0.004 0.019 0.044 0.008 0.004 0.005 0.012 

Locus 3 : 
17 alleles
0.0% missing data
 220   (0.159) 0.101 0.009 0.111 0.008 0.275 0.084 0.168 0.030 0.212 0.432 0.062 0.165 0.048 0.016 0.523 0.360 
 222   (0.178) 0.306 0.014 0.020 0.222 0.116 0.364 0.106 0.544 0.185 0.017 0.277 0.183 0.221 0.137 0.021 0.086 
 218   (0.163) 0.101 0.008 0.668 0.177 0.314 0.116 0.339 0.022 0.277 0.434 0.300 0.165 0.029 0.016 0.020 0.071 
 226   (0.066) 0.088 0.928 0.006 0.554 0.021 0.014 0.025 0.027 0.031 0.075 0.013 0.054 0.013 0.005 0.007 0.011 
 258   (0.069) 0.040 0.003 0.006 0.010 0.049 0.078 0.042 0.011 0.023 0.011 0.013 0.099 0.307 0.008 0.018 0.015 
 224   (0.055) 0.028 0.015 0.003 0.002 0.016 0.048 0.009 0.007 0.015 0.006 0.119 0.050 0.195 0.003 0.009 0.373 
 228   (0.069) 0.074 0.009 0.007 0.016 0.081 0.216 0.113 0.010 0.038 0.006 0.029 0.073 0.033 0.010 0.382 0.012 
 256   (0.021) 0.005 0.001 0.171 0.001 0.007 0.003 0.004 0.002 0.004 0.001 0.003 0.015 0.003 0.001 0.001 0.003 
 264   (0.020) 0.005 0.001 0.001 0.001 0.004 0.002 0.003 0.317 0.004 0.001 0.003 0.016 0.002 0.001 0.001 0.002 
 230   (0.022) 0.006 0.001 0.001 0.001 0.005 0.003 0.003 0.002 0.004 0.002 0.003 0.017 0.107 0.790 0.001 0.003 
 260   (0.039) 0.020 0.005 0.002 0.002 0.016 0.016 0.008 0.005 0.010 0.003 0.007 0.047 0.008 0.004 0.004 0.035 
 262   (0.025) 0.008 0.003 0.001 0.001 0.008 0.006 0.004 0.005 0.006 0.002 0.004 0.025 0.010 0.002 0.004 0.006 
 234   (0.021) 0.005 0.001 0.001 0.001 0.005 0.002 0.162 0.002 0.004 0.002 0.003 0.016 0.003 0.001 0.001 0.003 
 232   (0.023) 0.007 0.001 0.001 0.001 0.025 0.040 0.004 0.003 0.013 0.002 0.118 0.019 0.004 0.001 0.002 0.005 
 250   (0.022) 0.127 0.001 0.001 0.001 0.006 0.003 0.003 0.002 0.033 0.002 0.003 0.017 0.003 0.001 0.002 0.003 
 216   (0.023) 0.072 0.001 0.001 0.001 0.006 0.003 0.005 0.007 0.017 0.002 0.003 0.018 0.010 0.002 0.002 0.005 
 266   (0.024) 0.007 0.001 0.001 0.001 0.046 0.003 0.004 0.003 0.123 0.002 0.038 0.022 0.004 0.001 0.002 0.006 

Locus 4 : 
2 alleles
1.5% missing data
 137   (0.975) 0.994 0.999 0.999 0.999 0.907 0.997 0.994 0.998 0.968 0.998 0.987 0.981 0.997 0.999 0.998 0.996 
 139   (0.025) 0.006 0.001 0.001 0.001 0.093 0.003 0.006 0.002 0.032 0.002 0.013 0.019 0.003 0.001 0.002 0.004 

Locus 5 : 
17 alleles
11.8% missing data
 187   (0.266) 0.579 0.740 0.014 0.016 0.294 0.802 0.505 0.050 0.315 0.031 0.303 0.274 0.063 0.169 0.862 0.222 
 243   (0.036) 0.009 0.002 0.002 0.003 0.011 0.004 0.120 0.003 0.008 0.422 0.006 0.028 0.005 0.002 0.002 0.006 
 203   (0.082) 0.185 0.006 0.927 0.368 0.034 0.015 0.017 0.008 0.075 0.010 0.016 0.077 0.012 0.006 0.008 0.014 
 201   (0.121) 0.063 0.047 0.006 0.440 0.103 0.066 0.075 0.014 0.080 0.342 0.037 0.126 0.019 0.012 0.010 0.038 
 197   (0.066) 0.019 0.004 0.003 0.144 0.097 0.010 0.012 0.007 0.150 0.006 0.038 0.058 0.010 0.004 0.006 0.634 
 195   (0.060) 0.024 0.006 0.006 0.004 0.062 0.008 0.010 0.873 0.178 0.024 0.034 0.051 0.009 0.004 0.060 0.011 
 247   (0.023) 0.006 0.001 0.002 0.001 0.007 0.003 0.004 0.003 0.006 0.102 0.004 0.018 0.003 0.001 0.002 0.004 
 235   (0.031) 0.024 0.003 0.002 0.004 0.013 0.038 0.009 0.004 0.011 0.003 0.008 0.029 0.005 0.003 0.002 0.005 
 249   (0.024) 0.006 0.176 0.001 0.001 0.006 0.003 0.003 0.002 0.006 0.002 0.005 0.019 0.003 0.001 0.002 0.003 
 199   (0.066) 0.020 0.004 0.007 0.007 0.041 0.018 0.092 0.008 0.030 0.007 0.036 0.070 0.814 0.012 0.015 0.016 
 245   (0.035) 0.010 0.002 0.021 0.002 0.042 0.006 0.067 0.005 0.010 0.019 0.006 0.065 0.006 0.014 0.003 0.006 
 219   (0.044) 0.011 0.002 0.003 0.002 0.015 0.006 0.009 0.004 0.012 0.004 0.085 0.037 0.009 0.726 0.003 0.011 
 217   (0.040) 0.011 0.002 0.002 0.003 0.013 0.005 0.007 0.004 0.010 0.004 0.381 0.034 0.006 0.039 0.003 0.007 
 229   (0.009) 0.004 0.001 0.000 0.001 0.004 0.002 0.048 0.001 0.002 0.001 0.004 0.008 0.001 0.001 0.002 0.002 
 215   (0.036) 0.010 0.002 0.001 0.002 0.237 0.005 0.012 0.004 0.088 0.003 0.027 0.029 0.005 0.003 0.016 0.006 
 205   (0.029) 0.008 0.001 0.001 0.001 0.009 0.003 0.004 0.003 0.007 0.003 0.005 0.034 0.004 0.002 0.002 0.010 
 227   (0.031) 0.010 0.001 0.001 0.001 0.012 0.006 0.005 0.007 0.012 0.017 0.005 0.042 0.025 0.003 0.003 0.006 

Locus 6 : 
25 alleles
30.9% missing data
 214   (0.051) 0.020 0.003 0.117 0.005 0.101 0.014 0.013 0.010 0.045 0.211 0.016 0.066 0.016 0.006 0.006 0.027 
 222   (0.072) 0.059 0.005 0.084 0.031 0.033 0.161 0.017 0.012 0.021 0.490 0.017 0.065 0.018 0.011 0.008 0.146 
 206   (0.051) 0.038 0.007 0.365 0.007 0.033 0.065 0.281 0.010 0.021 0.006 0.012 0.053 0.060 0.009 0.025 0.015 
 218   (0.059) 0.029 0.004 0.376 0.008 0.124 0.087 0.290 0.024 0.069 0.014 0.016 0.079 0.025 0.131 0.078 0.016 
 216   (0.071) 0.261 0.009 0.004 0.399 0.068 0.031 0.030 0.013 0.096 0.008 0.015 0.065 0.020 0.125 0.032 0.018 
 208   (0.033) 0.040 0.002 0.002 0.210 0.018 0.009 0.014 0.006 0.022 0.004 0.007 0.030 0.008 0.005 0.004 0.127 
 238   (0.049) 0.022 0.526 0.002 0.172 0.019 0.029 0.011 0.008 0.013 0.005 0.014 0.041 0.119 0.006 0.005 0.010 
 204   (0.021) 0.006 0.001 0.001 0.002 0.007 0.004 0.004 0.003 0.005 0.002 0.004 0.018 0.004 0.002 0.002 0.401 
 234   (0.048) 0.093 0.003 0.003 0.009 0.023 0.105 0.019 0.007 0.026 0.005 0.012 0.048 0.018 0.008 0.138 0.011 
 242   (0.034) 0.069 0.002 0.002 0.004 0.014 0.126 0.010 0.005 0.019 0.004 0.144 0.029 0.008 0.005 0.004 0.009 
 210   (0.130) 0.076 0.411 0.009 0.047 0.271 0.125 0.186 0.515 0.376 0.027 0.088 0.132 0.587 0.113 0.649 0.075 
 246   (0.029) 0.013 0.002 0.010 0.006 0.030 0.013 0.017 0.006 0.012 0.004 0.008 0.035 0.007 0.009 0.003 0.011 
 258   (0.026) 0.034 0.002 0.001 0.027 0.015 0.104 0.008 0.004 0.008 0.003 0.006 0.023 0.009 0.004 0.004 0.006 
 240   (0.028) 0.010 0.002 0.001 0.040 0.010 0.007 0.006 0.005 0.008 0.004 0.006 0.022 0.007 0.004 0.003 0.009 
 256   (0.015) 0.004 0.001 0.001 0.001 0.005 0.003 0.003 0.002 0.003 0.122 0.003 0.011 0.003 0.001 0.001 0.003 
 254   (0.025) 0.008 0.002 0.001 0.002 0.009 0.005 0.005 0.004 0.007 0.050 0.005 0.022 0.006 0.003 0.002 0.006 
 236   (0.063) 0.082 0.004 0.006 0.005 0.031 0.017 0.020 0.336 0.031 0.019 0.013 0.067 0.028 0.528 0.007 0.023 
 248   (0.029) 0.010 0.002 0.003 0.002 0.010 0.062 0.016 0.004 0.007 0.003 0.146 0.027 0.012 0.004 0.003 0.008 
 252   (0.018) 0.006 0.001 0.002 0.002 0.015 0.004 0.020 0.003 0.006 0.003 0.004 0.025 0.005 0.006 0.002 0.004 
 224   (0.033) 0.066 0.002 0.002 0.004 0.081 0.008 0.009 0.005 0.045 0.005 0.013 0.029 0.009 0.004 0.009 0.008 
 230   (0.028) 0.009 0.002 0.001 0.006 0.011 0.005 0.006 0.004 0.007 0.003 0.229 0.034 0.008 0.006 0.003 0.013 
 228   (0.017) 0.020 0.001 0.001 0.006 0.008 0.004 0.003 0.006 0.018 0.002 0.005 0.017 0.005 0.002 0.002 0.006 
 266   (0.021) 0.009 0.001 0.001 0.002 0.019 0.004 0.004 0.003 0.042 0.002 0.013 0.018 0.005 0.002 0.002 0.005 
 212   (0.027) 0.009 0.002 0.001 0.002 0.009 0.005 0.006 0.004 0.008 0.003 0.182 0.026 0.006 0.005 0.008 0.039 
 232   (0.021) 0.006 0.001 0.001 0.002 0.034 0.004 0.004 0.003 0.085 0.002 0.025 0.017 0.006 0.002 0.002 0.005 

Locus 7 : 
7 alleles
1.5% missing data
 108   (0.647) 0.650 0.977 0.981 0.422 0.621 0.837 0.925 0.957 0.375 0.825 0.152 0.656 0.936 0.978 0.965 0.438 
 116   (0.034) 0.009 0.001 0.001 0.002 0.010 0.005 0.005 0.005 0.008 0.148 0.005 0.033 0.010 0.002 0.002 0.005 
 110   (0.149) 0.217 0.015 0.009 0.569 0.181 0.032 0.042 0.022 0.433 0.013 0.107 0.161 0.029 0.010 0.020 0.173 
 114   (0.057) 0.016 0.002 0.004 0.002 0.019 0.044 0.010 0.006 0.015 0.006 0.352 0.051 0.010 0.004 0.004 0.360 
 112   (0.063) 0.016 0.003 0.003 0.003 0.156 0.076 0.011 0.006 0.140 0.005 0.376 0.051 0.009 0.004 0.005 0.012 
 104   (0.026) 0.086 0.001 0.001 0.001 0.006 0.003 0.003 0.002 0.024 0.002 0.004 0.020 0.003 0.001 0.002 0.004 
 118   (0.024) 0.007 0.001 0.001 0.001 0.007 0.003 0.003 0.002 0.005 0.002 0.004 0.028 0.003 0.001 0.002 0.009 

Locus 8 : 
5 alleles
2.2% missing data
 160   (0.163) 0.051 0.062 0.536 0.007 0.078 0.035 0.277 0.023 0.105 0.381 0.047 0.156 0.388 0.069 0.233 0.066 
 162   (0.627) 0.667 0.915 0.455 0.981 0.647 0.907 0.636 0.110 0.722 0.603 0.903 0.635 0.336 0.898 0.739 0.456 
 164   (0.093) 0.111 0.007 0.004 0.004 0.039 0.016 0.016 0.818 0.047 0.007 0.015 0.105 0.022 0.011 0.009 0.453 
 166   (0.023) 0.011 0.004 0.001 0.001 0.009 0.006 0.005 0.003 0.007 0.002 0.004 0.022 0.006 0.006 0.002 0.005 
 158   (0.094) 0.160 0.012 0.004 0.006 0.227 0.036 0.067 0.046 0.119 0.007 0.031 0.082 0.248 0.016 0.017 0.019 

Locus 9 : 
4 alleles
0.0% missing data
 229   (0.504) 0.435 0.607 0.500 0.934 0.407 0.380 0.846 0.503 0.256 0.238 0.336 0.522 0.278 0.967 0.197 0.582 
 226   (0.345) 0.372 0.384 0.487 0.058 0.509 0.517 0.113 0.047 0.648 0.750 0.633 0.342 0.686 0.024 0.063 0.077 
 223   (0.127) 0.184 0.008 0.012 0.007 0.076 0.094 0.035 0.447 0.091 0.010 0.028 0.113 0.022 0.008 0.728 0.337 
 232   (0.024) 0.009 0.001 0.001 0.001 0.008 0.009 0.006 0.002 0.005 0.002 0.003 0.022 0.014 0.001 0.011 0.004 

Values of parameters used in structure:
DATAFILE=C:\Users\eschumacher\Documents\GitHub\Ten_Oaks\Data_Files\QUTO_wild\project_data,	OUTFILE=C:\Users\eschumacher\Documents\GitHub\Ten_Oaks\Data_Files\QUTO_wild\50-50\Results\50-50_run_76,	NUMINDS=136,	NUMLOCI=9,	MISSING=-9,	LABEL=1,	POPDATA=1,	POPFLAG=0,	PHENOTYPE=0,	EXTRACOLS=0,	MAXPOPS=16,	BURNIN=50000,	NUMREPS=50000,	USEPOPINFO=0,	INFERALPHA=1,	INFERLAMBDA=0,	POPSPECIFICLAMBDA=0,	POPALPHAS=0,	COMPUTEPROB=1,	NOADMIX=0,	ADMBURNIN=2500,	UPDATEFREQ=1,	PRINTLIKES=0,	INTERMEDSAVE=0,	PRINTKLD=0,	PRINTNET=0,	PRINTLAMBDA=0,	ANCESTDIST=0,	NUMBOXES=1000,	ANCESTPINT=0.90000,	GENSBACK=2,	MIGRPRIOR=0.05000,	PRINTQHAT=0,	PRINTQSUM=0,	ALPHA=1.0000,	FREQSCORR=1,	FPRIORMEAN=0.0100,	FPRIORSD=0.0500,	ONEFST=0,	LAMBDA=1.0000,	UNIFPRIORALPHA=1,	ALPHAMAX=10.0000,	ALPHAPRIORA=1.0000,	ALPHAPRIORB=2.0000,	ALPHAPROPSD=0.0250,	STARTATPOPINFO=0,	RANDOMIZE=1,	LINKAGE=0,	METROFREQ=10,	REPORTHITRATE=0,	MARKOVPHASE=-1,	PHASED=0,	PLOIDY=2,	PHASEINFO=0	LOCPRIOR=0, 	LOCPRIORINIT=1.000000, 	LOCDATA=0, 	LOCISPOP=0, 	LOCPRIORSTEP=0.100000, 	MAXLOCPRIOR=20.000000, 	SEED=1689804362,	
[STRAT parameters]:    NUMSIMSTATS=1000,	PHENOTYPECOL=-9,	POOLFREQ=10,	LOCUSxONLY=0,	EMERROR=0.00100,	MISSINGPHENO=-9,	