

----------------------------------------------------
STRUCTURE by Pritchard, Stephens and Donnelly (2000)
     and Falush, Stephens and Pritchard (2003)
       Code by Pritchard, Falush and Hubisz
             Version 2.3.4 (Jul 2012)
----------------------------------------------------



Command line arguments:   bin\structure -m C:\Users\eschumacher\Documents\GitHub\Ten_Oaks\Data_Files\QUTO_wild\50-50\mainparams -e C:\Users\eschumacher\Documents\GitHub\Ten_Oaks\Data_Files\QUTO_wild\50-50\extraparams 
Input File:    C:\Users\eschumacher\Documents\GitHub\Ten_Oaks\Data_Files\QUTO_wild\project_data

Run parameters:
   136 individuals
   9 loci
   19 populations assumed
   50000 Burn-in period
   50000 Reps


--------------------------------------------
Proportion of membership of each pre-defined
 population in each of the 19 clusters

Given    Inferred Clusters                                                                                                                       Number of
 Pop       1      2      3      4      5      6      7      8      9     10     11     12     13     14     15     16     17     18     19      Individuals

  1:     0.020  0.119  0.012  0.009  0.016  0.012  0.033  0.357  0.018  0.075  0.054  0.084  0.018  0.017  0.053  0.011  0.023  0.018  0.052        1
  2:     0.005  0.007  0.428  0.004  0.017  0.005  0.008  0.008  0.004  0.008  0.008  0.009  0.008  0.455  0.005  0.006  0.005  0.006  0.005        4
  3:     0.013  0.019  0.008  0.010  0.024  0.005  0.017  0.014  0.006  0.026  0.022  0.015  0.017  0.007  0.010  0.016  0.004  0.753  0.012        4
  4:     0.015  0.095  0.005  0.004  0.012  0.537  0.017  0.037  0.007  0.060  0.057  0.066  0.008  0.006  0.019  0.005  0.008  0.027  0.013        5
  5:     0.011  0.050  0.135  0.014  0.060  0.011  0.030  0.066  0.052  0.048  0.035  0.050  0.123  0.060  0.024  0.013  0.025  0.129  0.066       71
  6:     0.463  0.010  0.004  0.006  0.005  0.011  0.254  0.005  0.003  0.007  0.188  0.010  0.007  0.004  0.005  0.006  0.005  0.004  0.004        2
  7:     0.005  0.030  0.014  0.029  0.006  0.006  0.037  0.019  0.006  0.054  0.029  0.050  0.007  0.023  0.031  0.019  0.621  0.009  0.005        5
  8:     0.050  0.087  0.009  0.014  0.012  0.054  0.135  0.035  0.038  0.063  0.120  0.075  0.053  0.017  0.172  0.031  0.015  0.011  0.007       10
  9:     0.038  0.027  0.013  0.015  0.038  0.111  0.037  0.057  0.019  0.050  0.029  0.043  0.025  0.006  0.350  0.046  0.009  0.076  0.011        8
 10:     0.018  0.024  0.110  0.036  0.034  0.121  0.040  0.055  0.017  0.061  0.028  0.039  0.006  0.015  0.018  0.307  0.043  0.011  0.016        9
 11:     0.032  0.011  0.010  0.527  0.083  0.031  0.038  0.051  0.008  0.034  0.020  0.028  0.011  0.008  0.008  0.057  0.005  0.010  0.028        3
 12:     0.016  0.040  0.006  0.006  0.007  0.008  0.063  0.021  0.008  0.035  0.074  0.030  0.011  0.017  0.025  0.008  0.566  0.038  0.021        1
 13:     0.018  0.084  0.028  0.024  0.025  0.007  0.032  0.040  0.008  0.036  0.041  0.071  0.009  0.013  0.009  0.496  0.046  0.006  0.006        3
 14:     0.024  0.240  0.015  0.006  0.076  0.052  0.062  0.021  0.009  0.104  0.080  0.209  0.007  0.007  0.042  0.006  0.032  0.004  0.005        1
 15:     0.005  0.005  0.003  0.897  0.004  0.005  0.006  0.004  0.003  0.006  0.007  0.006  0.022  0.004  0.005  0.005  0.005  0.005  0.004        2
 16:     0.024  0.311  0.017  0.009  0.039  0.008  0.100  0.026  0.007  0.032  0.067  0.181  0.025  0.019  0.019  0.077  0.025  0.008  0.008        4
 17:     0.856  0.006  0.005  0.004  0.005  0.004  0.007  0.006  0.005  0.006  0.006  0.006  0.004  0.004  0.005  0.007  0.003  0.007  0.056        3
--------------------------------------------

Allele-freq. divergence among pops (Net nucleotide distance),
computed using point estimates of P.

      1       2       3       4       5       6       7       8       9      10      11      12      13      14      15      16      17      18      19      
 1      -    0.0968  0.2475  0.2545  0.2217  0.1946  0.0622  0.1091  0.2521  0.0818  0.0628  0.0858  0.2273  0.1995  0.1128  0.1131  0.3400  0.1416  0.1881  
 2   0.0968     -    0.1646  0.1527  0.1357  0.1562  0.0200  0.0470  0.1994  0.0179  0.0214  0.0036  0.1022  0.1313  0.0567  0.1048  0.1846  0.1636  0.1654  
 3   0.2475  0.1646     -    0.2559  0.1429  0.2079  0.1418  0.1441  0.3133  0.1339  0.1530  0.1415  0.2916  0.1820  0.1720  0.2411  0.3582  0.2667  0.2962  
 4   0.2545  0.1527  0.2559     -    0.2273  0.2615  0.1356  0.1767  0.2739  0.1373  0.1468  0.1422  0.1999  0.2284  0.1737  0.1872  0.2849  0.3324  0.3115  
 5   0.2217  0.1357  0.1429  0.2273     -    0.1839  0.1178  0.1815  0.3233  0.1174  0.1271  0.1228  0.2733  0.1488  0.1742  0.1827  0.3332  0.2881  0.3221  
 6   0.1946  0.1562  0.2079  0.2615  0.1839     -    0.1082  0.1566  0.2265  0.1096  0.1240  0.1284  0.2639  0.2169  0.1374  0.1899  0.2905  0.2312  0.2765  
 7   0.0622  0.0200  0.1418  0.1356  0.1178  0.1082     -    0.0383  0.1699  0.0084  0.0027  0.0104  0.1226  0.1098  0.0392  0.0760  0.1958  0.1244  0.1499  
 8   0.1091  0.0470  0.1441  0.1767  0.1815  0.1566  0.0383     -    0.1675  0.0265  0.0326  0.0337  0.1433  0.1485  0.0614  0.1547  0.2220  0.1173  0.1148  
 9   0.2521  0.1994  0.3133  0.2739  0.3233  0.2265  0.1699  0.1675     -    0.1533  0.1666  0.1773  0.3033  0.2766  0.1862  0.2435  0.3144  0.2716  0.2439  
10   0.0818  0.0179  0.1339  0.1373  0.1174  0.1096  0.0084  0.0265  0.1533     -    0.0088  0.0073  0.1165  0.1128  0.0373  0.0947  0.1829  0.1133  0.1299  
11   0.0628  0.0214  0.1530  0.1468  0.1271  0.1240  0.0027  0.0326  0.1666  0.0088     -    0.0131  0.1270  0.1158  0.0453  0.0867  0.2030  0.1171  0.1371  
12   0.0858  0.0036  0.1415  0.1422  0.1228  0.1284  0.0104  0.0337  0.1773  0.0073  0.0131     -    0.1051  0.1130  0.0412  0.0954  0.1778  0.1402  0.1492  
13   0.2273  0.1022  0.2916  0.1999  0.2733  0.2639  0.1226  0.1433  0.3033  0.1165  0.1270  0.1051     -    0.2408  0.1629  0.2140  0.2855  0.1974  0.2487  
14   0.1995  0.1313  0.1820  0.2284  0.1488  0.2169  0.1098  0.1485  0.2766  0.1128  0.1158  0.1130  0.2408     -    0.1666  0.1828  0.2320  0.2616  0.2788  
15   0.1128  0.0567  0.1720  0.1737  0.1742  0.1374  0.0392  0.0614  0.1862  0.0373  0.0453  0.0412  0.1629  0.1666     -    0.1210  0.1875  0.1302  0.1796  
16   0.1131  0.1048  0.2411  0.1872  0.1827  0.1899  0.0760  0.1547  0.2435  0.0947  0.0867  0.0954  0.2140  0.1828  0.1210     -    0.3047  0.1787  0.2778  
17   0.3400  0.1846  0.3582  0.2849  0.3332  0.2905  0.1958  0.2220  0.3144  0.1829  0.2030  0.1778  0.2855  0.2320  0.1875  0.3047     -    0.4034  0.3769  
18   0.1416  0.1636  0.2667  0.3324  0.2881  0.2312  0.1244  0.1173  0.2716  0.1133  0.1171  0.1402  0.1974  0.2616  0.1302  0.1787  0.4034     -    0.1686  
19   0.1881  0.1654  0.2962  0.3115  0.3221  0.2765  0.1499  0.1148  0.2439  0.1299  0.1371  0.1492  0.2487  0.2788  0.1796  0.2778  0.3769  0.1686     -    

Average distances (expected heterozygosity) between individuals in same cluster:
cluster  1  : 0.4496 
cluster  2  : 0.4551 
cluster  3  : 0.3016 
cluster  4  : 0.4194 
cluster  5  : 0.3304 
cluster  6  : 0.4719 
cluster  7  : 0.5885 
cluster  8  : 0.4601 
cluster  9  : 0.3143 
cluster 10  : 0.5503 
cluster 11  : 0.5554 
cluster 12  : 0.5196 
cluster 13  : 0.2385 
cluster 14  : 0.3912 
cluster 15  : 0.6092 
cluster 16  : 0.4559 
cluster 17  : 0.3199 
cluster 18  : 0.2979 
cluster 19  : 0.2053 

--------------------------------------------
Estimated Ln Prob of Data   = -2245.4
Mean value of ln likelihood = -1774.7
Variance of ln likelihood   = 941.5
Mean value of alpha         = 0.0356

Mean value of Fst_1         = 0.3803
Mean value of Fst_2         = 0.3505
Mean value of Fst_3         = 0.5194
Mean value of Fst_4         = 0.4331
Mean value of Fst_5         = 0.4845
Mean value of Fst_6         = 0.3792
Mean value of Fst_7         = 0.1872
Mean value of Fst_8         = 0.3404
Mean value of Fst_9         = 0.5768
Mean value of Fst_10         = 0.1860
Mean value of Fst_11         = 0.2860
Mean value of Fst_12         = 0.2239
Mean value of Fst_13         = 0.5998
Mean value of Fst_14         = 0.4590
Mean value of Fst_15         = 0.2066
Mean value of Fst_16         = 0.3478
Mean value of Fst_17         = 0.5650
Mean value of Fst_18         = 0.5112
Mean value of Fst_19         = 0.6663


Inferred ancestry of individuals:
        Label (%Miss) Pop:  Inferred clusters
  1 QTo-W-0007   (11)    1 :  0.020 0.119 0.012 0.009 0.016 0.012 0.033 0.357 0.018 0.075 0.054 0.084 0.018 0.017 0.053 0.011 0.023 0.018 0.052 
  2 QTo-W-0009    (0)    2 :  0.004 0.005 0.007 0.004 0.020 0.004 0.006 0.006 0.004 0.005 0.005 0.005 0.019 0.879 0.005 0.005 0.004 0.012 0.004 
  3 QTo-W-0010    (0)    2 :  0.006 0.011 0.783 0.005 0.020 0.009 0.018 0.014 0.004 0.017 0.016 0.019 0.005 0.039 0.009 0.009 0.007 0.005 0.005 
  4 QTo-W-0011    (0)    2 :  0.004 0.005 0.010 0.005 0.021 0.004 0.005 0.006 0.004 0.005 0.005 0.006 0.004 0.897 0.004 0.004 0.005 0.004 0.005 
  5 QTo-W-0012   (22)    2 :  0.005 0.006 0.912 0.004 0.007 0.005 0.005 0.006 0.003 0.005 0.005 0.005 0.005 0.005 0.004 0.005 0.003 0.005 0.005 
  6 QTo-W-0020   (22)    3 :  0.004 0.004 0.006 0.003 0.003 0.004 0.004 0.004 0.003 0.004 0.004 0.004 0.006 0.004 0.005 0.005 0.003 0.924 0.005 
  7 QTo-W-0021   (22)    3 :  0.012 0.014 0.006 0.005 0.005 0.006 0.008 0.013 0.011 0.012 0.010 0.012 0.016 0.006 0.009 0.010 0.004 0.821 0.019 
  8 QTo-W-0023   (22)    3 :  0.014 0.008 0.008 0.005 0.006 0.005 0.008 0.012 0.005 0.009 0.008 0.010 0.037 0.007 0.007 0.007 0.004 0.831 0.012 
  9 QTo-W-0024   (11)    3 :  0.024 0.052 0.011 0.028 0.081 0.006 0.047 0.029 0.006 0.080 0.066 0.035 0.009 0.013 0.018 0.044 0.005 0.436 0.012 
 10 QTo-W-0033    (0)    4 :  0.005 0.008 0.007 0.004 0.024 0.859 0.007 0.006 0.006 0.008 0.006 0.008 0.004 0.013 0.007 0.004 0.005 0.014 0.005 
 11 QTo-W-0035   (11)    4 :  0.005 0.006 0.006 0.004 0.008 0.897 0.006 0.006 0.007 0.006 0.006 0.006 0.006 0.005 0.005 0.005 0.006 0.005 0.005 
 12 QTo-W-0036    (0)    4 :  0.004 0.004 0.005 0.003 0.006 0.921 0.004 0.004 0.005 0.005 0.005 0.004 0.004 0.004 0.004 0.004 0.005 0.004 0.005 
 13 QTo-W-0039   (11)    4 :  0.023 0.202 0.005 0.005 0.011 0.005 0.028 0.110 0.011 0.149 0.134 0.140 0.016 0.005 0.036 0.007 0.010 0.069 0.034 
 14 QTo-W-0041    (0)    4 :  0.037 0.255 0.004 0.004 0.010 0.005 0.040 0.062 0.008 0.134 0.134 0.173 0.010 0.004 0.041 0.006 0.012 0.043 0.017 
 15 QTo-W-0044    (0)    5 :  0.005 0.013 0.005 0.008 0.030 0.004 0.009 0.005 0.106 0.008 0.009 0.009 0.037 0.607 0.006 0.102 0.024 0.009 0.004 
 16 QTo-W-0047    (0)    5 :  0.005 0.007 0.014 0.004 0.017 0.005 0.005 0.007 0.004 0.008 0.006 0.005 0.005 0.885 0.004 0.005 0.005 0.004 0.005 
 17 QTo-W-0048   (11)    5 :  0.005 0.007 0.010 0.005 0.025 0.005 0.006 0.010 0.005 0.006 0.006 0.008 0.006 0.867 0.005 0.005 0.007 0.005 0.006 
 18 QTo-W-0049    (0)    5 :  0.005 0.010 0.845 0.004 0.023 0.008 0.007 0.008 0.003 0.007 0.009 0.007 0.004 0.032 0.006 0.006 0.006 0.004 0.004 
 19 QTo-W-0050   (22)    5 :  0.016 0.028 0.027 0.058 0.042 0.120 0.052 0.015 0.006 0.038 0.036 0.028 0.458 0.015 0.014 0.012 0.006 0.018 0.010 
 20 QTo-W-0052    (0)    5 :  0.004 0.013 0.013 0.019 0.006 0.006 0.009 0.017 0.153 0.011 0.009 0.017 0.005 0.021 0.013 0.025 0.647 0.004 0.010 
 21 QTo-W-0054    (0)    5 :  0.004 0.005 0.919 0.004 0.007 0.004 0.004 0.006 0.003 0.004 0.004 0.005 0.004 0.005 0.004 0.004 0.003 0.005 0.005 
 22 QTo-W-0056    (0)    5 :  0.004 0.005 0.883 0.004 0.006 0.004 0.005 0.005 0.004 0.005 0.006 0.005 0.004 0.040 0.004 0.004 0.006 0.003 0.004 
 23 QTo-W-0057    (0)    5 :  0.005 0.010 0.711 0.005 0.075 0.007 0.007 0.006 0.003 0.006 0.007 0.008 0.004 0.119 0.005 0.006 0.010 0.004 0.004 
 24 QTo-W-0058    (0)    5 :  0.004 0.006 0.919 0.004 0.007 0.004 0.004 0.006 0.003 0.005 0.005 0.005 0.004 0.004 0.004 0.004 0.003 0.004 0.005 
 25 QTo-W-0059    (0)    5 :  0.005 0.012 0.542 0.009 0.011 0.005 0.014 0.014 0.088 0.015 0.010 0.019 0.085 0.067 0.010 0.047 0.020 0.021 0.005 
 26 QTo-W-0060    (0)    5 :  0.004 0.009 0.809 0.004 0.029 0.006 0.006 0.006 0.004 0.007 0.006 0.008 0.004 0.073 0.005 0.005 0.005 0.005 0.004 
 27 QTo-W-0061    (0)    5 :  0.023 0.080 0.432 0.006 0.007 0.005 0.039 0.060 0.007 0.075 0.070 0.082 0.007 0.006 0.027 0.009 0.009 0.028 0.027 
 28 QTo-W-0062   (11)    5 :  0.005 0.006 0.904 0.005 0.011 0.005 0.005 0.006 0.004 0.006 0.005 0.006 0.005 0.006 0.005 0.005 0.004 0.005 0.005 
 29 QTo-W-0065   (11)    5 :  0.027 0.018 0.689 0.006 0.008 0.004 0.015 0.038 0.013 0.017 0.019 0.016 0.010 0.008 0.013 0.012 0.004 0.044 0.040 
 30 QTo-W-0067    (0)    5 :  0.011 0.025 0.697 0.004 0.016 0.007 0.011 0.023 0.009 0.018 0.015 0.020 0.008 0.059 0.008 0.006 0.007 0.032 0.024 
 31 QTo-W-0071    (0)    5 :  0.012 0.325 0.005 0.013 0.015 0.006 0.024 0.024 0.007 0.128 0.110 0.254 0.012 0.011 0.012 0.008 0.006 0.014 0.014 
 32 QTo-W-0072    (0)    5 :  0.009 0.017 0.004 0.004 0.003 0.006 0.010 0.022 0.007 0.015 0.013 0.011 0.594 0.004 0.015 0.022 0.011 0.217 0.014 
 33 QTo-W-0075    (0)    5 :  0.005 0.020 0.004 0.010 0.008 0.004 0.010 0.014 0.015 0.023 0.028 0.008 0.064 0.005 0.010 0.009 0.010 0.737 0.016 
 34 QTo-W-0076   (11)    5 :  0.017 0.017 0.007 0.009 0.017 0.010 0.013 0.010 0.007 0.014 0.015 0.016 0.015 0.010 0.010 0.037 0.004 0.764 0.008 
 35 QTo-W-0077   (11)    5 :  0.011 0.021 0.037 0.005 0.090 0.015 0.033 0.130 0.007 0.047 0.036 0.043 0.047 0.117 0.031 0.009 0.004 0.298 0.019 
 36 QTo-W-0079    (0)    5 :  0.004 0.003 0.005 0.002 0.003 0.003 0.004 0.004 0.003 0.004 0.003 0.003 0.005 0.003 0.004 0.004 0.003 0.935 0.004 
 37 QTo-W-0080   (11)    5 :  0.017 0.086 0.115 0.006 0.008 0.008 0.094 0.053 0.008 0.118 0.058 0.135 0.007 0.009 0.064 0.033 0.008 0.154 0.019 
 38 QTo-W-0081   (11)    5 :  0.012 0.013 0.008 0.005 0.009 0.013 0.014 0.014 0.008 0.018 0.016 0.011 0.006 0.007 0.011 0.023 0.004 0.799 0.011 
 39 QTo-W-0082    (0)    5 :  0.011 0.056 0.014 0.007 0.008 0.005 0.015 0.007 0.005 0.028 0.022 0.049 0.009 0.007 0.017 0.012 0.003 0.718 0.007 
 40 QTo-W-0087    (0)    5 :  0.006 0.005 0.009 0.004 0.006 0.004 0.006 0.008 0.004 0.006 0.006 0.005 0.018 0.005 0.006 0.005 0.003 0.888 0.006 
 41 QTo-W-0088   (11)    5 :  0.007 0.007 0.013 0.004 0.008 0.004 0.007 0.010 0.005 0.008 0.009 0.006 0.008 0.007 0.006 0.007 0.004 0.872 0.008 
 42 QTo-W-0089   (11)    5 :  0.008 0.009 0.004 0.004 0.005 0.010 0.007 0.008 0.007 0.009 0.008 0.008 0.008 0.005 0.006 0.011 0.004 0.871 0.009 
 43 QTo-W-0090    (0)    5 :  0.009 0.025 0.006 0.005 0.027 0.025 0.021 0.011 0.007 0.026 0.024 0.036 0.008 0.020 0.009 0.012 0.003 0.718 0.009 
 44 QTo-W-0093   (11)    5 :  0.016 0.086 0.034 0.039 0.047 0.005 0.043 0.024 0.006 0.072 0.057 0.081 0.195 0.011 0.028 0.027 0.011 0.211 0.007 
 45 QTo-W-0098    (0)    5 :  0.006 0.009 0.012 0.013 0.010 0.004 0.008 0.019 0.005 0.009 0.008 0.010 0.839 0.009 0.007 0.008 0.006 0.009 0.008 
 46 QTo-W-0101   (11)    5 :  0.008 0.017 0.016 0.015 0.015 0.005 0.010 0.032 0.006 0.012 0.013 0.017 0.771 0.012 0.011 0.010 0.008 0.011 0.011 
 47 QTo-W-0114    (0)    5 :  0.006 0.009 0.004 0.005 0.003 0.004 0.006 0.009 0.006 0.008 0.008 0.009 0.879 0.004 0.006 0.004 0.005 0.014 0.011 
 48 QTo-W-0116   (11)    5 :  0.005 0.007 0.005 0.009 0.005 0.004 0.006 0.006 0.005 0.006 0.005 0.006 0.899 0.006 0.004 0.006 0.004 0.006 0.005 
 49 QTo-W-0117   (22)    5 :  0.006 0.011 0.007 0.010 0.008 0.005 0.007 0.007 0.005 0.007 0.007 0.009 0.869 0.008 0.005 0.008 0.004 0.010 0.006 
 50 QTo-W-0118    (0)    5 :  0.004 0.005 0.004 0.006 0.004 0.003 0.004 0.004 0.004 0.005 0.004 0.005 0.923 0.004 0.003 0.005 0.004 0.005 0.004 
 51 QTo-W-0121   (11)    5 :  0.005 0.011 0.005 0.008 0.039 0.005 0.010 0.007 0.004 0.013 0.011 0.010 0.809 0.007 0.006 0.008 0.004 0.033 0.006 
 52 QTo-W-0124   (11)    5 :  0.006 0.006 0.016 0.005 0.887 0.005 0.006 0.006 0.003 0.006 0.006 0.006 0.005 0.014 0.004 0.006 0.004 0.004 0.004 
 53 QTo-W-0128    (0)    5 :  0.004 0.005 0.008 0.004 0.919 0.004 0.004 0.005 0.003 0.004 0.004 0.005 0.004 0.008 0.004 0.005 0.003 0.004 0.003 
 54 QTo-W-0129    (0)    5 :  0.004 0.006 0.009 0.005 0.901 0.005 0.007 0.005 0.003 0.007 0.006 0.007 0.004 0.008 0.005 0.006 0.004 0.004 0.004 
 55 QTo-W-0131   (11)    5 :  0.015 0.031 0.042 0.010 0.016 0.072 0.179 0.039 0.025 0.206 0.094 0.144 0.006 0.024 0.034 0.017 0.004 0.029 0.013 
 56 QTo-W-0133   (11)    5 :  0.017 0.048 0.017 0.155 0.012 0.008 0.039 0.234 0.011 0.098 0.066 0.038 0.009 0.067 0.042 0.008 0.097 0.013 0.021 
 57 QTo-W-0137    (0)    5 :  0.025 0.272 0.006 0.014 0.021 0.006 0.034 0.022 0.007 0.127 0.093 0.226 0.063 0.013 0.016 0.014 0.006 0.028 0.007 
 58 QTo-W-0138    (0)    5 :  0.010 0.073 0.140 0.009 0.204 0.008 0.057 0.024 0.014 0.139 0.068 0.091 0.004 0.096 0.012 0.011 0.014 0.003 0.022 
 59 QTo-W-0139    (0)    5 :  0.004 0.005 0.004 0.004 0.004 0.004 0.004 0.005 0.900 0.006 0.005 0.005 0.004 0.011 0.004 0.004 0.014 0.004 0.007 
 60 QTo-W-0140   (22)    5 :  0.004 0.006 0.005 0.005 0.004 0.007 0.005 0.005 0.911 0.005 0.005 0.005 0.005 0.005 0.005 0.004 0.005 0.005 0.006 
 61 QTo-W-0142    (0)    5 :  0.004 0.004 0.003 0.004 0.003 0.004 0.004 0.005 0.921 0.004 0.004 0.004 0.005 0.003 0.004 0.004 0.004 0.005 0.011 
 62 QTo-W-0144    (0)    5 :  0.046 0.028 0.247 0.055 0.028 0.016 0.092 0.211 0.008 0.077 0.048 0.065 0.007 0.008 0.030 0.008 0.006 0.007 0.013 
 63 QTo-W-0149   (22)    5 :  0.082 0.007 0.006 0.005 0.005 0.005 0.008 0.010 0.007 0.009 0.008 0.008 0.006 0.005 0.006 0.005 0.004 0.008 0.806 
 64 QTo-W-0151   (11)    5 :  0.005 0.016 0.014 0.005 0.005 0.004 0.008 0.024 0.006 0.011 0.009 0.014 0.004 0.004 0.016 0.005 0.005 0.032 0.813 
 65 QTo-W-0153   (22)    5 :  0.005 0.005 0.005 0.004 0.004 0.004 0.005 0.006 0.006 0.005 0.006 0.005 0.005 0.005 0.004 0.004 0.004 0.006 0.909 
 66 QTo-W-0154    (0)    5 :  0.010 0.047 0.004 0.011 0.004 0.005 0.014 0.024 0.054 0.032 0.022 0.029 0.023 0.005 0.014 0.012 0.013 0.010 0.669 
 67 QTo-W-0159   (11)    5 :  0.011 0.236 0.018 0.018 0.008 0.005 0.029 0.132 0.010 0.117 0.089 0.166 0.036 0.007 0.039 0.014 0.046 0.007 0.011 
 68 QTo-W-0161   (11)    5 :  0.010 0.074 0.005 0.009 0.005 0.008 0.022 0.042 0.040 0.052 0.021 0.054 0.024 0.005 0.023 0.006 0.012 0.009 0.579 
 69 QTo-W-0162    (0)    5 :  0.008 0.115 0.005 0.042 0.005 0.016 0.099 0.057 0.014 0.128 0.055 0.148 0.177 0.005 0.059 0.014 0.011 0.020 0.023 
 70 QTo-W-0163   (11)    5 :  0.022 0.036 0.030 0.010 0.006 0.013 0.063 0.154 0.037 0.053 0.063 0.056 0.006 0.008 0.204 0.017 0.011 0.190 0.022 
 71 QTo-W-0167   (11)    5 :  0.021 0.067 0.009 0.022 0.010 0.040 0.062 0.016 0.009 0.046 0.066 0.064 0.276 0.142 0.021 0.008 0.094 0.017 0.009 
 72 QTo-W-0170    (0)    5 :  0.009 0.271 0.007 0.016 0.010 0.009 0.034 0.023 0.007 0.124 0.089 0.230 0.030 0.022 0.024 0.016 0.068 0.007 0.006 
 73 QTo-W-0171   (22)    5 :  0.018 0.165 0.049 0.040 0.123 0.028 0.063 0.028 0.011 0.193 0.073 0.114 0.012 0.012 0.021 0.016 0.006 0.014 0.013 
 74 QTo-W-0172   (22)    5 :  0.009 0.061 0.008 0.081 0.009 0.041 0.139 0.033 0.026 0.160 0.056 0.165 0.067 0.009 0.023 0.017 0.081 0.006 0.008 
 75 QTo-W-0173   (11)    5 :  0.018 0.305 0.008 0.007 0.007 0.005 0.022 0.041 0.010 0.129 0.093 0.223 0.019 0.020 0.020 0.009 0.040 0.010 0.013 
 76 QTo-W-0174    (0)    5 :  0.009 0.059 0.012 0.006 0.008 0.009 0.021 0.315 0.009 0.055 0.042 0.062 0.222 0.011 0.052 0.010 0.029 0.038 0.030 
 77 QTo-W-0175    (0)    5 :  0.016 0.086 0.044 0.010 0.065 0.008 0.119 0.091 0.006 0.214 0.101 0.147 0.007 0.016 0.013 0.010 0.004 0.013 0.030 
 78 QTo-W-0182   (22)    5 :  0.010 0.016 0.010 0.006 0.253 0.006 0.015 0.010 0.004 0.017 0.016 0.015 0.009 0.560 0.008 0.018 0.005 0.016 0.006 
 79 QTo-W-0184    (0)    5 :  0.011 0.102 0.010 0.009 0.013 0.045 0.071 0.113 0.008 0.101 0.075 0.098 0.035 0.016 0.145 0.073 0.031 0.032 0.014 
 80 QTo-W-0188    (0)    5 :  0.007 0.153 0.017 0.072 0.008 0.005 0.038 0.070 0.008 0.129 0.093 0.123 0.013 0.019 0.029 0.008 0.200 0.004 0.006 
 81 QTo-W-0192   (11)    5 :  0.007 0.010 0.012 0.005 0.007 0.004 0.012 0.641 0.005 0.015 0.011 0.061 0.008 0.034 0.091 0.005 0.005 0.009 0.055 
 82 QTo-W-0193    (0)    5 :  0.007 0.010 0.019 0.005 0.005 0.004 0.016 0.662 0.004 0.013 0.009 0.068 0.005 0.007 0.094 0.005 0.004 0.006 0.058 
 83 QTo-W-0194    (0)    5 :  0.005 0.009 0.022 0.004 0.006 0.004 0.010 0.666 0.005 0.010 0.006 0.065 0.006 0.022 0.091 0.004 0.004 0.006 0.056 
 84 QTo-W-0196   (11)    5 :  0.016 0.093 0.009 0.015 0.006 0.005 0.139 0.163 0.019 0.150 0.200 0.023 0.013 0.007 0.071 0.013 0.015 0.016 0.028 
 85 QTo-W-0197    (0)    5 :  0.010 0.092 0.006 0.013 0.027 0.004 0.138 0.149 0.012 0.151 0.180 0.025 0.009 0.006 0.070 0.014 0.012 0.067 0.014 
 86 QTo-W-0200   (11)    6 :  0.463 0.010 0.004 0.006 0.005 0.011 0.253 0.005 0.003 0.007 0.188 0.011 0.008 0.004 0.005 0.006 0.004 0.004 0.004 
 87 QTo-W-0201   (22)    6 :  0.463 0.010 0.004 0.006 0.005 0.010 0.254 0.005 0.003 0.007 0.189 0.009 0.007 0.004 0.006 0.006 0.006 0.004 0.004 
 88 QTo-W-0205    (0)    7 :  0.003 0.004 0.003 0.007 0.003 0.003 0.004 0.004 0.004 0.004 0.004 0.004 0.004 0.004 0.004 0.003 0.932 0.003 0.003 
 89 QTo-W-0208    (0)    7 :  0.011 0.038 0.053 0.019 0.012 0.011 0.076 0.028 0.017 0.091 0.050 0.116 0.010 0.095 0.119 0.078 0.134 0.034 0.007 
 90 QTo-W-0211    (0)    7 :  0.005 0.095 0.008 0.111 0.005 0.006 0.096 0.054 0.005 0.163 0.083 0.117 0.013 0.006 0.023 0.006 0.195 0.004 0.006 
 91 QTo-W-0212   (11)    7 :  0.003 0.005 0.005 0.004 0.005 0.004 0.004 0.005 0.003 0.004 0.004 0.004 0.004 0.005 0.004 0.003 0.927 0.003 0.003 
 92 QTo-W-0213    (0)    7 :  0.003 0.007 0.004 0.004 0.004 0.004 0.005 0.006 0.003 0.007 0.006 0.008 0.004 0.005 0.006 0.003 0.917 0.003 0.003 
 93 QTo-W-0216   (11)    8 :  0.160 0.069 0.007 0.005 0.008 0.005 0.290 0.010 0.005 0.013 0.355 0.008 0.006 0.026 0.006 0.010 0.005 0.006 0.007 
 94 QTo-W-0220    (0)    8 :  0.142 0.067 0.009 0.005 0.007 0.004 0.291 0.008 0.004 0.011 0.357 0.014 0.004 0.045 0.009 0.009 0.004 0.006 0.006 
 95 QTo-W-0224   (11)    8 :  0.012 0.180 0.021 0.046 0.015 0.047 0.084 0.021 0.034 0.089 0.045 0.145 0.013 0.041 0.027 0.158 0.006 0.009 0.006 
 96 QTo-W-0225   (11)    8 :  0.007 0.015 0.016 0.005 0.007 0.004 0.010 0.099 0.004 0.010 0.009 0.014 0.005 0.007 0.747 0.007 0.019 0.009 0.005 
 97 QTo-W-0227   (11)    8 :  0.105 0.048 0.007 0.028 0.017 0.079 0.192 0.022 0.009 0.051 0.239 0.046 0.006 0.023 0.024 0.074 0.005 0.012 0.011 
 98 QTo-W-0229    (0)    8 :  0.018 0.011 0.008 0.003 0.003 0.004 0.009 0.098 0.005 0.010 0.008 0.009 0.003 0.003 0.752 0.010 0.004 0.036 0.005 
 99 QTo-W-0231    (0)    8 :  0.010 0.005 0.006 0.007 0.018 0.096 0.299 0.016 0.007 0.209 0.055 0.190 0.003 0.007 0.024 0.007 0.034 0.007 0.003 
100 QTo-W-0238   (22)    8 :  0.019 0.319 0.007 0.011 0.012 0.013 0.053 0.023 0.035 0.103 0.058 0.195 0.024 0.008 0.048 0.015 0.036 0.009 0.012 
101 QTo-W-0240    (0)    8 :  0.023 0.128 0.008 0.009 0.030 0.274 0.101 0.031 0.017 0.108 0.052 0.105 0.017 0.008 0.032 0.014 0.029 0.006 0.008 
102 QTo-W-0242    (0)    8 :  0.007 0.023 0.003 0.024 0.003 0.018 0.022 0.020 0.265 0.022 0.024 0.022 0.453 0.004 0.055 0.006 0.011 0.009 0.008 
103 QTo-W-0244    (0)    9 :  0.011 0.065 0.003 0.017 0.004 0.617 0.030 0.012 0.010 0.021 0.020 0.053 0.043 0.004 0.023 0.046 0.009 0.009 0.005 
104 QTo-W-0245   (11)    9 :  0.013 0.034 0.005 0.014 0.015 0.180 0.065 0.047 0.020 0.061 0.052 0.071 0.009 0.010 0.336 0.032 0.010 0.012 0.014 
105 QTo-W-0251    (0)    9 :  0.249 0.024 0.004 0.041 0.005 0.006 0.042 0.051 0.005 0.072 0.042 0.024 0.081 0.005 0.014 0.010 0.010 0.302 0.014 
106 QTo-W-0253    (0)    9 :  0.006 0.024 0.004 0.006 0.004 0.005 0.020 0.082 0.006 0.035 0.022 0.024 0.021 0.006 0.676 0.028 0.007 0.018 0.004 
107 QTo-W-0256   (11)    9 :  0.008 0.023 0.046 0.006 0.243 0.027 0.034 0.046 0.006 0.048 0.018 0.033 0.006 0.008 0.313 0.038 0.005 0.085 0.007 
108 QTo-W-0258    (0)    9 :  0.009 0.029 0.032 0.005 0.022 0.027 0.059 0.033 0.030 0.070 0.019 0.061 0.004 0.006 0.218 0.205 0.004 0.162 0.006 
109 QTo-W-0259    (0)    9 :  0.004 0.008 0.005 0.010 0.005 0.012 0.016 0.091 0.049 0.034 0.020 0.022 0.023 0.004 0.641 0.003 0.009 0.015 0.028 
110 QTo-W-0260   (22)    9 :  0.005 0.011 0.006 0.023 0.005 0.015 0.028 0.093 0.025 0.060 0.035 0.055 0.009 0.004 0.582 0.004 0.021 0.005 0.013 
111 QTo-W-0274   (11)   10 :  0.011 0.015 0.005 0.005 0.007 0.004 0.016 0.008 0.005 0.016 0.014 0.016 0.005 0.006 0.024 0.820 0.004 0.011 0.006 
112 QTo-W-0275    (0)   10 :  0.071 0.017 0.238 0.097 0.095 0.077 0.046 0.096 0.005 0.056 0.024 0.038 0.008 0.014 0.016 0.022 0.010 0.004 0.066 
113 QTo-W-0278    (0)   10 :  0.015 0.048 0.008 0.095 0.009 0.027 0.066 0.235 0.023 0.099 0.068 0.049 0.008 0.009 0.043 0.071 0.066 0.035 0.028 
114 QTo-W-0283   (11)   10 :  0.007 0.012 0.039 0.007 0.013 0.507 0.044 0.027 0.009 0.055 0.031 0.038 0.006 0.030 0.016 0.015 0.124 0.013 0.006 
115 QTo-W-0284    (0)   10 :  0.031 0.013 0.020 0.012 0.010 0.422 0.059 0.029 0.012 0.059 0.039 0.062 0.007 0.018 0.015 0.024 0.154 0.010 0.006 
116 QTo-W-0287   (22)   10 :  0.008 0.007 0.007 0.004 0.008 0.010 0.007 0.005 0.006 0.007 0.008 0.008 0.005 0.007 0.005 0.877 0.004 0.011 0.004 
117 QTo-W-0289   (22)   10 :  0.008 0.009 0.007 0.006 0.008 0.005 0.007 0.006 0.004 0.006 0.008 0.007 0.007 0.008 0.005 0.882 0.005 0.007 0.005 
118 QTo-W-0293    (0)   10 :  0.007 0.080 0.015 0.091 0.141 0.010 0.099 0.025 0.025 0.229 0.050 0.102 0.006 0.038 0.016 0.044 0.005 0.004 0.013 
119 QTo-W-0295   (11)   10 :  0.008 0.020 0.649 0.010 0.016 0.028 0.013 0.068 0.062 0.021 0.010 0.030 0.004 0.006 0.019 0.006 0.016 0.006 0.007 
120 QTo-W-0296   (11)   11 :  0.006 0.009 0.010 0.771 0.009 0.005 0.007 0.069 0.009 0.008 0.007 0.008 0.009 0.008 0.006 0.006 0.004 0.006 0.042 
121 QTo-W-0298    (0)   11 :  0.005 0.007 0.006 0.797 0.006 0.004 0.006 0.067 0.010 0.007 0.005 0.007 0.010 0.006 0.005 0.008 0.004 0.005 0.034 
122 QTo-W-0300   (11)   11 :  0.086 0.017 0.012 0.014 0.234 0.084 0.102 0.016 0.005 0.086 0.046 0.069 0.015 0.011 0.012 0.158 0.005 0.018 0.007 
123 QTo-W-0302    (0)   12 :  0.016 0.040 0.006 0.006 0.007 0.008 0.063 0.021 0.008 0.035 0.074 0.030 0.011 0.017 0.025 0.008 0.566 0.038 0.021 
124 QTo-W-0305    (0)   13 :  0.017 0.013 0.005 0.023 0.010 0.009 0.030 0.008 0.013 0.026 0.033 0.014 0.006 0.008 0.005 0.765 0.006 0.006 0.004 
125 QTo-W-0308   (11)   13 :  0.029 0.021 0.007 0.036 0.013 0.006 0.033 0.011 0.007 0.027 0.041 0.021 0.008 0.009 0.008 0.702 0.007 0.008 0.005 
126 QTo-W-0309   (11)   13 :  0.008 0.219 0.071 0.014 0.052 0.006 0.033 0.101 0.004 0.054 0.050 0.179 0.013 0.023 0.013 0.021 0.125 0.004 0.009 
127 QTo-W-0311    (0)   14 :  0.024 0.240 0.015 0.006 0.076 0.052 0.062 0.021 0.009 0.104 0.080 0.209 0.007 0.007 0.042 0.006 0.032 0.004 0.005 
128 QTo-W-0312    (0)   15 :  0.004 0.005 0.003 0.881 0.004 0.005 0.006 0.004 0.003 0.006 0.006 0.005 0.038 0.004 0.005 0.005 0.005 0.006 0.003 
129 QTo-W-0315   (11)   15 :  0.005 0.005 0.004 0.912 0.005 0.005 0.006 0.004 0.003 0.006 0.007 0.006 0.006 0.004 0.005 0.005 0.004 0.003 0.004 
130 QTo-W-0318    (0)   16 :  0.030 0.316 0.011 0.014 0.007 0.007 0.123 0.016 0.009 0.024 0.074 0.167 0.024 0.006 0.006 0.125 0.033 0.004 0.005 
131 QTo-W-0322   (11)   16 :  0.035 0.328 0.008 0.007 0.008 0.008 0.139 0.009 0.007 0.022 0.087 0.170 0.024 0.007 0.009 0.107 0.015 0.005 0.005 
132 QTo-W-0326   (22)   16 :  0.019 0.285 0.020 0.008 0.096 0.009 0.068 0.030 0.005 0.041 0.054 0.185 0.037 0.044 0.017 0.040 0.027 0.006 0.008 
133 QTo-W-0327   (11)   16 :  0.014 0.314 0.027 0.006 0.043 0.007 0.068 0.047 0.004 0.042 0.054 0.201 0.015 0.019 0.045 0.037 0.024 0.017 0.016 
134 QTo-W-0328    (0)   17 :  0.764 0.005 0.004 0.003 0.005 0.004 0.007 0.005 0.004 0.006 0.005 0.005 0.004 0.004 0.004 0.008 0.003 0.006 0.153 
135 QTo-W-0329    (0)   17 :  0.916 0.005 0.004 0.003 0.004 0.004 0.006 0.005 0.004 0.005 0.005 0.005 0.004 0.004 0.004 0.005 0.003 0.006 0.006 
136 QTo-W-0330   (11)   17 :  0.887 0.008 0.006 0.004 0.005 0.004 0.008 0.008 0.006 0.007 0.008 0.007 0.005 0.005 0.005 0.008 0.003 0.009 0.008 


Estimated Allele Frequencies in each cluster
First column gives estimated ancestral frequencies


Locus 1 : 
4 alleles
0.7% missing data
 149   (0.844) 0.974 0.972 0.994 0.568 0.979 0.926 0.907 0.906 0.973 0.898 0.943 0.917 0.994 0.984 0.479 0.974 0.186 0.994 0.990 
 147   (0.063) 0.010 0.010 0.002 0.414 0.007 0.012 0.037 0.021 0.018 0.037 0.021 0.030 0.002 0.006 0.089 0.010 0.236 0.002 0.004 
 155   (0.056) 0.009 0.012 0.002 0.012 0.006 0.053 0.038 0.012 0.006 0.041 0.023 0.032 0.002 0.006 0.017 0.009 0.575 0.002 0.003 
 161   (0.037) 0.006 0.007 0.002 0.006 0.008 0.009 0.019 0.061 0.004 0.025 0.014 0.021 0.001 0.004 0.416 0.007 0.003 0.002 0.002 

Locus 2 : 
6 alleles
12.5% missing data
 179   (0.385) 0.850 0.390 0.057 0.074 0.055 0.065 0.438 0.720 0.712 0.425 0.566 0.381 0.222 0.057 0.449 0.405 0.028 0.969 0.956 
 176   (0.148) 0.032 0.105 0.146 0.032 0.037 0.050 0.101 0.047 0.203 0.128 0.105 0.133 0.011 0.881 0.069 0.050 0.934 0.006 0.010 
 173   (0.235) 0.059 0.150 0.768 0.051 0.871 0.794 0.210 0.116 0.046 0.270 0.153 0.188 0.013 0.033 0.235 0.109 0.017 0.014 0.018 
 164   (0.027) 0.006 0.007 0.021 0.004 0.005 0.005 0.017 0.007 0.004 0.015 0.012 0.014 0.001 0.006 0.011 0.008 0.002 0.001 0.002 
 182   (0.150) 0.041 0.319 0.006 0.831 0.024 0.074 0.197 0.076 0.028 0.124 0.134 0.246 0.749 0.016 0.065 0.294 0.015 0.007 0.011 
 170   (0.056) 0.011 0.030 0.002 0.008 0.007 0.012 0.037 0.035 0.008 0.039 0.030 0.038 0.003 0.006 0.170 0.135 0.004 0.002 0.004 

Locus 3 : 
17 alleles
0.0% missing data
 220   (0.162) 0.059 0.166 0.081 0.047 0.470 0.364 0.183 0.147 0.028 0.133 0.200 0.159 0.008 0.408 0.098 0.185 0.524 0.007 0.015 
 222   (0.176) 0.320 0.285 0.017 0.213 0.044 0.077 0.138 0.151 0.554 0.237 0.148 0.251 0.012 0.020 0.262 0.195 0.018 0.223 0.106 
 218   (0.177) 0.343 0.234 0.693 0.030 0.389 0.071 0.229 0.296 0.021 0.152 0.215 0.209 0.007 0.399 0.140 0.289 0.020 0.166 0.026 
 226   (0.069) 0.015 0.018 0.006 0.014 0.012 0.011 0.039 0.035 0.020 0.043 0.030 0.035 0.940 0.123 0.096 0.018 0.006 0.577 0.006 
 258   (0.060) 0.012 0.073 0.003 0.286 0.032 0.011 0.058 0.029 0.008 0.112 0.068 0.070 0.002 0.008 0.022 0.014 0.019 0.007 0.005 
 224   (0.052) 0.083 0.012 0.002 0.208 0.007 0.396 0.086 0.012 0.006 0.030 0.072 0.026 0.013 0.009 0.026 0.009 0.007 0.002 0.003 
 228   (0.073) 0.037 0.157 0.006 0.030 0.014 0.012 0.081 0.085 0.009 0.156 0.131 0.124 0.006 0.009 0.044 0.015 0.387 0.010 0.009 
 256   (0.025) 0.004 0.004 0.183 0.003 0.003 0.003 0.010 0.005 0.002 0.013 0.007 0.012 0.001 0.003 0.007 0.004 0.002 0.001 0.002 
 264   (0.020) 0.003 0.003 0.001 0.003 0.002 0.003 0.009 0.003 0.330 0.011 0.005 0.007 0.001 0.002 0.005 0.003 0.001 0.001 0.001 
 230   (0.033) 0.005 0.006 0.001 0.132 0.003 0.004 0.016 0.020 0.004 0.015 0.010 0.012 0.001 0.003 0.009 0.005 0.002 0.001 0.806 
 260   (0.032) 0.007 0.017 0.001 0.007 0.005 0.025 0.030 0.011 0.004 0.029 0.016 0.022 0.003 0.003 0.015 0.006 0.004 0.001 0.003 
 262   (0.028) 0.005 0.007 0.001 0.008 0.003 0.006 0.019 0.006 0.004 0.016 0.010 0.013 0.002 0.003 0.009 0.005 0.004 0.001 0.002 
 234   (0.013) 0.002 0.002 0.001 0.002 0.001 0.002 0.006 0.154 0.001 0.006 0.004 0.020 0.000 0.002 0.020 0.002 0.001 0.000 0.010 
 232   (0.015) 0.092 0.005 0.001 0.003 0.002 0.003 0.063 0.003 0.001 0.009 0.062 0.008 0.000 0.002 0.004 0.005 0.001 0.001 0.001 
 250   (0.018) 0.003 0.003 0.001 0.002 0.002 0.002 0.008 0.024 0.002 0.009 0.006 0.007 0.001 0.002 0.156 0.003 0.001 0.001 0.001 
 216   (0.015) 0.002 0.003 0.001 0.004 0.002 0.003 0.008 0.015 0.003 0.012 0.006 0.011 0.001 0.001 0.078 0.002 0.001 0.001 0.002 
 266   (0.031) 0.009 0.005 0.001 0.005 0.010 0.006 0.017 0.005 0.003 0.017 0.010 0.014 0.001 0.003 0.009 0.241 0.002 0.001 0.002 

Locus 4 : 
2 alleles
1.5% missing data
 137   (0.975) 0.974 0.986 0.999 0.997 0.998 0.997 0.942 0.996 0.998 0.989 0.927 0.990 0.999 0.994 0.994 0.996 0.998 0.999 0.999 
 139   (0.025) 0.026 0.014 0.001 0.003 0.002 0.003 0.058 0.004 0.002 0.011 0.073 0.010 0.001 0.006 0.006 0.004 0.002 0.001 0.001 

Locus 5 : 
17 alleles
11.8% missing data
 187   (0.298) 0.232 0.711 0.014 0.058 0.063 0.213 0.395 0.494 0.053 0.392 0.387 0.582 0.741 0.051 0.532 0.161 0.883 0.016 0.149 
 243   (0.059) 0.010 0.011 0.003 0.008 0.025 0.009 0.032 0.119 0.005 0.030 0.018 0.033 0.003 0.615 0.029 0.015 0.004 0.005 0.008 
 203   (0.080) 0.015 0.024 0.948 0.011 0.019 0.013 0.047 0.045 0.008 0.058 0.031 0.048 0.006 0.014 0.226 0.042 0.007 0.387 0.005 
 201   (0.100) 0.025 0.065 0.004 0.015 0.740 0.025 0.095 0.054 0.010 0.134 0.124 0.068 0.036 0.034 0.050 0.060 0.008 0.424 0.009 
 197   (0.073) 0.020 0.018 0.003 0.011 0.011 0.668 0.061 0.015 0.007 0.042 0.065 0.034 0.003 0.011 0.021 0.266 0.006 0.143 0.005 
 195   (0.058) 0.010 0.012 0.005 0.009 0.009 0.010 0.030 0.012 0.883 0.032 0.020 0.031 0.005 0.055 0.024 0.347 0.048 0.004 0.004 
 247   (0.021) 0.004 0.004 0.001 0.003 0.004 0.004 0.009 0.003 0.002 0.010 0.007 0.010 0.001 0.159 0.006 0.005 0.001 0.001 0.001 
 235   (0.030) 0.008 0.026 0.002 0.005 0.005 0.005 0.020 0.010 0.004 0.028 0.020 0.030 0.003 0.004 0.012 0.011 0.002 0.004 0.002 
 249   (0.022) 0.003 0.004 0.001 0.003 0.003 0.003 0.009 0.003 0.002 0.010 0.007 0.010 0.188 0.002 0.006 0.005 0.002 0.001 0.001 
 199   (0.055) 0.034 0.017 0.005 0.835 0.012 0.012 0.041 0.145 0.006 0.063 0.039 0.024 0.003 0.009 0.027 0.024 0.010 0.005 0.008 
 245   (0.031) 0.008 0.035 0.007 0.005 0.058 0.005 0.033 0.018 0.003 0.069 0.044 0.042 0.001 0.015 0.009 0.010 0.002 0.001 0.006 
 219   (0.029) 0.094 0.005 0.002 0.006 0.006 0.007 0.013 0.007 0.003 0.017 0.010 0.016 0.001 0.003 0.008 0.008 0.002 0.001 0.758 
 217   (0.038) 0.466 0.008 0.001 0.005 0.005 0.006 0.022 0.009 0.004 0.023 0.014 0.013 0.002 0.004 0.011 0.010 0.003 0.003 0.033 
 229   (0.028) 0.005 0.004 0.001 0.004 0.004 0.004 0.016 0.049 0.003 0.014 0.011 0.014 0.001 0.003 0.013 0.007 0.002 0.001 0.005 
 215   (0.040) 0.059 0.034 0.002 0.005 0.005 0.006 0.141 0.007 0.004 0.021 0.185 0.017 0.002 0.013 0.012 0.011 0.018 0.002 0.003 
 205   (0.023) 0.004 0.003 0.001 0.003 0.003 0.007 0.019 0.005 0.002 0.015 0.008 0.010 0.001 0.003 0.007 0.006 0.002 0.001 0.001 
 227   (0.016) 0.003 0.017 0.001 0.014 0.026 0.003 0.016 0.006 0.003 0.041 0.012 0.018 0.001 0.003 0.005 0.013 0.001 0.001 0.002 

Locus 6 : 
25 alleles
30.9% missing data
 214   (0.047) 0.021 0.033 0.113 0.014 0.012 0.023 0.071 0.014 0.008 0.042 0.078 0.032 0.003 0.349 0.018 0.017 0.005 0.004 0.007 
 222   (0.061) 0.015 0.101 0.065 0.016 0.453 0.129 0.044 0.018 0.010 0.064 0.049 0.086 0.004 0.466 0.023 0.014 0.007 0.023 0.011 
 206   (0.045) 0.013 0.053 0.394 0.043 0.012 0.012 0.036 0.280 0.008 0.058 0.044 0.064 0.005 0.009 0.052 0.010 0.026 0.006 0.025 
 218   (0.081) 0.022 0.228 0.374 0.031 0.038 0.021 0.081 0.237 0.026 0.092 0.073 0.197 0.005 0.019 0.051 0.042 0.071 0.010 0.156 
 216   (0.062) 0.016 0.060 0.003 0.018 0.012 0.015 0.049 0.063 0.011 0.049 0.046 0.058 0.007 0.010 0.308 0.023 0.026 0.425 0.131 
 208   (0.042) 0.009 0.017 0.002 0.011 0.008 0.136 0.029 0.017 0.006 0.027 0.024 0.023 0.003 0.006 0.040 0.014 0.004 0.218 0.006 
 238   (0.044) 0.016 0.023 0.002 0.120 0.007 0.010 0.023 0.011 0.007 0.030 0.022 0.032 0.543 0.006 0.015 0.009 0.004 0.172 0.005 
 204   (0.018) 0.004 0.004 0.001 0.004 0.002 0.432 0.010 0.004 0.002 0.009 0.007 0.008 0.001 0.002 0.005 0.003 0.002 0.001 0.002 
 234   (0.052) 0.014 0.067 0.003 0.019 0.009 0.012 0.039 0.027 0.008 0.059 0.048 0.066 0.003 0.008 0.075 0.013 0.133 0.008 0.008 
 242   (0.039) 0.110 0.046 0.002 0.009 0.009 0.010 0.090 0.017 0.005 0.040 0.079 0.049 0.002 0.005 0.065 0.008 0.004 0.004 0.005 
 210   (0.113) 0.032 0.156 0.008 0.598 0.029 0.060 0.164 0.173 0.510 0.207 0.191 0.111 0.399 0.047 0.078 0.534 0.669 0.036 0.097 
 246   (0.037) 0.011 0.018 0.010 0.010 0.007 0.012 0.028 0.015 0.006 0.035 0.030 0.026 0.002 0.006 0.015 0.008 0.004 0.004 0.008 
 258   (0.020) 0.006 0.069 0.001 0.007 0.004 0.005 0.012 0.007 0.003 0.035 0.026 0.056 0.002 0.004 0.009 0.005 0.003 0.022 0.004 
 240   (0.019) 0.005 0.007 0.001 0.005 0.006 0.007 0.012 0.005 0.003 0.012 0.011 0.009 0.001 0.004 0.007 0.005 0.002 0.035 0.003 
 256   (0.007) 0.003 0.001 0.000 0.002 0.224 0.001 0.005 0.002 0.001 0.003 0.003 0.002 0.000 0.001 0.002 0.001 0.001 0.001 0.001 
 254   (0.017) 0.003 0.004 0.001 0.004 0.097 0.004 0.010 0.004 0.003 0.009 0.007 0.009 0.001 0.003 0.006 0.004 0.002 0.001 0.002 
 236   (0.054) 0.012 0.035 0.004 0.022 0.029 0.020 0.039 0.026 0.351 0.067 0.036 0.041 0.004 0.012 0.080 0.013 0.005 0.004 0.494 
 248   (0.026) 0.102 0.007 0.003 0.010 0.005 0.006 0.089 0.016 0.003 0.016 0.067 0.013 0.001 0.004 0.010 0.005 0.003 0.002 0.003 
 252   (0.021) 0.006 0.012 0.001 0.005 0.007 0.004 0.017 0.010 0.003 0.024 0.018 0.017 0.001 0.004 0.007 0.005 0.002 0.002 0.005 
 224   (0.044) 0.024 0.021 0.002 0.012 0.007 0.010 0.056 0.016 0.006 0.029 0.072 0.027 0.003 0.014 0.072 0.016 0.008 0.004 0.005 
 230   (0.042) 0.302 0.009 0.002 0.011 0.006 0.013 0.030 0.011 0.005 0.029 0.020 0.018 0.003 0.005 0.014 0.008 0.004 0.006 0.007 
 228   (0.025) 0.005 0.008 0.001 0.006 0.005 0.007 0.015 0.007 0.005 0.017 0.011 0.014 0.001 0.004 0.021 0.020 0.002 0.006 0.003 
 266   (0.031) 0.007 0.008 0.001 0.007 0.005 0.006 0.018 0.007 0.004 0.015 0.012 0.014 0.002 0.004 0.011 0.072 0.003 0.003 0.003 
 212   (0.029) 0.235 0.006 0.001 0.007 0.005 0.039 0.016 0.008 0.004 0.017 0.012 0.015 0.002 0.004 0.009 0.007 0.008 0.002 0.006 
 232   (0.023) 0.007 0.006 0.001 0.009 0.003 0.005 0.015 0.005 0.003 0.014 0.015 0.010 0.001 0.003 0.007 0.142 0.002 0.002 0.003 

Locus 7 : 
7 alleles
1.5% missing data
 108   (0.641) 0.174 0.847 0.982 0.935 0.916 0.425 0.605 0.876 0.960 0.759 0.681 0.789 0.977 0.770 0.594 0.150 0.966 0.404 0.976 
 116   (0.034) 0.006 0.010 0.001 0.008 0.024 0.005 0.019 0.006 0.004 0.026 0.014 0.018 0.001 0.193 0.009 0.009 0.002 0.001 0.002 
 110   (0.147) 0.040 0.049 0.008 0.028 0.024 0.183 0.108 0.071 0.019 0.119 0.078 0.088 0.014 0.017 0.246 0.681 0.018 0.588 0.010 
 114   (0.058) 0.377 0.013 0.004 0.011 0.019 0.365 0.082 0.012 0.005 0.033 0.062 0.029 0.002 0.006 0.017 0.014 0.004 0.002 0.005 
 112   (0.069) 0.396 0.072 0.003 0.011 0.012 0.012 0.155 0.012 0.006 0.036 0.149 0.053 0.003 0.010 0.018 0.139 0.005 0.003 0.004 
 104   (0.027) 0.004 0.004 0.001 0.004 0.003 0.004 0.012 0.018 0.002 0.011 0.008 0.012 0.001 0.002 0.108 0.004 0.002 0.001 0.001 
 118   (0.024) 0.004 0.004 0.001 0.003 0.003 0.006 0.018 0.004 0.002 0.015 0.008 0.011 0.001 0.002 0.007 0.004 0.002 0.001 0.001 

Locus 8 : 
5 alleles
2.2% missing data
 160   (0.165) 0.033 0.051 0.553 0.400 0.385 0.061 0.096 0.306 0.021 0.113 0.071 0.109 0.058 0.358 0.074 0.140 0.237 0.007 0.059 
 162   (0.634) 0.901 0.858 0.438 0.327 0.592 0.435 0.671 0.590 0.098 0.712 0.685 0.770 0.922 0.614 0.611 0.815 0.734 0.984 0.900 
 164   (0.087) 0.014 0.024 0.004 0.018 0.010 0.481 0.061 0.030 0.838 0.067 0.038 0.053 0.005 0.009 0.117 0.020 0.009 0.003 0.014 
 166   (0.023) 0.004 0.009 0.001 0.005 0.003 0.004 0.014 0.007 0.003 0.016 0.010 0.014 0.004 0.002 0.010 0.004 0.002 0.001 0.005 
 158   (0.091) 0.048 0.058 0.004 0.250 0.011 0.019 0.159 0.067 0.039 0.092 0.196 0.054 0.011 0.016 0.187 0.020 0.018 0.005 0.022 

Locus 9 : 
4 alleles
0.0% missing data
 229   (0.487) 0.431 0.370 0.517 0.268 0.111 0.581 0.441 0.795 0.489 0.556 0.488 0.434 0.620 0.385 0.448 0.119 0.170 0.945 0.967 
 226   (0.366) 0.541 0.513 0.472 0.700 0.869 0.076 0.448 0.139 0.044 0.344 0.437 0.449 0.372 0.600 0.332 0.845 0.053 0.048 0.024 
 223   (0.123) 0.024 0.109 0.010 0.022 0.017 0.340 0.097 0.060 0.465 0.083 0.064 0.103 0.007 0.012 0.212 0.033 0.766 0.006 0.008 
 232   (0.024) 0.004 0.008 0.001 0.011 0.003 0.003 0.014 0.006 0.002 0.017 0.011 0.014 0.001 0.003 0.007 0.004 0.011 0.001 0.001 

Values of parameters used in structure:
DATAFILE=C:\Users\eschumacher\Documents\GitHub\Ten_Oaks\Data_Files\QUTO_wild\project_data,	OUTFILE=C:\Users\eschumacher\Documents\GitHub\Ten_Oaks\Data_Files\QUTO_wild\50-50\Results\50-50_run_95,	NUMINDS=136,	NUMLOCI=9,	MISSING=-9,	LABEL=1,	POPDATA=1,	POPFLAG=0,	PHENOTYPE=0,	EXTRACOLS=0,	MAXPOPS=19,	BURNIN=50000,	NUMREPS=50000,	USEPOPINFO=0,	INFERALPHA=1,	INFERLAMBDA=0,	POPSPECIFICLAMBDA=0,	POPALPHAS=0,	COMPUTEPROB=1,	NOADMIX=0,	ADMBURNIN=2500,	UPDATEFREQ=1,	PRINTLIKES=0,	INTERMEDSAVE=0,	PRINTKLD=0,	PRINTNET=0,	PRINTLAMBDA=0,	ANCESTDIST=0,	NUMBOXES=1000,	ANCESTPINT=0.90000,	GENSBACK=2,	MIGRPRIOR=0.05000,	PRINTQHAT=0,	PRINTQSUM=0,	ALPHA=1.0000,	FREQSCORR=1,	FPRIORMEAN=0.0100,	FPRIORSD=0.0500,	ONEFST=0,	LAMBDA=1.0000,	UNIFPRIORALPHA=1,	ALPHAMAX=10.0000,	ALPHAPRIORA=1.0000,	ALPHAPRIORB=2.0000,	ALPHAPROPSD=0.0250,	STARTATPOPINFO=0,	RANDOMIZE=1,	LINKAGE=0,	METROFREQ=10,	REPORTHITRATE=0,	MARKOVPHASE=-1,	PHASED=0,	PLOIDY=2,	PHASEINFO=0	LOCPRIOR=0, 	LOCPRIORINIT=1.000000, 	LOCDATA=0, 	LOCISPOP=0, 	LOCPRIORSTEP=0.100000, 	MAXLOCPRIOR=20.000000, 	SEED=1689805925,	
[STRAT parameters]:    NUMSIMSTATS=1000,	PHENOTYPECOL=-9,	POOLFREQ=10,	LOCUSxONLY=0,	EMERROR=0.00100,	MISSINGPHENO=-9,	