

----------------------------------------------------
STRUCTURE by Pritchard, Stephens and Donnelly (2000)
     and Falush, Stephens and Pritchard (2003)
       Code by Pritchard, Falush and Hubisz
             Version 2.3.4 (Jul 2012)
----------------------------------------------------



Command line arguments:   bin\structure -m C:\Users\eschumacher\Documents\GitHub\Ten_Oaks\Data_Files\QUTO_wild\50-50\mainparams -e C:\Users\eschumacher\Documents\GitHub\Ten_Oaks\Data_Files\QUTO_wild\50-50\extraparams 
Input File:    C:\Users\eschumacher\Documents\GitHub\Ten_Oaks\Data_Files\QUTO_wild\project_data

Run parameters:
   136 individuals
   9 loci
   14 populations assumed
   50000 Burn-in period
   50000 Reps


--------------------------------------------
Proportion of membership of each pre-defined
 population in each of the 14 clusters

Given    Inferred Clusters                                                                                    Number of
 Pop       1      2      3      4      5      6      7      8      9     10     11     12     13     14      Individuals

  1:     0.016  0.018  0.016  0.379  0.015  0.027  0.024  0.018  0.327  0.035  0.011  0.016  0.073  0.025        1
  2:     0.007  0.007  0.004  0.007  0.455  0.010  0.006  0.008  0.006  0.006  0.005  0.467  0.008  0.006        4
  3:     0.006  0.017  0.007  0.029  0.009  0.017  0.015  0.826  0.014  0.004  0.015  0.012  0.018  0.010        4
  4:     0.554  0.006  0.008  0.216  0.006  0.010  0.010  0.056  0.030  0.011  0.005  0.009  0.064  0.015        5
  5:     0.019  0.018  0.057  0.107  0.151  0.133  0.016  0.144  0.107  0.034  0.022  0.110  0.058  0.025       71
  6:     0.127  0.016  0.003  0.053  0.004  0.009  0.324  0.004  0.005  0.007  0.007  0.005  0.352  0.084        2
  7:     0.010  0.029  0.007  0.053  0.019  0.008  0.011  0.013  0.006  0.668  0.048  0.015  0.060  0.053        5
  8:     0.115  0.076  0.047  0.062  0.012  0.057  0.227  0.013  0.010  0.017  0.018  0.014  0.108  0.225       10
  9:     0.142  0.064  0.031  0.021  0.019  0.025  0.047  0.087  0.013  0.011  0.019  0.015  0.046  0.458        8
 10:     0.169  0.327  0.022  0.038  0.122  0.007  0.027  0.015  0.032  0.045  0.066  0.043  0.053  0.034        9
 11:     0.079  0.113  0.007  0.012  0.012  0.012  0.033  0.018  0.044  0.005  0.574  0.047  0.037  0.009        3
 12:     0.010  0.012  0.011  0.032  0.006  0.012  0.088  0.043  0.029  0.674  0.007  0.009  0.032  0.034        1
 13:     0.010  0.592  0.010  0.064  0.044  0.010  0.018  0.007  0.015  0.084  0.020  0.019  0.086  0.022        3
 14:     0.082  0.010  0.009  0.375  0.016  0.006  0.009  0.005  0.006  0.028  0.007  0.025  0.364  0.059        1
 15:     0.006  0.006  0.003  0.006  0.004  0.022  0.005  0.005  0.004  0.005  0.918  0.004  0.007  0.006        2
 16:     0.013  0.376  0.007  0.064  0.028  0.032  0.024  0.010  0.020  0.043  0.010  0.041  0.300  0.033        4
 17:     0.006  0.007  0.005  0.008  0.005  0.005  0.893  0.009  0.039  0.003  0.004  0.005  0.007  0.005        3
--------------------------------------------

Allele-freq. divergence among pops (Net nucleotide distance),
computed using point estimates of P.

      1       2       3       4       5       6       7       8       9      10      11      12      13      14      
 1      -    0.1231  0.1889  0.1196  0.1647  0.2112  0.1346  0.1858  0.1719  0.2121  0.1977  0.1395  0.0874  0.0846  
 2   0.1231     -    0.2189  0.1026  0.1926  0.1554  0.0881  0.1650  0.1804  0.2198  0.1374  0.1258  0.0500  0.0785  
 3   0.1889  0.2189     -    0.1606  0.2857  0.2784  0.2037  0.2469  0.1774  0.2709  0.2400  0.2598  0.1858  0.1750  
 4   0.1196  0.1026  0.1606     -    0.1601  0.1141  0.0784  0.1138  0.0528  0.1609  0.1622  0.1319  0.0280  0.0622  
 5   0.1647  0.1926  0.2857  0.1601     -    0.2710  0.1981  0.2438  0.2021  0.3026  0.2235  0.1213  0.1417  0.1538  
 6   0.2112  0.1554  0.2784  0.1141  0.2710     -    0.2019  0.1840  0.1774  0.2440  0.1804  0.2247  0.0994  0.1525  
 7   0.1346  0.0881  0.2037  0.0784  0.1981  0.2019     -    0.1152  0.1076  0.2724  0.2019  0.1507  0.0754  0.0903  
 8   0.1858  0.1650  0.2469  0.1138  0.2438  0.1840  0.1152     -    0.1153  0.3463  0.2948  0.2370  0.1512  0.1261  
 9   0.1719  0.1804  0.1774  0.0528  0.2021  0.1774  0.1076  0.1153     -    0.2570  0.2212  0.2053  0.1055  0.1216  
10   0.2121  0.2198  0.2709  0.1609  0.3026  0.2440  0.2724  0.3463  0.2570     -    0.2449  0.2162  0.1486  0.1585  
11   0.1977  0.1374  0.2400  0.1622  0.2235  0.1804  0.2019  0.2948  0.2212  0.2449     -    0.1835  0.1253  0.1517  
12   0.1395  0.1258  0.2598  0.1319  0.1213  0.2247  0.1507  0.2370  0.2053  0.2162  0.1835     -    0.0950  0.1329  
13   0.0874  0.0500  0.1858  0.0280  0.1417  0.0994  0.0754  0.1512  0.1055  0.1486  0.1253  0.0950     -    0.0408  
14   0.0846  0.0785  0.1750  0.0622  0.1538  0.1525  0.0903  0.1261  0.1216  0.1585  0.1517  0.1329  0.0408     -    

Average distances (expected heterozygosity) between individuals in same cluster:
cluster  1  : 0.5417 
cluster  2  : 0.4994 
cluster  3  : 0.3398 
cluster  4  : 0.4227 
cluster  5  : 0.3235 
cluster  6  : 0.2526 
cluster  7  : 0.5140 
cluster  8  : 0.3137 
cluster  9  : 0.3335 
cluster 10  : 0.3626 
cluster 11  : 0.4378 
cluster 12  : 0.4203 
cluster 13  : 0.5142 
cluster 14  : 0.6204 

--------------------------------------------
Estimated Ln Prob of Data   = -2212.9
Mean value of ln likelihood = -1851.7
Variance of ln likelihood   = 722.3
Mean value of alpha         = 0.0367

Mean value of Fst_1         = 0.2537
Mean value of Fst_2         = 0.2666
Mean value of Fst_3         = 0.5354
Mean value of Fst_4         = 0.2778
Mean value of Fst_5         = 0.4699
Mean value of Fst_6         = 0.5624
Mean value of Fst_7         = 0.2632
Mean value of Fst_8         = 0.4715
Mean value of Fst_9         = 0.4317
Mean value of Fst_10         = 0.4954
Mean value of Fst_11         = 0.3970
Mean value of Fst_12         = 0.3989
Mean value of Fst_13         = 0.2120
Mean value of Fst_14         = 0.1473


Inferred ancestry of individuals:
        Label (%Miss) Pop:  Inferred clusters
  1 QTo-W-0007   (11)    1 :  0.016 0.018 0.016 0.379 0.015 0.027 0.024 0.018 0.327 0.035 0.011 0.016 0.073 0.025 
  2 QTo-W-0009    (0)    2 :  0.004 0.004 0.004 0.006 0.009 0.025 0.005 0.017 0.005 0.005 0.004 0.900 0.006 0.005 
  3 QTo-W-0010    (0)    2 :  0.011 0.012 0.005 0.009 0.863 0.005 0.010 0.005 0.007 0.007 0.006 0.035 0.014 0.010 
  4 QTo-W-0011    (0)    2 :  0.006 0.004 0.005 0.006 0.011 0.005 0.005 0.005 0.006 0.007 0.004 0.926 0.006 0.004 
  5 QTo-W-0012   (22)    2 :  0.005 0.005 0.004 0.006 0.936 0.004 0.005 0.005 0.006 0.004 0.004 0.007 0.005 0.005 
  6 QTo-W-0020   (22)    3 :  0.005 0.005 0.003 0.004 0.007 0.007 0.004 0.941 0.004 0.003 0.003 0.004 0.004 0.006 
  7 QTo-W-0021   (22)    3 :  0.006 0.008 0.011 0.016 0.006 0.017 0.011 0.872 0.019 0.005 0.005 0.006 0.010 0.009 
  8 QTo-W-0023   (22)    3 :  0.006 0.008 0.005 0.010 0.008 0.036 0.012 0.870 0.016 0.004 0.005 0.007 0.007 0.007 
  9 QTo-W-0024   (11)    3 :  0.008 0.049 0.007 0.086 0.014 0.010 0.033 0.622 0.019 0.006 0.046 0.032 0.052 0.017 
 10 QTo-W-0033    (0)    4 :  0.897 0.006 0.006 0.008 0.008 0.004 0.005 0.017 0.005 0.005 0.004 0.018 0.009 0.007 
 11 QTo-W-0035   (11)    4 :  0.921 0.005 0.008 0.006 0.007 0.005 0.006 0.005 0.006 0.007 0.005 0.007 0.007 0.006 
 12 QTo-W-0036    (0)    4 :  0.938 0.005 0.005 0.005 0.005 0.004 0.005 0.004 0.004 0.005 0.004 0.005 0.006 0.005 
 13 QTo-W-0039   (11)    4 :  0.007 0.008 0.012 0.532 0.006 0.024 0.018 0.155 0.099 0.014 0.006 0.010 0.096 0.011 
 14 QTo-W-0041    (0)    4 :  0.008 0.006 0.008 0.531 0.005 0.010 0.016 0.096 0.036 0.022 0.005 0.007 0.203 0.045 
 15 QTo-W-0044    (0)    5 :  0.005 0.059 0.171 0.008 0.005 0.044 0.006 0.012 0.004 0.042 0.007 0.619 0.010 0.007 
 16 QTo-W-0047    (0)    5 :  0.006 0.006 0.005 0.007 0.025 0.006 0.006 0.005 0.007 0.013 0.005 0.894 0.011 0.005 
 17 QTo-W-0048   (11)    5 :  0.006 0.005 0.006 0.010 0.014 0.007 0.006 0.006 0.009 0.010 0.006 0.903 0.007 0.005 
 18 QTo-W-0049    (0)    5 :  0.010 0.007 0.003 0.007 0.902 0.005 0.007 0.004 0.005 0.006 0.005 0.026 0.007 0.006 
 19 QTo-W-0050   (22)    5 :  0.153 0.018 0.007 0.028 0.032 0.486 0.014 0.024 0.011 0.007 0.081 0.036 0.077 0.027 
 20 QTo-W-0052    (0)    5 :  0.006 0.024 0.162 0.014 0.013 0.005 0.005 0.005 0.013 0.709 0.015 0.008 0.012 0.008 
 21 QTo-W-0054    (0)    5 :  0.005 0.005 0.004 0.005 0.940 0.004 0.004 0.004 0.006 0.004 0.004 0.006 0.005 0.004 
 22 QTo-W-0056    (0)    5 :  0.005 0.004 0.004 0.005 0.921 0.004 0.005 0.004 0.004 0.006 0.004 0.026 0.005 0.004 
 23 QTo-W-0057    (0)    5 :  0.006 0.007 0.004 0.009 0.786 0.004 0.005 0.004 0.005 0.010 0.005 0.142 0.009 0.005 
 24 QTo-W-0058    (0)    5 :  0.004 0.005 0.003 0.006 0.940 0.005 0.004 0.005 0.005 0.004 0.004 0.005 0.005 0.004 
 25 QTo-W-0059    (0)    5 :  0.006 0.036 0.119 0.014 0.584 0.091 0.006 0.024 0.009 0.030 0.012 0.040 0.015 0.012 
 26 QTo-W-0060    (0)    5 :  0.006 0.005 0.004 0.009 0.870 0.004 0.004 0.005 0.006 0.006 0.004 0.063 0.008 0.005 
 27 QTo-W-0061    (0)    5 :  0.008 0.013 0.010 0.185 0.507 0.010 0.047 0.053 0.056 0.014 0.007 0.006 0.060 0.024 
 28 QTo-W-0062   (11)    5 :  0.006 0.005 0.004 0.006 0.928 0.006 0.005 0.006 0.006 0.004 0.005 0.008 0.006 0.005 
 29 QTo-W-0065   (11)    5 :  0.005 0.011 0.015 0.037 0.737 0.013 0.033 0.056 0.048 0.004 0.007 0.008 0.012 0.013 
 30 QTo-W-0067    (0)    5 :  0.008 0.007 0.009 0.039 0.775 0.010 0.012 0.036 0.031 0.008 0.004 0.035 0.018 0.009 
 31 QTo-W-0071    (0)    5 :  0.006 0.011 0.006 0.537 0.006 0.014 0.011 0.019 0.026 0.007 0.015 0.012 0.313 0.017 
 32 QTo-W-0072    (0)    5 :  0.009 0.021 0.008 0.023 0.004 0.639 0.009 0.226 0.017 0.010 0.005 0.004 0.010 0.015 
 33 QTo-W-0075    (0)    5 :  0.005 0.009 0.017 0.019 0.005 0.077 0.006 0.804 0.017 0.012 0.012 0.006 0.007 0.006 
 34 QTo-W-0076   (11)    5 :  0.012 0.030 0.008 0.018 0.008 0.016 0.018 0.826 0.009 0.004 0.010 0.012 0.017 0.011 
 35 QTo-W-0077   (11)    5 :  0.015 0.009 0.009 0.073 0.030 0.055 0.016 0.337 0.057 0.005 0.005 0.353 0.024 0.012 
 36 QTo-W-0079    (0)    5 :  0.004 0.004 0.003 0.004 0.005 0.005 0.004 0.949 0.004 0.003 0.003 0.003 0.004 0.004 
 37 QTo-W-0080   (11)    5 :  0.017 0.045 0.008 0.150 0.160 0.008 0.018 0.212 0.042 0.016 0.009 0.009 0.159 0.146 
 38 QTo-W-0081   (11)    5 :  0.011 0.015 0.009 0.014 0.007 0.006 0.011 0.877 0.015 0.004 0.005 0.007 0.009 0.009 
 39 QTo-W-0082    (0)    5 :  0.005 0.014 0.006 0.055 0.013 0.010 0.010 0.788 0.008 0.004 0.008 0.007 0.048 0.022 
 40 QTo-W-0087    (0)    5 :  0.004 0.005 0.004 0.007 0.008 0.017 0.006 0.919 0.008 0.003 0.004 0.005 0.005 0.005 
 41 QTo-W-0088   (11)    5 :  0.005 0.006 0.005 0.009 0.012 0.008 0.007 0.911 0.010 0.004 0.004 0.007 0.005 0.006 
 42 QTo-W-0089   (11)    5 :  0.008 0.008 0.008 0.009 0.005 0.008 0.008 0.910 0.009 0.004 0.005 0.005 0.007 0.006 
 43 QTo-W-0090    (0)    5 :  0.031 0.013 0.008 0.042 0.007 0.009 0.011 0.781 0.011 0.004 0.005 0.029 0.036 0.012 
 44 QTo-W-0093   (11)    5 :  0.007 0.039 0.007 0.112 0.041 0.244 0.025 0.282 0.012 0.017 0.054 0.026 0.100 0.035 
 45 QTo-W-0098    (0)    5 :  0.005 0.009 0.005 0.014 0.013 0.878 0.007 0.008 0.017 0.007 0.012 0.011 0.009 0.006 
 46 QTo-W-0101   (11)    5 :  0.006 0.012 0.006 0.023 0.017 0.828 0.009 0.011 0.026 0.010 0.017 0.015 0.014 0.009 
 47 QTo-W-0114    (0)    5 :  0.005 0.006 0.006 0.010 0.004 0.912 0.006 0.011 0.012 0.006 0.005 0.004 0.008 0.005 
 48 QTo-W-0116   (11)    5 :  0.004 0.007 0.005 0.006 0.005 0.924 0.005 0.007 0.006 0.005 0.010 0.005 0.008 0.004 
 49 QTo-W-0117   (22)    5 :  0.006 0.009 0.005 0.009 0.008 0.899 0.006 0.009 0.007 0.005 0.012 0.008 0.010 0.006 
 50 QTo-W-0118    (0)    5 :  0.004 0.005 0.004 0.005 0.004 0.941 0.004 0.005 0.004 0.004 0.007 0.004 0.005 0.004 
 51 QTo-W-0121   (11)    5 :  0.007 0.010 0.004 0.012 0.006 0.845 0.007 0.044 0.007 0.004 0.009 0.027 0.010 0.008 
 52 QTo-W-0124   (11)    5 :  0.008 0.007 0.004 0.006 0.038 0.005 0.005 0.004 0.005 0.005 0.006 0.894 0.007 0.005 
 53 QTo-W-0128    (0)    5 :  0.006 0.005 0.004 0.005 0.015 0.004 0.004 0.005 0.004 0.004 0.005 0.929 0.006 0.004 
 54 QTo-W-0129    (0)    5 :  0.011 0.007 0.004 0.007 0.015 0.004 0.005 0.005 0.005 0.004 0.006 0.908 0.014 0.005 
 55 QTo-W-0131   (11)    5 :  0.233 0.050 0.036 0.083 0.081 0.008 0.063 0.069 0.035 0.006 0.020 0.031 0.193 0.092 
 56 QTo-W-0133   (11)    5 :  0.019 0.020 0.013 0.219 0.020 0.011 0.044 0.022 0.099 0.189 0.227 0.038 0.067 0.010 
 57 QTo-W-0137    (0)    5 :  0.006 0.016 0.008 0.460 0.007 0.077 0.026 0.041 0.011 0.007 0.013 0.016 0.285 0.026 
 58 QTo-W-0138    (0)    5 :  0.015 0.028 0.021 0.055 0.338 0.005 0.008 0.004 0.067 0.012 0.020 0.309 0.104 0.013 
 59 QTo-W-0139    (0)    5 :  0.005 0.004 0.926 0.006 0.004 0.004 0.004 0.004 0.006 0.015 0.004 0.007 0.005 0.005 
 60 QTo-W-0140   (22)    5 :  0.006 0.004 0.932 0.006 0.005 0.005 0.005 0.005 0.006 0.005 0.005 0.005 0.005 0.005 
 61 QTo-W-0142    (0)    5 :  0.004 0.004 0.943 0.005 0.003 0.004 0.004 0.005 0.008 0.004 0.004 0.003 0.004 0.004 
 62 QTo-W-0144    (0)    5 :  0.059 0.021 0.010 0.173 0.302 0.011 0.037 0.008 0.068 0.010 0.101 0.015 0.141 0.046 
 63 QTo-W-0149   (22)    5 :  0.006 0.005 0.008 0.009 0.006 0.007 0.085 0.009 0.837 0.005 0.007 0.005 0.007 0.006 
 64 QTo-W-0151   (11)    5 :  0.005 0.006 0.006 0.014 0.008 0.005 0.006 0.027 0.887 0.006 0.005 0.004 0.006 0.014 
 65 QTo-W-0153   (22)    5 :  0.004 0.004 0.007 0.007 0.005 0.006 0.006 0.007 0.929 0.004 0.005 0.005 0.005 0.004 
 66 QTo-W-0154    (0)    5 :  0.006 0.012 0.050 0.046 0.004 0.021 0.010 0.012 0.788 0.012 0.012 0.004 0.013 0.010 
 67 QTo-W-0159   (11)    5 :  0.008 0.019 0.013 0.544 0.017 0.040 0.012 0.009 0.038 0.081 0.025 0.007 0.176 0.012 
 68 QTo-W-0161   (11)    5 :  0.009 0.009 0.044 0.060 0.005 0.021 0.008 0.009 0.727 0.010 0.011 0.006 0.047 0.037 
 69 QTo-W-0162    (0)    5 :  0.061 0.077 0.023 0.097 0.005 0.232 0.010 0.029 0.045 0.019 0.063 0.005 0.194 0.142 
 70 QTo-W-0163   (11)    5 :  0.016 0.030 0.052 0.134 0.030 0.006 0.063 0.250 0.082 0.018 0.015 0.006 0.049 0.249 
 71 QTo-W-0167   (11)    5 :  0.061 0.012 0.012 0.098 0.012 0.317 0.018 0.021 0.013 0.167 0.026 0.074 0.130 0.040 
 72 QTo-W-0170    (0)    5 :  0.012 0.037 0.008 0.378 0.007 0.033 0.009 0.010 0.012 0.122 0.027 0.020 0.294 0.031 
 73 QTo-W-0171   (22)    5 :  0.064 0.032 0.017 0.241 0.099 0.014 0.021 0.016 0.035 0.008 0.110 0.049 0.246 0.048 
 74 QTo-W-0172   (22)    5 :  0.125 0.055 0.047 0.065 0.009 0.098 0.014 0.008 0.013 0.127 0.156 0.009 0.207 0.067 
 75 QTo-W-0173   (11)    5 :  0.007 0.011 0.013 0.531 0.009 0.020 0.016 0.012 0.022 0.071 0.007 0.014 0.250 0.019 
 76 QTo-W-0174    (0)    5 :  0.011 0.015 0.011 0.320 0.016 0.285 0.017 0.051 0.154 0.047 0.008 0.009 0.041 0.016 
 77 QTo-W-0175    (0)    5 :  0.037 0.028 0.013 0.190 0.190 0.008 0.025 0.018 0.141 0.007 0.033 0.056 0.219 0.034 
 78 QTo-W-0182   (22)    5 :  0.006 0.011 0.004 0.008 0.008 0.007 0.008 0.008 0.006 0.006 0.006 0.906 0.010 0.006 
 79 QTo-W-0184    (0)    5 :  0.082 0.181 0.013 0.142 0.013 0.044 0.014 0.066 0.042 0.058 0.010 0.013 0.084 0.238 
 80 QTo-W-0188    (0)    5 :  0.007 0.011 0.010 0.346 0.016 0.012 0.011 0.005 0.014 0.275 0.120 0.013 0.144 0.016 
 81 QTo-W-0192   (11)    5 :  0.005 0.007 0.006 0.339 0.013 0.008 0.008 0.010 0.539 0.006 0.005 0.035 0.013 0.007 
 82 QTo-W-0193    (0)    5 :  0.006 0.007 0.004 0.350 0.024 0.006 0.007 0.006 0.551 0.005 0.005 0.006 0.015 0.007 
 83 QTo-W-0194    (0)    5 :  0.005 0.006 0.004 0.348 0.023 0.006 0.006 0.007 0.547 0.005 0.005 0.023 0.010 0.005 
 84 QTo-W-0196   (11)    5 :  0.008 0.024 0.063 0.393 0.011 0.025 0.102 0.077 0.173 0.033 0.035 0.008 0.033 0.016 
 85 QTo-W-0197    (0)    5 :  0.006 0.023 0.038 0.370 0.007 0.027 0.072 0.213 0.127 0.025 0.031 0.019 0.030 0.011 
 86 QTo-W-0200   (11)    6 :  0.126 0.017 0.004 0.054 0.004 0.009 0.325 0.004 0.005 0.006 0.007 0.005 0.352 0.081 
 87 QTo-W-0201   (22)    6 :  0.128 0.015 0.003 0.052 0.004 0.009 0.323 0.004 0.005 0.007 0.007 0.005 0.352 0.086 
 88 QTo-W-0205    (0)    7 :  0.004 0.004 0.005 0.005 0.003 0.005 0.003 0.003 0.004 0.947 0.006 0.004 0.005 0.004 
 89 QTo-W-0208    (0)    7 :  0.022 0.123 0.019 0.041 0.076 0.013 0.038 0.052 0.010 0.235 0.022 0.054 0.082 0.215 
 90 QTo-W-0211    (0)    7 :  0.016 0.008 0.006 0.204 0.008 0.015 0.008 0.005 0.010 0.276 0.201 0.005 0.202 0.036 
 91 QTo-W-0212   (11)    7 :  0.005 0.004 0.004 0.005 0.005 0.004 0.003 0.003 0.004 0.943 0.004 0.006 0.005 0.004 
 92 QTo-W-0213    (0)    7 :  0.004 0.004 0.004 0.011 0.004 0.004 0.003 0.003 0.004 0.937 0.005 0.005 0.008 0.006 
 93 QTo-W-0216   (11)    8 :  0.006 0.010 0.006 0.010 0.008 0.005 0.900 0.007 0.009 0.006 0.006 0.009 0.009 0.009 
 94 QTo-W-0220    (0)    8 :  0.008 0.011 0.005 0.008 0.013 0.004 0.875 0.005 0.007 0.005 0.006 0.024 0.011 0.017 
 95 QTo-W-0224   (11)    8 :  0.090 0.448 0.047 0.019 0.039 0.015 0.024 0.009 0.009 0.009 0.051 0.039 0.154 0.047 
 96 QTo-W-0225   (11)    8 :  0.006 0.010 0.004 0.011 0.017 0.005 0.007 0.011 0.006 0.019 0.004 0.008 0.015 0.877 
 97 QTo-W-0227   (11)    8 :  0.113 0.134 0.020 0.039 0.009 0.008 0.382 0.021 0.019 0.007 0.047 0.012 0.109 0.080 
 98 QTo-W-0229    (0)    8 :  0.005 0.008 0.005 0.012 0.009 0.004 0.010 0.042 0.005 0.004 0.003 0.003 0.010 0.879 
 99 QTo-W-0231    (0)    8 :  0.431 0.047 0.009 0.005 0.006 0.003 0.035 0.009 0.005 0.034 0.009 0.017 0.232 0.158 
100 QTo-W-0238   (22)    8 :  0.027 0.052 0.038 0.339 0.008 0.025 0.013 0.008 0.016 0.047 0.015 0.010 0.340 0.062 
101 QTo-W-0240    (0)    8 :  0.445 0.027 0.022 0.148 0.008 0.024 0.012 0.007 0.013 0.025 0.012 0.013 0.179 0.063 
102 QTo-W-0242    (0)    8 :  0.017 0.008 0.309 0.027 0.004 0.476 0.014 0.008 0.013 0.013 0.027 0.004 0.021 0.059 
103 QTo-W-0244    (0)    9 :  0.705 0.096 0.012 0.015 0.004 0.043 0.007 0.008 0.007 0.010 0.019 0.004 0.056 0.014 
104 QTo-W-0245   (11)    9 :  0.259 0.051 0.023 0.017 0.006 0.011 0.010 0.013 0.012 0.011 0.015 0.014 0.084 0.472 
105 QTo-W-0251    (0)    9 :  0.009 0.022 0.006 0.065 0.004 0.074 0.313 0.365 0.033 0.013 0.051 0.004 0.027 0.013 
106 QTo-W-0253    (0)    9 :  0.006 0.061 0.009 0.012 0.004 0.022 0.012 0.017 0.005 0.011 0.005 0.005 0.018 0.813 
107 QTo-W-0256   (11)    9 :  0.072 0.064 0.007 0.021 0.079 0.008 0.010 0.091 0.008 0.008 0.008 0.077 0.054 0.492 
108 QTo-W-0258    (0)    9 :  0.035 0.177 0.052 0.013 0.047 0.005 0.013 0.180 0.007 0.004 0.010 0.011 0.072 0.375 
109 QTo-W-0259    (0)    9 :  0.018 0.023 0.069 0.010 0.005 0.025 0.005 0.016 0.022 0.009 0.012 0.004 0.021 0.760 
110 QTo-W-0260   (22)    9 :  0.034 0.022 0.069 0.016 0.006 0.012 0.007 0.006 0.011 0.025 0.028 0.004 0.033 0.727 
111 QTo-W-0274   (11)   10 :  0.007 0.836 0.005 0.009 0.005 0.007 0.014 0.012 0.007 0.004 0.006 0.006 0.017 0.066 
112 QTo-W-0275    (0)   10 :  0.130 0.054 0.006 0.062 0.265 0.008 0.101 0.005 0.106 0.013 0.142 0.039 0.056 0.013 
113 QTo-W-0278    (0)   10 :  0.048 0.181 0.026 0.152 0.011 0.009 0.054 0.062 0.097 0.124 0.136 0.008 0.059 0.033 
114 QTo-W-0283   (11)   10 :  0.665 0.018 0.010 0.014 0.038 0.006 0.007 0.012 0.012 0.096 0.008 0.029 0.059 0.024 
115 QTo-W-0284    (0)   10 :  0.601 0.024 0.014 0.016 0.022 0.008 0.036 0.010 0.010 0.134 0.013 0.017 0.074 0.019 
116 QTo-W-0287   (22)   10 :  0.013 0.857 0.010 0.007 0.007 0.006 0.009 0.015 0.005 0.004 0.005 0.009 0.009 0.045 
117 QTo-W-0289   (22)   10 :  0.005 0.872 0.005 0.007 0.007 0.008 0.008 0.008 0.005 0.006 0.009 0.008 0.010 0.042 
118 QTo-W-0293    (0)   10 :  0.024 0.086 0.049 0.030 0.020 0.006 0.008 0.005 0.030 0.007 0.264 0.258 0.168 0.045 
119 QTo-W-0295   (11)   10 :  0.029 0.011 0.076 0.043 0.718 0.005 0.009 0.007 0.018 0.018 0.012 0.010 0.022 0.023 
120 QTo-W-0296   (11)   11 :  0.006 0.009 0.008 0.011 0.010 0.009 0.006 0.006 0.066 0.004 0.840 0.008 0.009 0.006 
121 QTo-W-0298    (0)   11 :  0.005 0.009 0.010 0.009 0.007 0.010 0.005 0.005 0.052 0.005 0.865 0.007 0.007 0.005 
122 QTo-W-0300   (11)   11 :  0.225 0.321 0.005 0.017 0.017 0.016 0.088 0.041 0.013 0.006 0.016 0.126 0.095 0.015 
123 QTo-W-0302    (0)   12 :  0.010 0.012 0.011 0.032 0.006 0.012 0.088 0.043 0.029 0.674 0.007 0.009 0.032 0.034 
124 QTo-W-0305    (0)   13 :  0.012 0.841 0.017 0.008 0.006 0.006 0.017 0.008 0.006 0.006 0.013 0.008 0.024 0.029 
125 QTo-W-0308   (11)   13 :  0.006 0.825 0.009 0.010 0.007 0.008 0.026 0.008 0.008 0.007 0.022 0.010 0.029 0.026 
126 QTo-W-0309   (11)   13 :  0.011 0.112 0.005 0.174 0.118 0.016 0.011 0.005 0.031 0.238 0.025 0.040 0.204 0.012 
127 QTo-W-0311    (0)   14 :  0.082 0.010 0.009 0.375 0.016 0.006 0.009 0.005 0.006 0.028 0.007 0.025 0.364 0.059 
128 QTo-W-0312    (0)   15 :  0.005 0.006 0.003 0.006 0.003 0.038 0.004 0.006 0.003 0.005 0.905 0.004 0.006 0.005 
129 QTo-W-0315   (11)   15 :  0.006 0.005 0.003 0.006 0.004 0.006 0.005 0.004 0.004 0.005 0.932 0.005 0.008 0.006 
130 QTo-W-0318    (0)   16 :  0.009 0.512 0.009 0.027 0.014 0.023 0.018 0.004 0.010 0.037 0.012 0.006 0.308 0.011 
131 QTo-W-0322   (11)   16 :  0.014 0.499 0.008 0.023 0.010 0.028 0.026 0.005 0.007 0.022 0.009 0.009 0.322 0.017 
132 QTo-W-0326   (22)   16 :  0.017 0.243 0.006 0.106 0.040 0.057 0.030 0.007 0.017 0.048 0.009 0.106 0.291 0.024 
133 QTo-W-0327   (11)   16 :  0.011 0.250 0.006 0.099 0.049 0.022 0.022 0.023 0.045 0.064 0.010 0.043 0.277 0.079 
134 QTo-W-0328    (0)   17 :  0.005 0.007 0.005 0.007 0.005 0.004 0.835 0.008 0.101 0.003 0.004 0.004 0.007 0.005 
135 QTo-W-0329    (0)   17 :  0.005 0.006 0.005 0.006 0.004 0.004 0.933 0.008 0.007 0.003 0.004 0.004 0.006 0.004 
136 QTo-W-0330   (11)   17 :  0.006 0.009 0.006 0.010 0.006 0.005 0.910 0.011 0.009 0.004 0.005 0.006 0.008 0.006 


Estimated Allele Frequencies in each cluster
First column gives estimated ancestral frequencies


Locus 1 : 
4 alleles
0.7% missing data
 149   (0.832) 0.862 0.965 0.961 0.974 0.993 0.993 0.968 0.993 0.986 0.298 0.642 0.987 0.926 0.510 
 147   (0.070) 0.029 0.013 0.024 0.009 0.003 0.003 0.013 0.003 0.006 0.215 0.337 0.005 0.027 0.093 
 155   (0.055) 0.092 0.011 0.007 0.012 0.002 0.003 0.011 0.002 0.005 0.484 0.014 0.004 0.031 0.023 
 161   (0.043) 0.017 0.011 0.008 0.005 0.002 0.002 0.008 0.002 0.004 0.004 0.006 0.004 0.016 0.373 

Locus 2 : 
6 alleles
12.5% missing data
 179   (0.379) 0.089 0.311 0.676 0.674 0.073 0.250 0.856 0.967 0.918 0.040 0.081 0.037 0.297 0.368 
 176   (0.153) 0.074 0.047 0.218 0.118 0.160 0.013 0.034 0.007 0.018 0.910 0.036 0.529 0.122 0.078 
 173   (0.237) 0.717 0.106 0.060 0.127 0.732 0.015 0.058 0.015 0.039 0.020 0.090 0.412 0.236 0.291 
 164   (0.030) 0.007 0.008 0.005 0.005 0.026 0.001 0.007 0.001 0.003 0.003 0.004 0.004 0.013 0.013 
 182   (0.145) 0.096 0.428 0.031 0.059 0.007 0.717 0.034 0.007 0.016 0.020 0.781 0.013 0.303 0.079 
 170   (0.056) 0.017 0.100 0.010 0.018 0.002 0.003 0.011 0.003 0.007 0.007 0.008 0.004 0.030 0.170 

Locus 3 : 
17 alleles
0.0% missing data
 220   (0.164) 0.318 0.233 0.032 0.105 0.113 0.012 0.186 0.008 0.046 0.518 0.052 0.432 0.140 0.118 
 222   (0.172) 0.096 0.183 0.541 0.289 0.021 0.014 0.222 0.226 0.146 0.025 0.221 0.018 0.239 0.265 
 218   (0.162) 0.098 0.307 0.024 0.154 0.665 0.008 0.359 0.187 0.138 0.021 0.030 0.434 0.185 0.123 
 226   (0.071) 0.014 0.017 0.033 0.019 0.007 0.920 0.017 0.530 0.010 0.009 0.013 0.071 0.031 0.091 
 258   (0.056) 0.023 0.017 0.012 0.085 0.007 0.003 0.016 0.011 0.017 0.020 0.309 0.013 0.074 0.027 
 224   (0.054) 0.315 0.010 0.006 0.014 0.003 0.016 0.044 0.003 0.005 0.009 0.174 0.006 0.071 0.041 
 228   (0.065) 0.016 0.017 0.015 0.241 0.007 0.011 0.046 0.025 0.037 0.372 0.038 0.006 0.110 0.028 
 256   (0.021) 0.003 0.004 0.002 0.003 0.168 0.001 0.004 0.001 0.002 0.001 0.003 0.001 0.006 0.006 
 264   (0.019) 0.003 0.003 0.296 0.002 0.001 0.001 0.003 0.001 0.002 0.001 0.002 0.001 0.005 0.005 
 230   (0.032) 0.005 0.005 0.004 0.004 0.001 0.001 0.006 0.001 0.489 0.002 0.115 0.002 0.012 0.010 
 260   (0.031) 0.054 0.009 0.006 0.011 0.001 0.005 0.007 0.002 0.005 0.004 0.007 0.003 0.026 0.026 
 262   (0.020) 0.010 0.005 0.005 0.004 0.001 0.003 0.004 0.001 0.002 0.006 0.013 0.001 0.013 0.009 
 234   (0.019) 0.003 0.003 0.002 0.051 0.001 0.001 0.003 0.001 0.091 0.001 0.002 0.001 0.008 0.005 
 232   (0.031) 0.020 0.010 0.003 0.008 0.001 0.001 0.064 0.001 0.003 0.002 0.006 0.002 0.055 0.019 
 250   (0.033) 0.006 0.007 0.004 0.004 0.001 0.001 0.006 0.001 0.003 0.002 0.004 0.002 0.009 0.136 
 216   (0.021) 0.005 0.004 0.013 0.003 0.001 0.001 0.004 0.001 0.002 0.002 0.006 0.001 0.005 0.076 
 266   (0.028) 0.009 0.167 0.003 0.003 0.001 0.001 0.008 0.001 0.003 0.002 0.004 0.003 0.011 0.013 

Locus 4 : 
2 alleles
1.5% missing data
 137   (0.972) 0.995 0.995 0.998 0.997 0.999 0.999 0.885 0.999 0.998 0.998 0.997 0.998 0.991 0.992 
 139   (0.028) 0.005 0.005 0.002 0.003 0.001 0.001 0.115 0.001 0.002 0.002 0.003 0.002 0.009 0.008 

Locus 5 : 
17 alleles
11.8% missing data
 187   (0.269) 0.289 0.365 0.055 0.649 0.015 0.738 0.126 0.017 0.323 0.843 0.059 0.031 0.657 0.508 
 243   (0.049) 0.010 0.011 0.005 0.043 0.003 0.003 0.009 0.004 0.059 0.004 0.007 0.414 0.018 0.015 
 203   (0.076) 0.017 0.034 0.008 0.016 0.909 0.006 0.017 0.356 0.008 0.008 0.011 0.009 0.033 0.216 
 201   (0.094) 0.062 0.068 0.013 0.101 0.005 0.048 0.035 0.449 0.028 0.009 0.015 0.337 0.054 0.054 
 197   (0.074) 0.494 0.184 0.009 0.011 0.003 0.004 0.044 0.141 0.007 0.006 0.012 0.007 0.033 0.031 
 195   (0.055) 0.012 0.198 0.860 0.008 0.006 0.005 0.011 0.004 0.005 0.055 0.008 0.020 0.020 0.033 
 247   (0.028) 0.006 0.008 0.003 0.004 0.002 0.001 0.005 0.001 0.003 0.004 0.004 0.098 0.009 0.009 
 235   (0.037) 0.008 0.013 0.004 0.035 0.003 0.004 0.009 0.007 0.005 0.004 0.006 0.004 0.030 0.020 
 249   (0.035) 0.006 0.008 0.003 0.005 0.001 0.174 0.006 0.002 0.003 0.003 0.004 0.003 0.011 0.010 
 199   (0.051) 0.018 0.034 0.007 0.051 0.007 0.004 0.039 0.007 0.027 0.024 0.794 0.005 0.026 0.019 
 245   (0.042) 0.012 0.015 0.007 0.030 0.035 0.002 0.009 0.002 0.030 0.004 0.011 0.033 0.036 0.015 
 219   (0.047) 0.013 0.013 0.005 0.008 0.004 0.002 0.099 0.002 0.430 0.004 0.010 0.005 0.017 0.015 
 217   (0.038) 0.008 0.011 0.004 0.006 0.002 0.002 0.311 0.004 0.033 0.003 0.006 0.003 0.010 0.012 
 229   (0.015) 0.003 0.004 0.002 0.019 0.001 0.001 0.003 0.001 0.028 0.001 0.002 0.002 0.007 0.005 
 215   (0.032) 0.007 0.009 0.004 0.005 0.001 0.002 0.263 0.002 0.004 0.024 0.004 0.003 0.010 0.012 
 205   (0.028) 0.026 0.008 0.003 0.004 0.001 0.001 0.007 0.001 0.002 0.003 0.004 0.003 0.012 0.015 
 227   (0.028) 0.007 0.016 0.009 0.005 0.001 0.002 0.006 0.001 0.005 0.003 0.043 0.024 0.018 0.013 

Locus 6 : 
25 alleles
30.9% missing data
 214   (0.055) 0.065 0.033 0.012 0.011 0.119 0.004 0.088 0.005 0.009 0.006 0.015 0.208 0.033 0.030 
 222   (0.059) 0.117 0.016 0.010 0.110 0.084 0.005 0.018 0.030 0.010 0.007 0.014 0.477 0.095 0.026 
 206   (0.068) 0.023 0.018 0.014 0.170 0.359 0.011 0.025 0.010 0.138 0.039 0.072 0.009 0.055 0.036 
 218   (0.075) 0.026 0.121 0.026 0.120 0.369 0.005 0.026 0.011 0.233 0.104 0.033 0.021 0.144 0.036 
 216   (0.062) 0.020 0.036 0.013 0.023 0.003 0.009 0.028 0.389 0.092 0.039 0.017 0.007 0.048 0.279 
 208   (0.032) 0.105 0.015 0.005 0.010 0.002 0.002 0.009 0.203 0.006 0.004 0.007 0.004 0.015 0.044 
 238   (0.046) 0.011 0.011 0.008 0.023 0.002 0.521 0.019 0.162 0.007 0.005 0.103 0.005 0.027 0.017 
 204   (0.021) 0.292 0.005 0.003 0.003 0.001 0.001 0.005 0.001 0.003 0.002 0.004 0.002 0.012 0.007 
 234   (0.047) 0.014 0.012 0.007 0.086 0.003 0.003 0.013 0.011 0.010 0.138 0.019 0.005 0.061 0.073 
 242   (0.047) 0.032 0.010 0.006 0.065 0.002 0.003 0.058 0.005 0.008 0.006 0.010 0.005 0.106 0.074 
 210   (0.119) 0.088 0.435 0.511 0.198 0.009 0.409 0.060 0.060 0.142 0.595 0.578 0.026 0.102 0.071 
 246   (0.028) 0.020 0.010 0.006 0.022 0.015 0.002 0.016 0.008 0.012 0.004 0.008 0.004 0.017 0.014 
 258   (0.025) 0.007 0.008 0.004 0.069 0.001 0.002 0.008 0.031 0.006 0.005 0.010 0.003 0.056 0.011 
 240   (0.025) 0.009 0.007 0.004 0.007 0.001 0.002 0.008 0.040 0.004 0.003 0.006 0.004 0.009 0.009 
 256   (0.022) 0.005 0.004 0.003 0.003 0.001 0.001 0.005 0.002 0.003 0.002 0.005 0.118 0.010 0.007 
 254   (0.012) 0.005 0.003 0.002 0.002 0.001 0.001 0.003 0.001 0.002 0.001 0.004 0.051 0.004 0.004 
 236   (0.057) 0.027 0.018 0.334 0.017 0.008 0.004 0.015 0.005 0.272 0.006 0.036 0.026 0.041 0.086 
 248   (0.025) 0.027 0.007 0.003 0.017 0.004 0.002 0.059 0.002 0.006 0.003 0.013 0.003 0.079 0.019 
 252   (0.023) 0.008 0.006 0.004 0.014 0.005 0.002 0.008 0.002 0.013 0.003 0.008 0.005 0.016 0.009 
 224   (0.035) 0.010 0.018 0.005 0.008 0.002 0.003 0.087 0.004 0.005 0.012 0.009 0.005 0.015 0.075 
 230   (0.029) 0.028 0.008 0.004 0.006 0.001 0.002 0.243 0.005 0.007 0.003 0.008 0.003 0.014 0.015 
 228   (0.020) 0.008 0.015 0.007 0.004 0.002 0.001 0.006 0.007 0.003 0.002 0.005 0.002 0.009 0.026 
 266   (0.019) 0.005 0.055 0.003 0.003 0.001 0.001 0.006 0.002 0.003 0.002 0.005 0.002 0.008 0.010 
 212   (0.030) 0.045 0.007 0.004 0.005 0.002 0.002 0.181 0.002 0.005 0.007 0.007 0.003 0.014 0.011 
 232   (0.018) 0.004 0.121 0.002 0.003 0.001 0.001 0.005 0.001 0.002 0.002 0.004 0.002 0.009 0.008 

Locus 7 : 
7 alleles
1.5% missing data
 108   (0.653) 0.438 0.279 0.957 0.931 0.980 0.976 0.335 0.443 0.964 0.965 0.934 0.822 0.721 0.561 
 116   (0.032) 0.006 0.009 0.005 0.004 0.002 0.001 0.006 0.001 0.003 0.002 0.012 0.150 0.013 0.010 
 110   (0.139) 0.205 0.505 0.020 0.032 0.009 0.015 0.047 0.549 0.016 0.019 0.026 0.012 0.073 0.268 
 114   (0.063) 0.297 0.022 0.006 0.014 0.005 0.003 0.246 0.003 0.007 0.005 0.013 0.007 0.068 0.027 
 112   (0.059) 0.025 0.174 0.006 0.012 0.003 0.003 0.354 0.003 0.005 0.004 0.008 0.005 0.104 0.025 
 104   (0.027) 0.005 0.005 0.002 0.003 0.001 0.001 0.005 0.001 0.002 0.002 0.003 0.002 0.010 0.093 
 118   (0.027) 0.023 0.006 0.003 0.003 0.001 0.001 0.007 0.001 0.002 0.003 0.004 0.002 0.011 0.014 

Locus 8 : 
5 alleles
2.2% missing data
 160   (0.168) 0.092 0.141 0.024 0.113 0.525 0.066 0.038 0.007 0.199 0.222 0.379 0.380 0.076 0.060 
 162   (0.622) 0.477 0.790 0.117 0.795 0.465 0.909 0.744 0.978 0.745 0.740 0.352 0.604 0.815 0.629 
 164   (0.083) 0.398 0.030 0.789 0.013 0.004 0.006 0.017 0.004 0.012 0.010 0.019 0.007 0.045 0.120 
 166   (0.025) 0.008 0.007 0.004 0.006 0.001 0.005 0.005 0.001 0.006 0.003 0.007 0.002 0.014 0.015 
 158   (0.103) 0.026 0.031 0.067 0.073 0.005 0.014 0.196 0.010 0.038 0.025 0.243 0.008 0.051 0.176 

Locus 9 : 
4 alleles
0.0% missing data
 229   (0.490) 0.584 0.149 0.509 0.651 0.506 0.612 0.475 0.926 0.945 0.239 0.297 0.238 0.339 0.413 
 226   (0.351) 0.129 0.768 0.050 0.286 0.480 0.379 0.490 0.066 0.039 0.085 0.663 0.749 0.529 0.382 
 223   (0.134) 0.282 0.079 0.439 0.054 0.012 0.008 0.031 0.007 0.014 0.661 0.023 0.010 0.119 0.196 
 232   (0.024) 0.005 0.004 0.003 0.010 0.001 0.001 0.005 0.001 0.002 0.015 0.017 0.002 0.014 0.009 

Values of parameters used in structure:
DATAFILE=C:\Users\eschumacher\Documents\GitHub\Ten_Oaks\Data_Files\QUTO_wild\project_data,	OUTFILE=C:\Users\eschumacher\Documents\GitHub\Ten_Oaks\Data_Files\QUTO_wild\50-50\Results\50-50_run_67,	NUMINDS=136,	NUMLOCI=9,	MISSING=-9,	LABEL=1,	POPDATA=1,	POPFLAG=0,	PHENOTYPE=0,	EXTRACOLS=0,	MAXPOPS=14,	BURNIN=50000,	NUMREPS=50000,	USEPOPINFO=0,	INFERALPHA=1,	INFERLAMBDA=0,	POPSPECIFICLAMBDA=0,	POPALPHAS=0,	COMPUTEPROB=1,	NOADMIX=0,	ADMBURNIN=2500,	UPDATEFREQ=1,	PRINTLIKES=0,	INTERMEDSAVE=0,	PRINTKLD=0,	PRINTNET=0,	PRINTLAMBDA=0,	ANCESTDIST=0,	NUMBOXES=1000,	ANCESTPINT=0.90000,	GENSBACK=2,	MIGRPRIOR=0.05000,	PRINTQHAT=0,	PRINTQSUM=0,	ALPHA=1.0000,	FREQSCORR=1,	FPRIORMEAN=0.0100,	FPRIORSD=0.0500,	ONEFST=0,	LAMBDA=1.0000,	UNIFPRIORALPHA=1,	ALPHAMAX=10.0000,	ALPHAPRIORA=1.0000,	ALPHAPRIORB=2.0000,	ALPHAPROPSD=0.0250,	STARTATPOPINFO=0,	RANDOMIZE=1,	LINKAGE=0,	METROFREQ=10,	REPORTHITRATE=0,	MARKOVPHASE=-1,	PHASED=0,	PLOIDY=2,	PHASEINFO=0	LOCPRIOR=0, 	LOCPRIORINIT=1.000000, 	LOCDATA=0, 	LOCISPOP=0, 	LOCPRIORSTEP=0.100000, 	MAXLOCPRIOR=20.000000, 	SEED=1689803731,	
[STRAT parameters]:    NUMSIMSTATS=1000,	PHENOTYPECOL=-9,	POOLFREQ=10,	LOCUSxONLY=0,	EMERROR=0.00100,	MISSINGPHENO=-9,	