

----------------------------------------------------
STRUCTURE by Pritchard, Stephens and Donnelly (2000)
     and Falush, Stephens and Pritchard (2003)
       Code by Pritchard, Falush and Hubisz
             Version 2.3.4 (Jul 2012)
----------------------------------------------------



Command line arguments:   bin\structure -m C:\Users\eschumacher\Documents\GitHub\Ten_Oaks\Data_Files\QUTO_wild\50-50\mainparams -e C:\Users\eschumacher\Documents\GitHub\Ten_Oaks\Data_Files\QUTO_wild\50-50\extraparams 
Input File:    C:\Users\eschumacher\Documents\GitHub\Ten_Oaks\Data_Files\QUTO_wild\project_data

Run parameters:
   136 individuals
   9 loci
   18 populations assumed
   50000 Burn-in period
   50000 Reps


--------------------------------------------
Proportion of membership of each pre-defined
 population in each of the 18 clusters

Given    Inferred Clusters                                                                                                                Number of
 Pop       1      2      3      4      5      6      7      8      9     10     11     12     13     14     15     16     17     18      Individuals

  1:     0.052  0.009  0.020  0.031  0.035  0.442  0.066  0.038  0.034  0.143  0.012  0.020  0.023  0.011  0.018  0.018  0.012  0.016        1
  2:     0.010  0.004  0.006  0.005  0.006  0.008  0.005  0.009  0.011  0.006  0.006  0.006  0.008  0.005  0.004  0.006  0.435  0.462        4
  3:     0.023  0.012  0.015  0.004  0.010  0.021  0.013  0.025  0.016  0.033  0.017  0.009  0.017  0.005  0.007  0.759  0.008  0.008        4
  4:     0.046  0.004  0.008  0.008  0.043  0.051  0.015  0.026  0.014  0.169  0.005  0.012  0.008  0.541  0.007  0.030  0.006  0.007        5
  5:     0.042  0.015  0.012  0.025  0.029  0.085  0.067  0.054  0.037  0.078  0.013  0.016  0.123  0.011  0.052  0.131  0.140  0.070       71
  6:     0.012  0.006  0.118  0.004  0.764  0.005  0.004  0.007  0.012  0.006  0.008  0.021  0.006  0.012  0.003  0.004  0.004  0.004        2
  7:     0.063  0.034  0.006  0.617  0.012  0.015  0.004  0.013  0.066  0.049  0.022  0.034  0.007  0.006  0.006  0.009  0.016  0.020        5
  8:     0.075  0.016  0.120  0.015  0.073  0.021  0.008  0.043  0.103  0.054  0.090  0.197  0.054  0.056  0.041  0.013  0.010  0.012       10
  9:     0.047  0.016  0.042  0.010  0.028  0.015  0.012  0.033  0.060  0.025  0.044  0.404  0.023  0.116  0.020  0.080  0.017  0.008        8
 10:     0.073  0.036  0.021  0.042  0.019  0.052  0.015  0.039  0.074  0.021  0.306  0.015  0.006  0.126  0.019  0.011  0.108  0.018        9
 11:     0.080  0.521  0.027  0.005  0.020  0.013  0.042  0.041  0.078  0.021  0.061  0.006  0.014  0.029  0.008  0.012  0.011  0.012        3
 12:     0.040  0.005  0.047  0.586  0.018  0.027  0.021  0.027  0.047  0.037  0.020  0.030  0.011  0.010  0.009  0.044  0.006  0.015        1
 13:     0.023  0.024  0.017  0.055  0.053  0.057  0.007  0.079  0.019  0.033  0.548  0.007  0.010  0.007  0.008  0.006  0.033  0.014        3
 14:     0.063  0.005  0.009  0.032  0.327  0.011  0.005  0.118  0.028  0.277  0.007  0.032  0.007  0.044  0.008  0.004  0.013  0.010        1
 15:     0.006  0.905  0.004  0.005  0.007  0.004  0.004  0.005  0.005  0.005  0.005  0.005  0.019  0.005  0.003  0.005  0.004  0.004        2
 16:     0.028  0.010  0.030  0.028  0.304  0.048  0.010  0.235  0.024  0.041  0.108  0.028  0.031  0.008  0.007  0.009  0.023  0.028        4
 17:     0.006  0.004  0.862  0.003  0.007  0.006  0.055  0.005  0.006  0.006  0.007  0.005  0.004  0.004  0.005  0.007  0.005  0.004        3
--------------------------------------------

Allele-freq. divergence among pops (Net nucleotide distance),
computed using point estimates of P.

      1       2       3       4       5       6       7       8       9      10      11      12      13      14      15      16      17      18      
 1      -    0.1272  0.0718  0.1740  0.0448  0.0381  0.1263  0.0453  0.0013  0.0153  0.0741  0.0455  0.1158  0.0976  0.1430  0.1076  0.1278  0.0980  
 2   0.1272     -    0.2470  0.2806  0.1662  0.2077  0.3082  0.1546  0.1298  0.1653  0.1736  0.1796  0.1976  0.2553  0.2693  0.3308  0.2512  0.2200  
 3   0.0718  0.2470     -    0.3315  0.1035  0.1054  0.1715  0.1344  0.0689  0.0962  0.1010  0.1243  0.2273  0.1859  0.2298  0.1290  0.2274  0.1829  
 4   0.1740  0.2806  0.3315     -    0.2061  0.2345  0.3606  0.2277  0.1755  0.1833  0.2842  0.1855  0.2794  0.2762  0.3048  0.3924  0.3455  0.2241  
 5   0.0448  0.1662  0.1035  0.2061     -    0.1060  0.2119  0.0539  0.0441  0.0461  0.0841  0.0782  0.1207  0.1449  0.2429  0.1987  0.1869  0.1427  
 6   0.0381  0.2077  0.1054  0.2345  0.1060     -    0.1101  0.1057  0.0464  0.0408  0.1552  0.1025  0.1535  0.1682  0.1746  0.1198  0.1544  0.1568  
 7   0.1263  0.3082  0.1715  0.3606  0.2119  0.1101     -    0.2206  0.1344  0.1325  0.2537  0.1920  0.2406  0.2654  0.2321  0.1639  0.2921  0.2726  
 8   0.0453  0.1546  0.1344  0.2277  0.0539  0.1057  0.2206     -    0.0432  0.0438  0.0984  0.0990  0.1597  0.1352  0.2348  0.2069  0.1101  0.0937  
 9   0.0013  0.1298  0.0689  0.1755  0.0441  0.0464  0.1344  0.0432     -    0.0226  0.0682  0.0417  0.1215  0.0887  0.1455  0.1094  0.1227  0.0919  
10   0.0153  0.1653  0.0962  0.1833  0.0461  0.0408  0.1325  0.0438  0.0226     -    0.1060  0.0686  0.1199  0.1423  0.1701  0.1311  0.1522  0.1183  
11   0.0741  0.1736  0.1010  0.2842  0.0841  0.1552  0.2537  0.0984  0.0682  0.1060     -    0.1149  0.1986  0.1709  0.2257  0.1664  0.2210  0.1593  
12   0.0455  0.1796  0.1243  0.1855  0.0782  0.1025  0.1920  0.0990  0.0417  0.0686  0.1149     -    0.1705  0.1374  0.1930  0.1432  0.1811  0.1696  
13   0.1158  0.1976  0.2273  0.2794  0.1207  0.1535  0.2406  0.1597  0.1215  0.1199  0.1986  0.1705     -    0.2546  0.2960  0.1960  0.2852  0.2321  
14   0.0976  0.2553  0.1859  0.2762  0.1449  0.1682  0.2654  0.1352  0.0887  0.1423  0.1709  0.1374  0.2546     -    0.2154  0.2233  0.1997  0.2017  
15   0.1430  0.2693  0.2298  0.3048  0.2429  0.1746  0.2321  0.2348  0.1455  0.1701  0.2257  0.1930  0.2960  0.2154     -    0.2632  0.3031  0.2675  
16   0.1076  0.3308  0.1290  0.3924  0.1987  0.1198  0.1639  0.2069  0.1094  0.1311  0.1664  0.1432  0.1960  0.2233  0.2632     -    0.2616  0.2538  
17   0.1278  0.2512  0.2274  0.3455  0.1869  0.1544  0.2921  0.1101  0.1227  0.1522  0.2210  0.1811  0.2852  0.1997  0.3031  0.2616     -    0.1649  
18   0.0980  0.2200  0.1829  0.2241  0.1427  0.1568  0.2726  0.0937  0.0919  0.1183  0.1593  0.1696  0.2321  0.2017  0.2675  0.2538  0.1649     -    

Average distances (expected heterozygosity) between individuals in same cluster:
cluster  1  : 0.5832 
cluster  2  : 0.4190 
cluster  3  : 0.4729 
cluster  4  : 0.3272 
cluster  5  : 0.4687 
cluster  6  : 0.4017 
cluster  7  : 0.2117 
cluster  8  : 0.4514 
cluster  9  : 0.6107 
cluster 10  : 0.4490 
cluster 11  : 0.4845 
cluster 12  : 0.6112 
cluster 13  : 0.2425 
cluster 14  : 0.4800 
cluster 15  : 0.3245 
cluster 16  : 0.3016 
cluster 17  : 0.3096 
cluster 18  : 0.4014 

--------------------------------------------
Estimated Ln Prob of Data   = -2256.3
Mean value of ln likelihood = -1816.6
Variance of ln likelihood   = 879.4
Mean value of alpha         = 0.0357

Mean value of Fst_1         = 0.0858
Mean value of Fst_2         = 0.4397
Mean value of Fst_3         = 0.3546
Mean value of Fst_4         = 0.5537
Mean value of Fst_5         = 0.3322
Mean value of Fst_6         = 0.3140
Mean value of Fst_7         = 0.6361
Mean value of Fst_8         = 0.4173
Mean value of Fst_9         = 0.0001
Mean value of Fst_10         = 0.3435
Mean value of Fst_11         = 0.3067
Mean value of Fst_12         = 0.1923
Mean value of Fst_13         = 0.5834
Mean value of Fst_14         = 0.3636
Mean value of Fst_15         = 0.5502
Mean value of Fst_16         = 0.4994
Mean value of Fst_17         = 0.5113
Mean value of Fst_18         = 0.4388


Inferred ancestry of individuals:
        Label (%Miss) Pop:  Inferred clusters
  1 QTo-W-0007   (11)    1 :  0.052 0.009 0.020 0.031 0.035 0.442 0.066 0.038 0.034 0.143 0.012 0.020 0.023 0.011 0.018 0.018 0.012 0.016 
  2 QTo-W-0009    (0)    2 :  0.006 0.003 0.005 0.004 0.004 0.006 0.004 0.006 0.006 0.005 0.004 0.005 0.017 0.004 0.004 0.011 0.007 0.898 
  3 QTo-W-0010    (0)    2 :  0.022 0.005 0.008 0.006 0.009 0.012 0.005 0.016 0.028 0.009 0.009 0.010 0.004 0.009 0.004 0.005 0.808 0.032 
  4 QTo-W-0011    (0)    2 :  0.006 0.004 0.005 0.005 0.005 0.007 0.005 0.006 0.005 0.006 0.004 0.004 0.005 0.004 0.004 0.004 0.008 0.914 
  5 QTo-W-0012   (22)    2 :  0.005 0.004 0.005 0.003 0.005 0.006 0.004 0.008 0.005 0.005 0.005 0.004 0.004 0.004 0.003 0.005 0.917 0.005 
  6 QTo-W-0020   (22)    3 :  0.004 0.003 0.004 0.003 0.004 0.004 0.004 0.004 0.004 0.004 0.004 0.005 0.006 0.004 0.003 0.928 0.007 0.004 
  7 QTo-W-0021   (22)    3 :  0.012 0.005 0.012 0.005 0.008 0.013 0.021 0.007 0.010 0.016 0.008 0.010 0.017 0.006 0.012 0.826 0.005 0.006 
  8 QTo-W-0023   (22)    3 :  0.009 0.005 0.016 0.004 0.006 0.015 0.013 0.007 0.009 0.009 0.007 0.007 0.035 0.005 0.005 0.833 0.009 0.007 
  9 QTo-W-0024   (11)    3 :  0.066 0.034 0.030 0.004 0.021 0.052 0.012 0.080 0.042 0.102 0.050 0.012 0.009 0.006 0.006 0.448 0.012 0.014 
 10 QTo-W-0033    (0)    4 :  0.008 0.004 0.005 0.005 0.009 0.005 0.004 0.015 0.009 0.010 0.005 0.007 0.004 0.868 0.005 0.014 0.008 0.013 
 11 QTo-W-0035   (11)    4 :  0.006 0.004 0.005 0.006 0.007 0.006 0.005 0.007 0.006 0.006 0.005 0.005 0.005 0.903 0.007 0.005 0.006 0.005 
 12 QTo-W-0036    (0)    4 :  0.005 0.004 0.004 0.005 0.005 0.005 0.004 0.006 0.005 0.005 0.004 0.004 0.004 0.925 0.005 0.004 0.005 0.004 
 13 QTo-W-0039   (11)    4 :  0.100 0.005 0.014 0.011 0.069 0.151 0.041 0.052 0.016 0.407 0.006 0.010 0.015 0.006 0.010 0.076 0.005 0.006 
 14 QTo-W-0041    (0)    4 :  0.110 0.005 0.012 0.014 0.125 0.087 0.021 0.052 0.033 0.416 0.006 0.036 0.009 0.005 0.010 0.051 0.004 0.005 
 15 QTo-W-0044    (0)    5 :  0.008 0.007 0.005 0.025 0.009 0.006 0.004 0.012 0.010 0.009 0.093 0.005 0.031 0.004 0.108 0.009 0.005 0.648 
 16 QTo-W-0047    (0)    5 :  0.009 0.005 0.005 0.006 0.005 0.006 0.005 0.010 0.007 0.008 0.006 0.004 0.005 0.004 0.004 0.004 0.025 0.883 
 17 QTo-W-0048   (11)    5 :  0.007 0.005 0.005 0.007 0.007 0.010 0.006 0.008 0.006 0.007 0.005 0.005 0.006 0.005 0.005 0.005 0.013 0.888 
 18 QTo-W-0049    (0)    5 :  0.007 0.004 0.006 0.006 0.006 0.007 0.004 0.016 0.006 0.008 0.007 0.005 0.005 0.009 0.004 0.004 0.868 0.029 
 19 QTo-W-0050   (22)    5 :  0.038 0.058 0.013 0.006 0.099 0.012 0.012 0.038 0.043 0.025 0.013 0.018 0.434 0.116 0.007 0.022 0.028 0.019 
 20 QTo-W-0052    (0)    5 :  0.013 0.020 0.004 0.667 0.007 0.018 0.010 0.012 0.015 0.007 0.023 0.009 0.004 0.006 0.142 0.004 0.015 0.024 
 21 QTo-W-0054    (0)    5 :  0.005 0.004 0.004 0.003 0.004 0.007 0.004 0.007 0.004 0.006 0.004 0.004 0.004 0.004 0.003 0.005 0.922 0.005 
 22 QTo-W-0056    (0)    5 :  0.005 0.004 0.004 0.006 0.004 0.005 0.003 0.006 0.005 0.005 0.004 0.004 0.004 0.004 0.004 0.004 0.896 0.033 
 23 QTo-W-0057    (0)    5 :  0.007 0.005 0.005 0.008 0.007 0.006 0.004 0.041 0.007 0.016 0.006 0.005 0.004 0.006 0.004 0.004 0.742 0.123 
 24 QTo-W-0058    (0)    5 :  0.005 0.004 0.004 0.004 0.005 0.006 0.005 0.006 0.004 0.015 0.004 0.004 0.004 0.004 0.003 0.004 0.914 0.005 
 25 QTo-W-0059    (0)    5 :  0.024 0.010 0.005 0.022 0.008 0.016 0.006 0.010 0.029 0.012 0.038 0.011 0.076 0.006 0.088 0.022 0.549 0.069 
 26 QTo-W-0060    (0)    5 :  0.007 0.004 0.005 0.006 0.007 0.007 0.004 0.019 0.006 0.013 0.005 0.004 0.004 0.006 0.004 0.005 0.828 0.066 
 27 QTo-W-0061    (0)    5 :  0.073 0.005 0.021 0.011 0.024 0.088 0.030 0.026 0.054 0.146 0.010 0.011 0.009 0.005 0.009 0.025 0.446 0.006 
 28 QTo-W-0062   (11)    5 :  0.006 0.005 0.005 0.004 0.006 0.006 0.005 0.009 0.006 0.015 0.005 0.005 0.005 0.005 0.004 0.006 0.898 0.007 
 29 QTo-W-0065   (11)    5 :  0.015 0.006 0.025 0.004 0.011 0.047 0.039 0.009 0.010 0.041 0.013 0.012 0.009 0.004 0.014 0.050 0.683 0.007 
 30 QTo-W-0067    (0)    5 :  0.017 0.004 0.013 0.008 0.012 0.028 0.026 0.013 0.014 0.043 0.007 0.008 0.008 0.007 0.009 0.030 0.698 0.054 
 31 QTo-W-0071    (0)    5 :  0.095 0.015 0.014 0.006 0.154 0.030 0.023 0.086 0.032 0.462 0.007 0.011 0.011 0.006 0.008 0.021 0.006 0.013 
 32 QTo-W-0072    (0)    5 :  0.016 0.004 0.009 0.009 0.010 0.025 0.018 0.007 0.011 0.020 0.022 0.015 0.601 0.007 0.008 0.209 0.004 0.004 
 33 QTo-W-0075    (0)    5 :  0.018 0.010 0.005 0.011 0.009 0.019 0.016 0.011 0.009 0.028 0.008 0.006 0.053 0.004 0.014 0.768 0.004 0.006 
 34 QTo-W-0076   (11)    5 :  0.013 0.010 0.016 0.004 0.015 0.011 0.009 0.016 0.014 0.021 0.039 0.010 0.016 0.010 0.008 0.773 0.007 0.010 
 35 QTo-W-0077   (11)    5 :  0.053 0.005 0.014 0.005 0.015 0.179 0.018 0.058 0.042 0.048 0.009 0.013 0.044 0.015 0.007 0.271 0.034 0.171 
 36 QTo-W-0079    (0)    5 :  0.004 0.003 0.004 0.003 0.003 0.004 0.005 0.003 0.004 0.004 0.004 0.005 0.005 0.003 0.003 0.937 0.005 0.003 
 37 QTo-W-0080   (11)    5 :  0.133 0.006 0.014 0.012 0.032 0.062 0.015 0.040 0.168 0.090 0.033 0.071 0.007 0.009 0.008 0.170 0.124 0.007 
 38 QTo-W-0081   (11)    5 :  0.011 0.004 0.016 0.004 0.007 0.020 0.012 0.009 0.013 0.017 0.025 0.007 0.006 0.011 0.008 0.815 0.008 0.007 
 39 QTo-W-0082    (0)    5 :  0.021 0.008 0.012 0.004 0.024 0.008 0.007 0.019 0.017 0.072 0.013 0.017 0.010 0.005 0.006 0.735 0.015 0.007 
 40 QTo-W-0087    (0)    5 :  0.006 0.004 0.006 0.003 0.005 0.008 0.007 0.006 0.005 0.006 0.005 0.005 0.018 0.004 0.004 0.895 0.008 0.005 
 41 QTo-W-0088   (11)    5 :  0.008 0.004 0.008 0.004 0.006 0.014 0.008 0.008 0.007 0.011 0.007 0.006 0.008 0.004 0.005 0.874 0.012 0.006 
 42 QTo-W-0089   (11)    5 :  0.008 0.005 0.007 0.003 0.006 0.008 0.011 0.006 0.008 0.010 0.011 0.006 0.009 0.009 0.007 0.876 0.005 0.005 
 43 QTo-W-0090    (0)    5 :  0.034 0.005 0.011 0.004 0.015 0.010 0.011 0.021 0.041 0.035 0.014 0.009 0.007 0.030 0.008 0.721 0.006 0.020 
 44 QTo-W-0093   (11)    5 :  0.071 0.034 0.014 0.013 0.058 0.024 0.008 0.064 0.060 0.122 0.028 0.021 0.212 0.005 0.006 0.213 0.034 0.013 
 45 QTo-W-0098    (0)    5 :  0.010 0.013 0.006 0.006 0.007 0.022 0.009 0.010 0.008 0.010 0.008 0.006 0.847 0.004 0.005 0.008 0.011 0.009 
 46 QTo-W-0101   (11)    5 :  0.016 0.016 0.008 0.009 0.013 0.034 0.011 0.015 0.013 0.017 0.011 0.009 0.779 0.005 0.006 0.012 0.015 0.013 
 47 QTo-W-0114    (0)    5 :  0.007 0.005 0.006 0.005 0.007 0.013 0.013 0.006 0.006 0.010 0.005 0.005 0.880 0.004 0.007 0.012 0.004 0.004 
 48 QTo-W-0116   (11)    5 :  0.006 0.010 0.005 0.004 0.006 0.005 0.006 0.007 0.006 0.006 0.006 0.004 0.903 0.004 0.005 0.006 0.005 0.006 
 49 QTo-W-0117   (22)    5 :  0.007 0.009 0.006 0.005 0.008 0.007 0.007 0.011 0.007 0.009 0.007 0.005 0.878 0.005 0.005 0.009 0.007 0.008 
 50 QTo-W-0118    (0)    5 :  0.004 0.006 0.004 0.004 0.005 0.005 0.004 0.005 0.004 0.005 0.005 0.004 0.926 0.003 0.004 0.005 0.004 0.004 
 51 QTo-W-0121   (11)    5 :  0.011 0.009 0.006 0.004 0.008 0.008 0.006 0.026 0.010 0.017 0.008 0.005 0.819 0.005 0.005 0.036 0.005 0.012 
 52 QTo-W-0124   (11)    5 :  0.007 0.005 0.005 0.004 0.007 0.006 0.004 0.531 0.008 0.145 0.006 0.004 0.005 0.007 0.004 0.004 0.087 0.161 
 53 QTo-W-0128    (0)    5 :  0.006 0.004 0.004 0.004 0.005 0.005 0.004 0.552 0.006 0.149 0.005 0.004 0.004 0.005 0.003 0.005 0.070 0.165 
 54 QTo-W-0129    (0)    5 :  0.012 0.005 0.006 0.004 0.007 0.007 0.003 0.544 0.018 0.144 0.006 0.005 0.004 0.006 0.003 0.005 0.057 0.163 
 55 QTo-W-0131   (11)    5 :  0.236 0.011 0.023 0.004 0.019 0.040 0.013 0.031 0.313 0.043 0.023 0.022 0.007 0.079 0.028 0.036 0.051 0.021 
 56 QTo-W-0133   (11)    5 :  0.101 0.138 0.020 0.110 0.036 0.251 0.032 0.027 0.055 0.092 0.009 0.007 0.011 0.010 0.012 0.014 0.018 0.057 
 57 QTo-W-0137    (0)    5 :  0.105 0.014 0.020 0.007 0.143 0.028 0.009 0.070 0.082 0.378 0.012 0.014 0.063 0.005 0.007 0.023 0.006 0.015 
 58 QTo-W-0138    (0)    5 :  0.064 0.010 0.008 0.015 0.025 0.080 0.027 0.260 0.062 0.074 0.017 0.011 0.004 0.007 0.017 0.004 0.213 0.101 
 59 QTo-W-0139    (0)    5 :  0.006 0.004 0.003 0.014 0.004 0.005 0.009 0.004 0.005 0.006 0.004 0.005 0.004 0.005 0.903 0.004 0.005 0.010 
 60 QTo-W-0140   (22)    5 :  0.005 0.004 0.004 0.005 0.004 0.005 0.006 0.004 0.005 0.005 0.004 0.004 0.005 0.006 0.916 0.005 0.005 0.005 
 61 QTo-W-0142    (0)    5 :  0.004 0.004 0.004 0.004 0.004 0.005 0.011 0.004 0.004 0.005 0.004 0.004 0.004 0.004 0.924 0.005 0.003 0.003 
 62 QTo-W-0144    (0)    5 :  0.099 0.053 0.020 0.006 0.120 0.217 0.012 0.028 0.105 0.042 0.008 0.017 0.008 0.018 0.009 0.007 0.224 0.007 
 63 QTo-W-0149   (22)    5 :  0.010 0.005 0.089 0.004 0.005 0.010 0.808 0.005 0.010 0.008 0.005 0.006 0.006 0.005 0.007 0.008 0.005 0.005 
 64 QTo-W-0151   (11)    5 :  0.010 0.005 0.005 0.006 0.008 0.030 0.816 0.012 0.010 0.009 0.006 0.017 0.005 0.004 0.007 0.032 0.015 0.004 
 65 QTo-W-0153   (22)    5 :  0.005 0.005 0.006 0.004 0.004 0.008 0.915 0.004 0.005 0.006 0.004 0.004 0.005 0.004 0.006 0.006 0.005 0.004 
 66 QTo-W-0154    (0)    5 :  0.019 0.009 0.010 0.013 0.015 0.028 0.725 0.012 0.010 0.056 0.012 0.010 0.021 0.006 0.036 0.011 0.004 0.004 
 67 QTo-W-0159   (11)    5 :  0.088 0.017 0.009 0.035 0.087 0.143 0.013 0.053 0.022 0.434 0.013 0.011 0.028 0.006 0.010 0.007 0.017 0.007 
 68 QTo-W-0161   (11)    5 :  0.022 0.007 0.007 0.012 0.038 0.029 0.687 0.018 0.013 0.064 0.007 0.021 0.024 0.007 0.030 0.007 0.005 0.005 
 69 QTo-W-0162    (0)    5 :  0.162 0.038 0.008 0.011 0.065 0.028 0.028 0.057 0.193 0.064 0.016 0.073 0.192 0.021 0.014 0.022 0.004 0.005 
 70 QTo-W-0163   (11)    5 :  0.080 0.012 0.040 0.011 0.016 0.141 0.019 0.018 0.083 0.054 0.030 0.199 0.006 0.014 0.040 0.207 0.024 0.006 
 71 QTo-W-0167   (11)    5 :  0.052 0.022 0.012 0.088 0.145 0.019 0.010 0.027 0.050 0.086 0.008 0.024 0.238 0.042 0.008 0.018 0.012 0.139 
 72 QTo-W-0170    (0)    5 :  0.105 0.020 0.010 0.089 0.116 0.018 0.008 0.100 0.066 0.332 0.019 0.021 0.037 0.010 0.007 0.010 0.006 0.024 
 73 QTo-W-0171   (22)    5 :  0.098 0.052 0.017 0.007 0.118 0.030 0.019 0.186 0.076 0.193 0.014 0.021 0.013 0.033 0.013 0.016 0.078 0.017 
 74 QTo-W-0172   (22)    5 :  0.216 0.082 0.009 0.078 0.047 0.013 0.009 0.041 0.258 0.049 0.017 0.019 0.073 0.039 0.029 0.006 0.007 0.008 
 75 QTo-W-0173   (11)    5 :  0.102 0.007 0.013 0.050 0.127 0.039 0.020 0.062 0.024 0.459 0.009 0.013 0.018 0.006 0.012 0.011 0.008 0.020 
 76 QTo-W-0174    (0)    5 :  0.039 0.005 0.009 0.024 0.019 0.413 0.023 0.015 0.022 0.131 0.010 0.014 0.196 0.008 0.008 0.040 0.011 0.013 
 77 QTo-W-0175    (0)    5 :  0.138 0.012 0.022 0.005 0.022 0.237 0.035 0.124 0.181 0.082 0.008 0.008 0.007 0.009 0.006 0.015 0.082 0.009 
 78 QTo-W-0182   (22)    5 :  0.015 0.006 0.010 0.006 0.013 0.012 0.006 0.117 0.016 0.047 0.019 0.007 0.009 0.005 0.005 0.015 0.011 0.681 
 79 QTo-W-0184    (0)    5 :  0.085 0.008 0.012 0.039 0.048 0.170 0.018 0.044 0.126 0.066 0.069 0.162 0.030 0.057 0.008 0.033 0.010 0.016 
 80 QTo-W-0188    (0)    5 :  0.104 0.091 0.007 0.181 0.036 0.073 0.006 0.047 0.032 0.333 0.008 0.014 0.012 0.005 0.008 0.004 0.014 0.023 
 81 QTo-W-0192   (11)    5 :  0.011 0.005 0.008 0.005 0.007 0.837 0.015 0.008 0.014 0.012 0.005 0.006 0.009 0.005 0.006 0.008 0.010 0.029 
 82 QTo-W-0193    (0)    5 :  0.013 0.004 0.006 0.005 0.007 0.859 0.011 0.008 0.020 0.010 0.005 0.005 0.006 0.004 0.005 0.006 0.019 0.006 
 83 QTo-W-0194    (0)    5 :  0.010 0.004 0.005 0.005 0.006 0.870 0.010 0.007 0.006 0.009 0.004 0.004 0.005 0.003 0.004 0.006 0.019 0.021 
 84 QTo-W-0196   (11)    5 :  0.092 0.019 0.045 0.016 0.041 0.317 0.026 0.048 0.023 0.262 0.018 0.009 0.014 0.005 0.029 0.021 0.009 0.007 
 85 QTo-W-0197    (0)    5 :  0.095 0.018 0.029 0.013 0.039 0.283 0.015 0.062 0.025 0.276 0.015 0.008 0.009 0.004 0.014 0.082 0.006 0.007 
 86 QTo-W-0200   (11)    6 :  0.009 0.006 0.118 0.004 0.764 0.005 0.004 0.008 0.015 0.006 0.008 0.020 0.006 0.012 0.003 0.004 0.004 0.004 
 87 QTo-W-0201   (22)    6 :  0.016 0.006 0.118 0.005 0.764 0.004 0.004 0.007 0.009 0.006 0.007 0.022 0.006 0.012 0.003 0.004 0.004 0.004 
 88 QTo-W-0205    (0)    7 :  0.004 0.007 0.003 0.933 0.004 0.004 0.003 0.004 0.004 0.005 0.004 0.005 0.005 0.003 0.004 0.003 0.003 0.004 
 89 QTo-W-0208    (0)    7 :  0.115 0.014 0.014 0.134 0.026 0.021 0.007 0.016 0.166 0.044 0.096 0.134 0.011 0.012 0.015 0.034 0.059 0.081 
 90 QTo-W-0211    (0)    7 :  0.187 0.138 0.005 0.166 0.021 0.042 0.005 0.035 0.152 0.182 0.005 0.019 0.014 0.006 0.005 0.004 0.008 0.005 
 91 QTo-W-0212   (11)    7 :  0.004 0.004 0.003 0.929 0.004 0.005 0.003 0.005 0.004 0.004 0.003 0.004 0.004 0.004 0.004 0.003 0.005 0.006 
 92 QTo-W-0213    (0)    7 :  0.006 0.004 0.003 0.922 0.005 0.005 0.003 0.005 0.005 0.010 0.004 0.006 0.004 0.003 0.003 0.003 0.004 0.005 
 93 QTo-W-0216   (11)    8 :  0.038 0.006 0.528 0.005 0.028 0.044 0.008 0.044 0.050 0.012 0.172 0.022 0.006 0.005 0.006 0.007 0.007 0.011 
 94 QTo-W-0220    (0)    8 :  0.065 0.006 0.499 0.005 0.025 0.038 0.006 0.039 0.046 0.009 0.169 0.033 0.005 0.005 0.005 0.006 0.010 0.029 
 95 QTo-W-0224   (11)    8 :  0.082 0.055 0.015 0.006 0.097 0.016 0.007 0.118 0.112 0.016 0.266 0.029 0.018 0.052 0.041 0.008 0.027 0.036 
 96 QTo-W-0225   (11)    8 :  0.012 0.005 0.007 0.022 0.012 0.007 0.004 0.011 0.010 0.014 0.007 0.839 0.005 0.005 0.004 0.009 0.019 0.007 
 97 QTo-W-0227   (11)    8 :  0.101 0.039 0.094 0.006 0.099 0.032 0.013 0.033 0.134 0.041 0.237 0.043 0.007 0.068 0.018 0.016 0.007 0.011 
 98 QTo-W-0229    (0)    8 :  0.010 0.003 0.009 0.004 0.023 0.005 0.005 0.006 0.009 0.011 0.008 0.834 0.003 0.003 0.006 0.049 0.008 0.003 
 99 QTo-W-0231    (0)    8 :  0.266 0.005 0.011 0.027 0.005 0.004 0.003 0.011 0.510 0.007 0.006 0.019 0.003 0.096 0.008 0.006 0.006 0.007 
100 QTo-W-0238   (22)    8 :  0.056 0.011 0.012 0.038 0.239 0.026 0.014 0.099 0.025 0.302 0.018 0.067 0.022 0.016 0.032 0.008 0.007 0.008 
101 QTo-W-0240    (0)    8 :  0.093 0.007 0.015 0.028 0.189 0.017 0.010 0.054 0.104 0.097 0.009 0.027 0.019 0.289 0.018 0.006 0.009 0.009 
102 QTo-W-0242    (0)    8 :  0.024 0.026 0.010 0.011 0.012 0.019 0.008 0.011 0.029 0.026 0.008 0.061 0.455 0.016 0.268 0.009 0.003 0.003 
103 QTo-W-0244    (0)    9 :  0.017 0.017 0.013 0.009 0.077 0.007 0.006 0.038 0.020 0.016 0.053 0.025 0.041 0.633 0.013 0.007 0.003 0.004 
104 QTo-W-0245   (11)    9 :  0.067 0.013 0.008 0.010 0.060 0.009 0.016 0.034 0.095 0.017 0.028 0.383 0.011 0.201 0.020 0.011 0.005 0.012 
105 QTo-W-0251    (0)    9 :  0.061 0.035 0.280 0.011 0.016 0.048 0.014 0.011 0.074 0.042 0.009 0.008 0.070 0.006 0.005 0.301 0.004 0.004 
106 QTo-W-0253    (0)    9 :  0.020 0.006 0.008 0.007 0.016 0.009 0.004 0.010 0.026 0.013 0.029 0.795 0.019 0.006 0.006 0.017 0.004 0.006 
107 QTo-W-0256   (11)    9 :  0.070 0.006 0.010 0.006 0.018 0.010 0.007 0.136 0.089 0.050 0.036 0.348 0.006 0.031 0.006 0.080 0.070 0.021 
108 QTo-W-0258    (0)    9 :  0.085 0.006 0.012 0.004 0.021 0.006 0.007 0.024 0.100 0.020 0.185 0.217 0.004 0.021 0.038 0.204 0.039 0.007 
109 QTo-W-0259    (0)    9 :  0.019 0.013 0.004 0.009 0.007 0.010 0.027 0.008 0.025 0.016 0.004 0.751 0.022 0.013 0.046 0.015 0.006 0.005 
110 QTo-W-0260   (22)    9 :  0.040 0.032 0.005 0.023 0.010 0.020 0.011 0.007 0.052 0.028 0.005 0.702 0.010 0.015 0.026 0.005 0.005 0.005 
111 QTo-W-0274   (11)   10 :  0.023 0.005 0.013 0.004 0.011 0.010 0.006 0.010 0.034 0.009 0.803 0.033 0.005 0.005 0.005 0.011 0.006 0.006 
112 QTo-W-0275    (0)   10 :  0.121 0.083 0.073 0.010 0.029 0.075 0.052 0.055 0.131 0.028 0.022 0.008 0.006 0.064 0.006 0.004 0.216 0.019 
113 QTo-W-0278    (0)   10 :  0.114 0.081 0.030 0.075 0.035 0.239 0.032 0.038 0.093 0.030 0.098 0.018 0.007 0.033 0.026 0.036 0.009 0.008 
114 QTo-W-0283   (11)   10 :  0.077 0.008 0.007 0.117 0.011 0.025 0.006 0.013 0.066 0.013 0.015 0.016 0.006 0.527 0.009 0.012 0.038 0.032 
115 QTo-W-0284    (0)   10 :  0.104 0.010 0.034 0.140 0.010 0.022 0.005 0.010 0.100 0.014 0.022 0.010 0.007 0.455 0.011 0.009 0.017 0.018 
116 QTo-W-0287   (22)   10 :  0.011 0.005 0.008 0.004 0.009 0.006 0.005 0.009 0.010 0.006 0.873 0.006 0.005 0.010 0.008 0.012 0.006 0.009 
117 QTo-W-0289   (22)   10 :  0.006 0.007 0.009 0.005 0.010 0.007 0.005 0.009 0.008 0.007 0.875 0.009 0.008 0.005 0.005 0.009 0.007 0.008 
118 QTo-W-0293    (0)   10 :  0.181 0.113 0.006 0.005 0.038 0.010 0.015 0.185 0.203 0.061 0.034 0.019 0.006 0.011 0.033 0.004 0.017 0.058 
119 QTo-W-0295   (11)   10 :  0.024 0.010 0.007 0.016 0.015 0.076 0.008 0.019 0.020 0.020 0.008 0.017 0.004 0.025 0.064 0.006 0.654 0.007 
120 QTo-W-0296   (11)   11 :  0.052 0.763 0.007 0.004 0.008 0.011 0.065 0.008 0.009 0.009 0.008 0.005 0.012 0.005 0.009 0.006 0.010 0.008 
121 QTo-W-0298    (0)   11 :  0.052 0.788 0.005 0.005 0.005 0.009 0.054 0.007 0.008 0.008 0.008 0.004 0.014 0.005 0.010 0.005 0.007 0.006 
122 QTo-W-0300   (11)   11 :  0.136 0.011 0.070 0.005 0.047 0.021 0.007 0.108 0.216 0.044 0.169 0.008 0.014 0.079 0.005 0.024 0.014 0.022 
123 QTo-W-0302    (0)   12 :  0.040 0.005 0.047 0.586 0.018 0.027 0.021 0.027 0.047 0.037 0.020 0.030 0.011 0.010 0.009 0.044 0.006 0.015 
124 QTo-W-0305    (0)   13 :  0.014 0.022 0.018 0.005 0.014 0.007 0.005 0.013 0.015 0.007 0.827 0.005 0.006 0.009 0.013 0.007 0.005 0.007 
125 QTo-W-0308   (11)   13 :  0.017 0.033 0.028 0.006 0.023 0.009 0.006 0.018 0.018 0.009 0.781 0.007 0.008 0.006 0.008 0.007 0.007 0.009 
126 QTo-W-0309   (11)   13 :  0.039 0.016 0.007 0.153 0.122 0.156 0.009 0.207 0.024 0.083 0.034 0.009 0.016 0.006 0.005 0.004 0.087 0.025 
127 QTo-W-0311    (0)   14 :  0.063 0.005 0.009 0.032 0.327 0.011 0.005 0.118 0.028 0.277 0.007 0.032 0.007 0.044 0.008 0.004 0.013 0.010 
128 QTo-W-0312    (0)   15 :  0.007 0.892 0.004 0.005 0.007 0.004 0.003 0.005 0.006 0.005 0.005 0.005 0.032 0.005 0.003 0.006 0.003 0.004 
129 QTo-W-0315   (11)   15 :  0.005 0.918 0.004 0.005 0.008 0.004 0.004 0.005 0.005 0.006 0.005 0.006 0.006 0.005 0.003 0.003 0.004 0.004 
130 QTo-W-0318    (0)   16 :  0.018 0.014 0.039 0.035 0.386 0.029 0.006 0.186 0.019 0.016 0.164 0.010 0.035 0.007 0.009 0.004 0.016 0.007 
131 QTo-W-0322   (11)   16 :  0.021 0.010 0.051 0.017 0.435 0.016 0.005 0.189 0.018 0.012 0.143 0.012 0.032 0.008 0.007 0.005 0.010 0.008 
132 QTo-W-0326   (22)   16 :  0.033 0.008 0.017 0.029 0.203 0.060 0.011 0.294 0.023 0.083 0.065 0.020 0.038 0.011 0.006 0.007 0.023 0.072 
133 QTo-W-0327   (11)   16 :  0.041 0.007 0.013 0.030 0.193 0.089 0.020 0.269 0.035 0.052 0.059 0.070 0.020 0.007 0.005 0.020 0.044 0.026 
134 QTo-W-0328    (0)   17 :  0.006 0.004 0.771 0.003 0.007 0.005 0.151 0.005 0.006 0.005 0.006 0.004 0.004 0.004 0.004 0.006 0.004 0.004 
135 QTo-W-0329    (0)   17 :  0.005 0.003 0.921 0.003 0.006 0.005 0.007 0.005 0.005 0.006 0.005 0.004 0.004 0.004 0.004 0.006 0.004 0.004 
136 QTo-W-0330   (11)   17 :  0.006 0.004 0.894 0.003 0.008 0.007 0.007 0.006 0.007 0.008 0.008 0.005 0.005 0.005 0.005 0.009 0.005 0.005 


Estimated Allele Frequencies in each cluster
First column gives estimated ancestral frequencies


Locus 1 : 
4 alleles
0.7% missing data
 149   (0.851) 0.880 0.568 0.975 0.204 0.967 0.977 0.991 0.975 0.851 0.969 0.974 0.423 0.994 0.922 0.974 0.994 0.994 0.985 
 147   (0.062) 0.049 0.414 0.010 0.234 0.012 0.009 0.004 0.008 0.062 0.010 0.010 0.100 0.003 0.011 0.016 0.002 0.002 0.006 
 155   (0.056) 0.047 0.013 0.010 0.559 0.013 0.009 0.003 0.010 0.056 0.014 0.010 0.016 0.002 0.057 0.006 0.002 0.002 0.006 
 161   (0.032) 0.024 0.005 0.005 0.003 0.008 0.005 0.002 0.007 0.032 0.007 0.006 0.460 0.001 0.009 0.004 0.002 0.001 0.003 

Locus 2 : 
6 alleles
12.5% missing data
 179   (0.371) 0.415 0.069 0.858 0.030 0.254 0.806 0.947 0.158 0.371 0.533 0.439 0.395 0.220 0.066 0.700 0.966 0.055 0.045 
 176   (0.159) 0.155 0.034 0.030 0.930 0.091 0.044 0.013 0.061 0.159 0.143 0.051 0.075 0.012 0.058 0.199 0.007 0.149 0.829 
 173   (0.241) 0.217 0.055 0.053 0.018 0.243 0.092 0.020 0.553 0.241 0.242 0.101 0.250 0.014 0.780 0.057 0.016 0.766 0.099 
 164   (0.028) 0.020 0.004 0.006 0.002 0.009 0.005 0.002 0.006 0.028 0.005 0.007 0.012 0.001 0.005 0.004 0.001 0.022 0.005 
 182   (0.145) 0.150 0.831 0.042 0.014 0.375 0.028 0.013 0.206 0.145 0.062 0.304 0.069 0.749 0.079 0.031 0.007 0.006 0.016 
 170   (0.056) 0.044 0.008 0.011 0.005 0.027 0.025 0.004 0.015 0.056 0.015 0.098 0.199 0.003 0.013 0.009 0.003 0.002 0.006 

Locus 3 : 
17 alleles
0.0% missing data
 220   (0.166) 0.150 0.046 0.122 0.525 0.099 0.157 0.017 0.343 0.166 0.126 0.232 0.100 0.009 0.359 0.031 0.007 0.100 0.407 
 222   (0.178) 0.210 0.215 0.301 0.021 0.192 0.101 0.146 0.117 0.178 0.301 0.192 0.270 0.013 0.083 0.549 0.227 0.018 0.021 
 218   (0.173) 0.158 0.029 0.417 0.020 0.210 0.351 0.016 0.353 0.173 0.137 0.276 0.118 0.008 0.074 0.023 0.169 0.681 0.402 
 226   (0.073) 0.060 0.013 0.017 0.007 0.020 0.031 0.006 0.014 0.073 0.020 0.018 0.111 0.936 0.012 0.023 0.567 0.006 0.123 
 258   (0.064) 0.077 0.308 0.016 0.013 0.032 0.034 0.008 0.060 0.064 0.100 0.014 0.022 0.003 0.013 0.010 0.007 0.005 0.009 
 224   (0.052) 0.043 0.207 0.025 0.006 0.168 0.009 0.004 0.009 0.052 0.010 0.009 0.028 0.010 0.387 0.006 0.002 0.002 0.008 
 228   (0.067) 0.117 0.025 0.038 0.389 0.084 0.103 0.010 0.063 0.067 0.253 0.013 0.023 0.007 0.011 0.011 0.010 0.005 0.008 
 256   (0.020) 0.015 0.003 0.003 0.001 0.003 0.004 0.001 0.003 0.020 0.011 0.003 0.005 0.001 0.003 0.002 0.001 0.175 0.002 
 264   (0.018) 0.015 0.002 0.003 0.001 0.003 0.003 0.001 0.002 0.018 0.002 0.003 0.005 0.001 0.002 0.322 0.001 0.001 0.002 
 230   (0.027) 0.027 0.117 0.005 0.002 0.005 0.004 0.779 0.004 0.027 0.004 0.004 0.007 0.001 0.004 0.003 0.001 0.001 0.002 
 260   (0.034) 0.028 0.006 0.007 0.003 0.020 0.007 0.003 0.011 0.034 0.011 0.006 0.016 0.004 0.028 0.005 0.002 0.001 0.003 
 262   (0.016) 0.014 0.007 0.003 0.003 0.005 0.003 0.001 0.004 0.016 0.004 0.003 0.006 0.002 0.004 0.003 0.001 0.001 0.002 
 234   (0.019) 0.015 0.002 0.003 0.001 0.003 0.178 0.001 0.002 0.019 0.002 0.003 0.005 0.001 0.002 0.002 0.001 0.001 0.002 
 232   (0.024) 0.018 0.005 0.026 0.002 0.142 0.004 0.002 0.005 0.024 0.005 0.013 0.010 0.001 0.005 0.003 0.001 0.001 0.002 
 250   (0.021) 0.016 0.003 0.003 0.001 0.003 0.003 0.001 0.003 0.021 0.003 0.003 0.173 0.001 0.003 0.002 0.001 0.001 0.002 
 216   (0.022) 0.017 0.007 0.003 0.003 0.004 0.004 0.002 0.003 0.022 0.005 0.003 0.094 0.001 0.004 0.004 0.001 0.001 0.002 
 266   (0.025) 0.019 0.003 0.007 0.002 0.006 0.004 0.002 0.006 0.025 0.005 0.203 0.007 0.001 0.005 0.003 0.001 0.001 0.002 

Locus 4 : 
2 alleles
1.5% missing data
 137   (0.973) 0.978 0.997 0.916 0.998 0.993 0.993 0.998 0.992 0.973 0.996 0.977 0.991 0.999 0.996 0.997 0.999 0.999 0.997 
 139   (0.027) 0.022 0.003 0.084 0.002 0.007 0.007 0.002 0.008 0.027 0.004 0.023 0.009 0.001 0.004 0.003 0.001 0.001 0.003 

Locus 5 : 
17 alleles
11.8% missing data
 187   (0.291) 0.336 0.062 0.103 0.864 0.796 0.503 0.186 0.358 0.291 0.560 0.172 0.559 0.734 0.233 0.051 0.017 0.014 0.051 
 243   (0.039) 0.028 0.005 0.007 0.003 0.007 0.135 0.003 0.009 0.039 0.008 0.010 0.011 0.002 0.006 0.004 0.003 0.002 0.575 
 203   (0.072) 0.062 0.010 0.014 0.006 0.016 0.015 0.005 0.018 0.072 0.035 0.035 0.229 0.006 0.012 0.008 0.386 0.929 0.011 
 201   (0.114) 0.130 0.017 0.030 0.009 0.044 0.077 0.011 0.398 0.114 0.238 0.065 0.045 0.042 0.027 0.013 0.424 0.012 0.101 
 197   (0.069) 0.057 0.011 0.021 0.005 0.020 0.013 0.005 0.014 0.069 0.013 0.262 0.021 0.004 0.644 0.008 0.143 0.003 0.008 
 195   (0.058) 0.043 0.009 0.011 0.056 0.011 0.010 0.004 0.010 0.058 0.010 0.286 0.024 0.004 0.010 0.872 0.004 0.005 0.055 
 247   (0.021) 0.016 0.003 0.003 0.001 0.004 0.003 0.001 0.004 0.021 0.004 0.006 0.006 0.001 0.003 0.002 0.001 0.002 0.143 
 235   (0.032) 0.032 0.005 0.008 0.003 0.015 0.010 0.003 0.012 0.032 0.030 0.012 0.014 0.003 0.006 0.004 0.004 0.002 0.004 
 249   (0.025) 0.019 0.003 0.004 0.002 0.004 0.004 0.002 0.004 0.025 0.005 0.006 0.007 0.187 0.004 0.002 0.001 0.001 0.003 
 199   (0.064) 0.094 0.827 0.040 0.015 0.029 0.090 0.014 0.019 0.065 0.023 0.027 0.019 0.005 0.015 0.009 0.006 0.005 0.010 
 245   (0.042) 0.043 0.007 0.010 0.003 0.012 0.048 0.009 0.079 0.042 0.034 0.013 0.012 0.002 0.007 0.005 0.002 0.017 0.013 
 219   (0.030) 0.024 0.006 0.092 0.002 0.006 0.006 0.717 0.006 0.030 0.005 0.008 0.008 0.002 0.007 0.003 0.001 0.002 0.003 
 217   (0.033) 0.025 0.005 0.450 0.003 0.006 0.006 0.032 0.005 0.033 0.007 0.009 0.009 0.002 0.005 0.004 0.002 0.001 0.004 
 229   (0.021) 0.016 0.003 0.004 0.002 0.004 0.055 0.002 0.004 0.021 0.004 0.006 0.006 0.001 0.003 0.002 0.001 0.001 0.003 
 215   (0.036) 0.029 0.005 0.195 0.021 0.012 0.015 0.003 0.021 0.036 0.007 0.067 0.014 0.002 0.006 0.004 0.002 0.001 0.005 
 205   (0.024) 0.019 0.003 0.004 0.002 0.004 0.004 0.002 0.004 0.024 0.004 0.006 0.007 0.001 0.006 0.002 0.001 0.001 0.003 
 227   (0.028) 0.027 0.020 0.005 0.002 0.009 0.005 0.002 0.036 0.028 0.013 0.012 0.009 0.001 0.005 0.007 0.001 0.001 0.007 

Locus 6 : 
25 alleles
30.9% missing data
 214   (0.059) 0.048 0.018 0.059 0.006 0.021 0.015 0.008 0.024 0.059 0.014 0.038 0.023 0.004 0.028 0.012 0.005 0.117 0.317 
 222   (0.060) 0.062 0.016 0.018 0.007 0.076 0.015 0.010 0.258 0.060 0.171 0.015 0.022 0.004 0.132 0.010 0.025 0.079 0.474 
 206   (0.060) 0.071 0.054 0.020 0.020 0.023 0.295 0.012 0.026 0.060 0.095 0.015 0.029 0.006 0.016 0.012 0.008 0.372 0.012 
 218   (0.073) 0.071 0.030 0.024 0.084 0.113 0.283 0.133 0.182 0.073 0.055 0.057 0.031 0.005 0.020 0.028 0.010 0.372 0.018 
 216   (0.057) 0.052 0.016 0.021 0.028 0.031 0.025 0.113 0.040 0.057 0.022 0.023 0.342 0.007 0.014 0.010 0.423 0.003 0.009 
 208   (0.037) 0.031 0.009 0.010 0.005 0.015 0.015 0.005 0.010 0.037 0.010 0.012 0.040 0.003 0.136 0.006 0.211 0.002 0.006 
 238   (0.047) 0.043 0.123 0.020 0.005 0.018 0.011 0.007 0.012 0.047 0.025 0.010 0.016 0.542 0.010 0.008 0.165 0.002 0.007 
 204   (0.021) 0.016 0.004 0.004 0.002 0.006 0.004 0.002 0.004 0.021 0.004 0.005 0.006 0.001 0.411 0.003 0.002 0.001 0.003 
 234   (0.045) 0.055 0.017 0.012 0.141 0.030 0.019 0.007 0.026 0.045 0.088 0.012 0.079 0.003 0.010 0.007 0.008 0.003 0.007 
 242   (0.032) 0.034 0.007 0.029 0.004 0.234 0.010 0.004 0.014 0.032 0.051 0.007 0.066 0.002 0.009 0.005 0.004 0.001 0.004 
 210   (0.149) 0.202 0.596 0.057 0.653 0.114 0.191 0.115 0.099 0.149 0.223 0.490 0.066 0.398 0.078 0.502 0.045 0.011 0.054 
 246   (0.023) 0.025 0.007 0.009 0.003 0.009 0.014 0.008 0.009 0.023 0.022 0.006 0.009 0.002 0.010 0.006 0.003 0.010 0.004 
 258   (0.026) 0.032 0.009 0.010 0.005 0.031 0.008 0.005 0.025 0.026 0.085 0.007 0.010 0.002 0.006 0.004 0.027 0.001 0.005 
 240   (0.025) 0.020 0.006 0.007 0.003 0.007 0.006 0.004 0.006 0.025 0.007 0.007 0.009 0.002 0.009 0.004 0.033 0.001 0.005 
 256   (0.019) 0.015 0.004 0.004 0.002 0.004 0.003 0.002 0.119 0.018 0.037 0.004 0.005 0.001 0.004 0.002 0.001 0.006 0.023 
 254   (0.022) 0.016 0.006 0.006 0.002 0.005 0.005 0.003 0.053 0.022 0.019 0.005 0.007 0.001 0.005 0.003 0.002 0.002 0.011 
 236   (0.052) 0.046 0.022 0.013 0.005 0.019 0.015 0.533 0.042 0.052 0.022 0.014 0.089 0.003 0.020 0.343 0.004 0.004 0.013 
 248   (0.029) 0.026 0.011 0.029 0.003 0.198 0.014 0.004 0.006 0.029 0.007 0.006 0.011 0.002 0.007 0.004 0.002 0.003 0.004 
 252   (0.016) 0.015 0.005 0.006 0.002 0.005 0.018 0.005 0.011 0.016 0.009 0.003 0.005 0.001 0.004 0.003 0.002 0.002 0.002 
 224   (0.029) 0.024 0.008 0.056 0.006 0.011 0.009 0.004 0.009 0.029 0.008 0.027 0.080 0.002 0.007 0.005 0.003 0.002 0.008 
 230   (0.033) 0.027 0.008 0.319 0.003 0.008 0.007 0.005 0.006 0.033 0.007 0.007 0.011 0.002 0.010 0.005 0.004 0.001 0.004 
 228   (0.023) 0.016 0.005 0.006 0.002 0.007 0.004 0.003 0.006 0.023 0.006 0.019 0.020 0.001 0.006 0.007 0.008 0.001 0.003 
 266   (0.019) 0.016 0.005 0.005 0.002 0.005 0.004 0.002 0.004 0.019 0.004 0.061 0.008 0.001 0.004 0.003 0.002 0.001 0.003 
 212   (0.030) 0.024 0.007 0.249 0.007 0.007 0.006 0.006 0.006 0.030 0.006 0.007 0.010 0.002 0.038 0.004 0.002 0.001 0.005 
 232   (0.016) 0.014 0.007 0.005 0.001 0.004 0.003 0.002 0.004 0.016 0.003 0.144 0.005 0.001 0.003 0.002 0.001 0.001 0.002 

Locus 7 : 
7 alleles
1.5% missing data
 108   (0.638) 0.698 0.937 0.243 0.967 0.556 0.923 0.975 0.883 0.638 0.927 0.195 0.569 0.976 0.430 0.955 0.408 0.982 0.778 
 116   (0.032) 0.025 0.009 0.006 0.003 0.008 0.005 0.002 0.016 0.032 0.008 0.007 0.009 0.001 0.005 0.005 0.001 0.001 0.188 
 110   (0.145) 0.128 0.026 0.045 0.018 0.043 0.040 0.011 0.036 0.145 0.034 0.613 0.258 0.015 0.196 0.021 0.583 0.008 0.016 
 114   (0.067) 0.053 0.011 0.307 0.005 0.164 0.012 0.005 0.015 0.067 0.013 0.015 0.020 0.003 0.348 0.007 0.003 0.004 0.007 
 112   (0.068) 0.055 0.010 0.391 0.004 0.221 0.014 0.004 0.044 0.068 0.010 0.162 0.021 0.003 0.012 0.007 0.003 0.003 0.006 
 104   (0.026) 0.021 0.003 0.004 0.002 0.005 0.004 0.002 0.003 0.026 0.004 0.004 0.116 0.001 0.004 0.003 0.001 0.001 0.002 
 118   (0.023) 0.019 0.003 0.004 0.002 0.004 0.003 0.001 0.003 0.023 0.003 0.003 0.007 0.001 0.006 0.002 0.001 0.001 0.002 

Locus 8 : 
5 alleles
2.2% missing data
 160   (0.163) 0.163 0.389 0.035 0.234 0.043 0.290 0.056 0.230 0.163 0.093 0.141 0.051 0.063 0.065 0.022 0.007 0.544 0.355 
 162   (0.641) 0.652 0.327 0.831 0.741 0.893 0.627 0.909 0.712 0.641 0.805 0.771 0.600 0.916 0.439 0.108 0.983 0.448 0.625 
 164   (0.085) 0.070 0.018 0.015 0.009 0.021 0.014 0.013 0.017 0.085 0.017 0.023 0.132 0.006 0.474 0.822 0.003 0.004 0.009 
 166   (0.019) 0.017 0.004 0.003 0.002 0.006 0.004 0.004 0.005 0.019 0.005 0.004 0.010 0.004 0.004 0.003 0.001 0.001 0.002 
 158   (0.091) 0.097 0.262 0.115 0.014 0.037 0.064 0.018 0.036 0.091 0.080 0.061 0.206 0.011 0.018 0.046 0.006 0.004 0.009 

Locus 9 : 
4 alleles
0.0% missing data
 229   (0.503) 0.547 0.260 0.505 0.181 0.222 0.859 0.965 0.199 0.503 0.513 0.136 0.405 0.613 0.589 0.495 0.940 0.498 0.351 
 226   (0.345) 0.329 0.706 0.462 0.054 0.645 0.102 0.026 0.738 0.345 0.428 0.821 0.362 0.378 0.073 0.047 0.052 0.490 0.634 
 223   (0.132) 0.105 0.022 0.030 0.757 0.128 0.035 0.008 0.059 0.132 0.049 0.040 0.227 0.008 0.335 0.457 0.007 0.011 0.013 
 232   (0.020) 0.019 0.012 0.003 0.008 0.004 0.005 0.001 0.004 0.020 0.010 0.003 0.006 0.001 0.003 0.002 0.001 0.001 0.002 

Values of parameters used in structure:
DATAFILE=C:\Users\eschumacher\Documents\GitHub\Ten_Oaks\Data_Files\QUTO_wild\project_data,	OUTFILE=C:\Users\eschumacher\Documents\GitHub\Ten_Oaks\Data_Files\QUTO_wild\50-50\Results\50-50_run_89,	NUMINDS=136,	NUMLOCI=9,	MISSING=-9,	LABEL=1,	POPDATA=1,	POPFLAG=0,	PHENOTYPE=0,	EXTRACOLS=0,	MAXPOPS=18,	BURNIN=50000,	NUMREPS=50000,	USEPOPINFO=0,	INFERALPHA=1,	INFERLAMBDA=0,	POPSPECIFICLAMBDA=0,	POPALPHAS=0,	COMPUTEPROB=1,	NOADMIX=0,	ADMBURNIN=2500,	UPDATEFREQ=1,	PRINTLIKES=0,	INTERMEDSAVE=0,	PRINTKLD=0,	PRINTNET=0,	PRINTLAMBDA=0,	ANCESTDIST=0,	NUMBOXES=1000,	ANCESTPINT=0.90000,	GENSBACK=2,	MIGRPRIOR=0.05000,	PRINTQHAT=0,	PRINTQSUM=0,	ALPHA=1.0000,	FREQSCORR=1,	FPRIORMEAN=0.0100,	FPRIORSD=0.0500,	ONEFST=0,	LAMBDA=1.0000,	UNIFPRIORALPHA=1,	ALPHAMAX=10.0000,	ALPHAPRIORA=1.0000,	ALPHAPRIORB=2.0000,	ALPHAPROPSD=0.0250,	STARTATPOPINFO=0,	RANDOMIZE=1,	LINKAGE=0,	METROFREQ=10,	REPORTHITRATE=0,	MARKOVPHASE=-1,	PHASED=0,	PLOIDY=2,	PHASEINFO=0	LOCPRIOR=0, 	LOCPRIORINIT=1.000000, 	LOCDATA=0, 	LOCISPOP=0, 	LOCPRIORSTEP=0.100000, 	MAXLOCPRIOR=20.000000, 	SEED=1689805394,	
[STRAT parameters]:    NUMSIMSTATS=1000,	PHENOTYPECOL=-9,	POOLFREQ=10,	LOCUSxONLY=0,	EMERROR=0.00100,	MISSINGPHENO=-9,	