

----------------------------------------------------
STRUCTURE by Pritchard, Stephens and Donnelly (2000)
     and Falush, Stephens and Pritchard (2003)
       Code by Pritchard, Falush and Hubisz
             Version 2.3.4 (Jul 2012)
----------------------------------------------------



Command line arguments:   bin\structure -m C:\Users\eschumacher\Documents\GitHub\Ten_Oaks\Data_Files\QUTO_wild\50-50\mainparams -e C:\Users\eschumacher\Documents\GitHub\Ten_Oaks\Data_Files\QUTO_wild\50-50\extraparams 
Input File:    C:\Users\eschumacher\Documents\GitHub\Ten_Oaks\Data_Files\QUTO_wild\project_data

Run parameters:
   136 individuals
   9 loci
   14 populations assumed
   50000 Burn-in period
   50000 Reps


--------------------------------------------
Proportion of membership of each pre-defined
 population in each of the 14 clusters

Given    Inferred Clusters                                                                                    Number of
 Pop       1      2      3      4      5      6      7      8      9     10     11     12     13     14      Individuals

  1:     0.019  0.039  0.170  0.016  0.202  0.075  0.027  0.021  0.345  0.024  0.015  0.012  0.019  0.016        1
  2:     0.008  0.006  0.006  0.467  0.005  0.009  0.006  0.004  0.007  0.010  0.454  0.005  0.006  0.007        4
  3:     0.825  0.004  0.017  0.012  0.013  0.020  0.009  0.007  0.030  0.016  0.009  0.016  0.016  0.006        4
  4:     0.046  0.010  0.068  0.008  0.016  0.068  0.013  0.008  0.181  0.008  0.006  0.005  0.007  0.555        5
  5:     0.144  0.034  0.048  0.111  0.089  0.061  0.023  0.057  0.096  0.133  0.149  0.023  0.014  0.018       71
  6:     0.004  0.005  0.514  0.005  0.006  0.227  0.020  0.003  0.049  0.007  0.004  0.014  0.079  0.063        2
  7:     0.011  0.672  0.020  0.014  0.006  0.059  0.050  0.008  0.046  0.008  0.019  0.055  0.022  0.009        5
  8:     0.013  0.018  0.075  0.013  0.010  0.111  0.222  0.045  0.063  0.059  0.011  0.018  0.218  0.125       10
  9:     0.087  0.011  0.037  0.016  0.029  0.058  0.469  0.024  0.025  0.025  0.018  0.018  0.043  0.140        8
 10:     0.016  0.043  0.202  0.038  0.030  0.078  0.020  0.022  0.037  0.007  0.127  0.064  0.148  0.169        9
 11:     0.019  0.005  0.073  0.049  0.032  0.044  0.008  0.007  0.014  0.011  0.012  0.590  0.059  0.077        3
 12:     0.048  0.663  0.014  0.010  0.017  0.038  0.038  0.010  0.028  0.012  0.007  0.007  0.098  0.010        1
 13:     0.007  0.076  0.372  0.017  0.016  0.049  0.009  0.014  0.096  0.011  0.048  0.024  0.252  0.010        3
 14:     0.005  0.033  0.140  0.028  0.005  0.319  0.069  0.010  0.261  0.008  0.018  0.006  0.006  0.092        1
 15:     0.005  0.005  0.006  0.004  0.004  0.007  0.006  0.003  0.006  0.024  0.004  0.917  0.005  0.005        2
 16:     0.010  0.043  0.388  0.040  0.018  0.151  0.038  0.007  0.193  0.034  0.030  0.010  0.024  0.013        4
 17:     0.008  0.003  0.012  0.006  0.384  0.008  0.005  0.005  0.008  0.005  0.006  0.004  0.542  0.005        3
--------------------------------------------

Allele-freq. divergence among pops (Net nucleotide distance),
computed using point estimates of P.

      1       2       3       4       5       6       7       8       9      10      11      12      13      14      
 1      -    0.3498  0.1427  0.2359  0.1053  0.1282  0.1301  0.2517  0.1199  0.1867  0.2467  0.2926  0.1101  0.1831  
 2   0.3498     -    0.1798  0.2180  0.2738  0.1488  0.1615  0.2784  0.1559  0.2471  0.3083  0.2467  0.2562  0.2105  
 3   0.1427  0.1798     -    0.1136  0.1143  0.0185  0.0589  0.2023  0.0323  0.1115  0.1698  0.1282  0.0445  0.1022  
 4   0.2359  0.2180  0.1136     -    0.2008  0.0841  0.1370  0.2635  0.1193  0.2252  0.1226  0.1823  0.1290  0.1369  
 5   0.1053  0.2738  0.1143  0.2008     -    0.0841  0.1219  0.1876  0.0638  0.1868  0.2109  0.2227  0.0921  0.1636  
 6   0.1282  0.1488  0.0185  0.0841  0.0841     -    0.0354  0.1664  0.0142  0.1078  0.1289  0.1201  0.0533  0.0708  
 7   0.1301  0.1615  0.0589  0.1370  0.1219  0.0354     -    0.1826  0.0596  0.1575  0.1599  0.1556  0.0830  0.0861  
 8   0.2517  0.2784  0.2023  0.2635  0.1876  0.1664  0.1826     -    0.1676  0.2852  0.2936  0.2427  0.1925  0.1906  
 9   0.1199  0.1559  0.0323  0.1193  0.0638  0.0142  0.0596  0.1676     -    0.1038  0.1512  0.1438  0.0711  0.1106  
10   0.1867  0.2471  0.1115  0.2252  0.1868  0.1078  0.1575  0.2852  0.1038     -    0.2751  0.1802  0.1901  0.2098  
11   0.2467  0.3083  0.1698  0.1226  0.2109  0.1289  0.1599  0.2936  0.1512  0.2751     -    0.2241  0.1865  0.1659  
12   0.2926  0.2467  0.1282  0.1823  0.2227  0.1201  0.1556  0.2427  0.1438  0.1802  0.2241     -    0.1713  0.1939  
13   0.1101  0.2562  0.0445  0.1290  0.0921  0.0533  0.0830  0.1925  0.0711  0.1901  0.1865  0.1713     -    0.1183  
14   0.1831  0.2105  0.1022  0.1369  0.1636  0.0708  0.0861  0.1906  0.1106  0.2098  0.1659  0.1939  0.1183     -    

Average distances (expected heterozygosity) between individuals in same cluster:
cluster  1  : 0.3140 
cluster  2  : 0.3589 
cluster  3  : 0.5041 
cluster  4  : 0.4210 
cluster  5  : 0.3598 
cluster  6  : 0.5485 
cluster  7  : 0.6147 
cluster  8  : 0.3293 
cluster  9  : 0.4449 
cluster 10  : 0.2502 
cluster 11  : 0.3192 
cluster 12  : 0.4392 
cluster 13  : 0.5445 
cluster 14  : 0.5454 

--------------------------------------------
Estimated Ln Prob of Data   = -2251.8
Mean value of ln likelihood = -1851.9
Variance of ln likelihood   = 799.9
Mean value of alpha         = 0.0365

Mean value of Fst_1         = 0.4697
Mean value of Fst_2         = 0.5028
Mean value of Fst_3         = 0.2809
Mean value of Fst_4         = 0.3923
Mean value of Fst_5         = 0.4472
Mean value of Fst_6         = 0.1631
Mean value of Fst_7         = 0.1593
Mean value of Fst_8         = 0.5553
Mean value of Fst_9         = 0.2944
Mean value of Fst_10         = 0.5780
Mean value of Fst_11         = 0.4841
Mean value of Fst_12         = 0.3875
Mean value of Fst_13         = 0.2702
Mean value of Fst_14         = 0.2412


Inferred ancestry of individuals:
        Label (%Miss) Pop:  Inferred clusters
  1 QTo-W-0007   (11)    1 :  0.019 0.039 0.170 0.016 0.202 0.075 0.027 0.021 0.345 0.024 0.015 0.012 0.019 0.016 
  2 QTo-W-0009    (0)    2 :  0.016 0.005 0.004 0.901 0.005 0.006 0.005 0.005 0.005 0.026 0.008 0.004 0.005 0.004 
  3 QTo-W-0010    (0)    2 :  0.005 0.007 0.008 0.034 0.006 0.018 0.011 0.004 0.010 0.005 0.863 0.007 0.011 0.012 
  4 QTo-W-0011    (0)    2 :  0.005 0.007 0.005 0.928 0.005 0.006 0.004 0.004 0.007 0.005 0.010 0.005 0.005 0.005 
  5 QTo-W-0012   (22)    2 :  0.005 0.004 0.006 0.007 0.005 0.005 0.005 0.004 0.006 0.005 0.935 0.004 0.005 0.005 
  6 QTo-W-0020   (22)    3 :  0.942 0.003 0.004 0.004 0.004 0.004 0.006 0.003 0.004 0.006 0.007 0.003 0.004 0.005 
  7 QTo-W-0021   (22)    3 :  0.866 0.005 0.011 0.006 0.020 0.010 0.009 0.012 0.018 0.015 0.006 0.006 0.009 0.007 
  8 QTo-W-0023   (22)    3 :  0.875 0.004 0.008 0.007 0.013 0.007 0.007 0.005 0.010 0.034 0.008 0.005 0.012 0.006 
  9 QTo-W-0024   (11)    3 :  0.619 0.006 0.044 0.032 0.015 0.058 0.015 0.006 0.086 0.009 0.014 0.049 0.039 0.008 
 10 QTo-W-0033    (0)    4 :  0.015 0.005 0.006 0.014 0.005 0.010 0.009 0.006 0.007 0.004 0.007 0.004 0.005 0.904 
 11 QTo-W-0035   (11)    4 :  0.006 0.007 0.006 0.007 0.006 0.007 0.006 0.008 0.006 0.005 0.006 0.005 0.005 0.920 
 12 QTo-W-0036    (0)    4 :  0.004 0.005 0.004 0.005 0.004 0.005 0.004 0.005 0.005 0.004 0.005 0.004 0.004 0.940 
 13 QTo-W-0039   (11)    4 :  0.136 0.014 0.164 0.008 0.045 0.107 0.011 0.013 0.458 0.015 0.006 0.006 0.012 0.007 
 14 QTo-W-0041    (0)    4 :  0.072 0.019 0.161 0.008 0.018 0.210 0.037 0.009 0.431 0.010 0.004 0.005 0.009 0.006 
 15 QTo-W-0044    (0)    5 :  0.012 0.042 0.021 0.622 0.005 0.015 0.007 0.176 0.010 0.049 0.005 0.008 0.024 0.006 
 16 QTo-W-0047    (0)    5 :  0.006 0.008 0.005 0.913 0.006 0.008 0.005 0.005 0.008 0.005 0.015 0.005 0.005 0.006 
 17 QTo-W-0048   (11)    5 :  0.006 0.010 0.007 0.906 0.007 0.007 0.005 0.006 0.009 0.006 0.014 0.006 0.006 0.006 
 18 QTo-W-0049    (0)    5 :  0.005 0.006 0.007 0.030 0.005 0.006 0.005 0.004 0.006 0.004 0.901 0.005 0.007 0.009 
 19 QTo-W-0050   (22)    5 :  0.022 0.007 0.047 0.032 0.011 0.070 0.026 0.007 0.026 0.494 0.034 0.078 0.013 0.132 
 20 QTo-W-0052    (0)    5 :  0.005 0.715 0.018 0.008 0.011 0.011 0.010 0.156 0.014 0.005 0.017 0.015 0.008 0.006 
 21 QTo-W-0054    (0)    5 :  0.005 0.004 0.005 0.006 0.005 0.005 0.005 0.004 0.005 0.004 0.941 0.004 0.004 0.004 
 22 QTo-W-0056    (0)    5 :  0.004 0.006 0.004 0.022 0.004 0.004 0.004 0.005 0.005 0.004 0.925 0.004 0.005 0.005 
 23 QTo-W-0057    (0)    5 :  0.004 0.010 0.006 0.142 0.004 0.008 0.005 0.004 0.007 0.004 0.789 0.005 0.006 0.007 
 24 QTo-W-0058    (0)    5 :  0.004 0.004 0.004 0.005 0.006 0.005 0.004 0.003 0.006 0.004 0.941 0.004 0.004 0.004 
 25 QTo-W-0059    (0)    5 :  0.027 0.031 0.017 0.039 0.007 0.014 0.014 0.118 0.012 0.098 0.587 0.012 0.017 0.007 
 26 QTo-W-0060    (0)    5 :  0.005 0.006 0.005 0.062 0.005 0.007 0.005 0.005 0.008 0.005 0.872 0.004 0.005 0.007 
 27 QTo-W-0061    (0)    5 :  0.057 0.013 0.065 0.006 0.042 0.071 0.015 0.009 0.164 0.011 0.499 0.008 0.031 0.008 
 28 QTo-W-0062   (11)    5 :  0.006 0.004 0.006 0.009 0.006 0.006 0.005 0.004 0.007 0.006 0.926 0.005 0.005 0.005 
 29 QTo-W-0065   (11)    5 :  0.053 0.005 0.022 0.009 0.049 0.015 0.010 0.017 0.033 0.014 0.737 0.006 0.026 0.005 
 30 QTo-W-0067    (0)    5 :  0.035 0.009 0.015 0.037 0.027 0.018 0.008 0.010 0.032 0.010 0.775 0.004 0.012 0.008 
 31 QTo-W-0071    (0)    5 :  0.025 0.008 0.148 0.014 0.021 0.299 0.022 0.009 0.390 0.016 0.006 0.020 0.012 0.008 
 32 QTo-W-0072    (0)    5 :  0.222 0.009 0.022 0.004 0.017 0.012 0.014 0.008 0.023 0.637 0.003 0.004 0.015 0.009 
 33 QTo-W-0075    (0)    5 :  0.813 0.011 0.013 0.006 0.012 0.009 0.006 0.016 0.022 0.065 0.005 0.010 0.008 0.004 
 34 QTo-W-0076   (11)    5 :  0.829 0.004 0.020 0.013 0.011 0.017 0.014 0.007 0.016 0.016 0.009 0.010 0.023 0.010 
 35 QTo-W-0077   (11)    5 :  0.333 0.005 0.038 0.360 0.036 0.025 0.012 0.009 0.075 0.050 0.027 0.006 0.011 0.014 
 36 QTo-W-0079    (0)    5 :  0.950 0.003 0.004 0.003 0.004 0.004 0.004 0.003 0.004 0.006 0.005 0.003 0.004 0.004 
 37 QTo-W-0080   (11)    5 :  0.198 0.015 0.068 0.008 0.030 0.167 0.136 0.008 0.149 0.008 0.161 0.007 0.027 0.015 
 38 QTo-W-0081   (11)    5 :  0.879 0.004 0.013 0.007 0.013 0.009 0.007 0.008 0.013 0.006 0.008 0.005 0.015 0.012 
 39 QTo-W-0082    (0)    5 :  0.789 0.004 0.029 0.007 0.009 0.038 0.022 0.006 0.040 0.011 0.017 0.009 0.015 0.006 
 40 QTo-W-0087    (0)    5 :  0.920 0.003 0.005 0.005 0.008 0.006 0.004 0.004 0.007 0.017 0.008 0.004 0.006 0.004 
 41 QTo-W-0088   (11)    5 :  0.909 0.004 0.007 0.007 0.009 0.006 0.007 0.005 0.009 0.008 0.013 0.004 0.007 0.004 
 42 QTo-W-0089   (11)    5 :  0.911 0.004 0.007 0.005 0.010 0.007 0.006 0.007 0.009 0.009 0.005 0.005 0.008 0.009 
 43 QTo-W-0090    (0)    5 :  0.805 0.004 0.016 0.031 0.011 0.027 0.011 0.007 0.024 0.007 0.008 0.005 0.011 0.034 
 44 QTo-W-0093   (11)    5 :  0.305 0.017 0.058 0.026 0.009 0.079 0.035 0.006 0.119 0.228 0.035 0.055 0.020 0.006 
 45 QTo-W-0098    (0)    5 :  0.008 0.007 0.011 0.010 0.013 0.008 0.006 0.005 0.014 0.882 0.013 0.012 0.007 0.005 
 46 QTo-W-0101   (11)    5 :  0.011 0.009 0.018 0.013 0.019 0.012 0.008 0.007 0.021 0.833 0.016 0.017 0.009 0.006 
 47 QTo-W-0114    (0)    5 :  0.011 0.005 0.007 0.004 0.012 0.006 0.005 0.007 0.013 0.911 0.004 0.005 0.006 0.004 
 48 QTo-W-0116   (11)    5 :  0.007 0.005 0.007 0.006 0.006 0.006 0.005 0.005 0.007 0.923 0.005 0.010 0.005 0.004 
 49 QTo-W-0117   (22)    5 :  0.010 0.005 0.010 0.007 0.007 0.008 0.006 0.005 0.010 0.901 0.007 0.010 0.007 0.006 
 50 QTo-W-0118    (0)    5 :  0.005 0.004 0.005 0.004 0.004 0.004 0.004 0.004 0.005 0.944 0.004 0.006 0.004 0.004 
 51 QTo-W-0121   (11)    5 :  0.045 0.004 0.011 0.030 0.006 0.012 0.007 0.004 0.013 0.838 0.006 0.009 0.008 0.007 
 52 QTo-W-0124   (11)    5 :  0.004 0.005 0.006 0.888 0.005 0.009 0.005 0.004 0.007 0.005 0.043 0.006 0.006 0.008 
 53 QTo-W-0128    (0)    5 :  0.005 0.004 0.005 0.928 0.004 0.006 0.004 0.003 0.006 0.004 0.015 0.005 0.005 0.006 
 54 QTo-W-0129    (0)    5 :  0.006 0.004 0.006 0.909 0.004 0.012 0.006 0.004 0.007 0.005 0.016 0.005 0.006 0.008 
 55 QTo-W-0131   (11)    5 :  0.056 0.004 0.044 0.035 0.027 0.286 0.059 0.026 0.084 0.007 0.055 0.020 0.048 0.249 
 56 QTo-W-0133   (11)    5 :  0.017 0.167 0.094 0.038 0.067 0.067 0.009 0.014 0.191 0.012 0.021 0.255 0.034 0.014 
 57 QTo-W-0137    (0)    5 :  0.042 0.008 0.123 0.020 0.011 0.290 0.030 0.008 0.342 0.076 0.007 0.016 0.018 0.008 
 58 QTo-W-0138    (0)    5 :  0.004 0.015 0.023 0.311 0.056 0.153 0.013 0.020 0.087 0.005 0.268 0.023 0.011 0.013 
 59 QTo-W-0139    (0)    5 :  0.004 0.015 0.004 0.006 0.006 0.005 0.005 0.926 0.006 0.004 0.005 0.004 0.004 0.005 
 60 QTo-W-0140   (22)    5 :  0.006 0.005 0.005 0.004 0.006 0.005 0.005 0.933 0.006 0.005 0.005 0.005 0.005 0.006 
 61 QTo-W-0142    (0)    5 :  0.005 0.004 0.004 0.003 0.007 0.004 0.004 0.944 0.005 0.004 0.003 0.004 0.004 0.004 
 62 QTo-W-0144    (0)    5 :  0.008 0.009 0.114 0.015 0.048 0.179 0.024 0.009 0.118 0.009 0.291 0.112 0.014 0.049 
 63 QTo-W-0149   (22)    5 :  0.009 0.004 0.007 0.005 0.874 0.009 0.006 0.008 0.009 0.007 0.006 0.006 0.045 0.005 
 64 QTo-W-0151   (11)    5 :  0.037 0.007 0.011 0.004 0.847 0.011 0.015 0.007 0.024 0.005 0.014 0.006 0.007 0.005 
 65 QTo-W-0153   (22)    5 :  0.007 0.004 0.006 0.005 0.926 0.005 0.005 0.007 0.008 0.006 0.005 0.005 0.005 0.005 
 66 QTo-W-0154    (0)    5 :  0.012 0.015 0.029 0.005 0.727 0.023 0.014 0.068 0.050 0.025 0.004 0.013 0.009 0.007 
 67 QTo-W-0159   (11)    5 :  0.009 0.071 0.159 0.008 0.021 0.164 0.015 0.012 0.447 0.033 0.016 0.027 0.011 0.008 
 68 QTo-W-0161   (11)    5 :  0.009 0.015 0.030 0.005 0.647 0.049 0.045 0.063 0.055 0.032 0.005 0.027 0.007 0.011 
 69 QTo-W-0162    (0)    5 :  0.028 0.015 0.071 0.004 0.031 0.158 0.148 0.022 0.123 0.244 0.005 0.067 0.012 0.072 
 70 QTo-W-0163   (11)    5 :  0.255 0.019 0.070 0.006 0.055 0.054 0.224 0.049 0.131 0.006 0.035 0.019 0.059 0.017 
 71 QTo-W-0167   (11)    5 :  0.018 0.162 0.061 0.063 0.008 0.109 0.039 0.013 0.089 0.339 0.014 0.024 0.009 0.050 
 72 QTo-W-0170    (0)    5 :  0.012 0.132 0.116 0.020 0.009 0.236 0.039 0.008 0.319 0.044 0.007 0.031 0.011 0.016 
 73 QTo-W-0171   (22)    5 :  0.017 0.009 0.073 0.066 0.021 0.304 0.047 0.016 0.167 0.016 0.086 0.108 0.015 0.056 
 74 QTo-W-0172   (22)    5 :  0.008 0.119 0.055 0.008 0.010 0.226 0.035 0.041 0.109 0.090 0.008 0.151 0.018 0.123 
 75 QTo-W-0173   (11)    5 :  0.012 0.082 0.133 0.014 0.023 0.239 0.018 0.013 0.410 0.019 0.009 0.008 0.012 0.007 
 76 QTo-W-0174    (0)    5 :  0.051 0.054 0.135 0.010 0.103 0.035 0.016 0.009 0.290 0.250 0.015 0.008 0.014 0.010 
 77 QTo-W-0175    (0)    5 :  0.019 0.007 0.063 0.068 0.105 0.297 0.015 0.010 0.174 0.007 0.152 0.033 0.025 0.023 
 78 QTo-W-0182   (22)    5 :  0.008 0.005 0.010 0.907 0.006 0.008 0.006 0.004 0.009 0.007 0.009 0.006 0.009 0.005 
 79 QTo-W-0184    (0)    5 :  0.051 0.057 0.168 0.014 0.031 0.093 0.255 0.013 0.144 0.036 0.013 0.009 0.038 0.076 
 80 QTo-W-0188    (0)    5 :  0.005 0.284 0.069 0.012 0.010 0.135 0.014 0.008 0.283 0.013 0.016 0.134 0.010 0.006 
 81 QTo-W-0192   (11)    5 :  0.009 0.006 0.200 0.034 0.349 0.009 0.006 0.006 0.343 0.008 0.011 0.005 0.008 0.005 
 82 QTo-W-0193    (0)    5 :  0.007 0.006 0.200 0.007 0.349 0.013 0.007 0.004 0.353 0.007 0.030 0.005 0.007 0.005 
 83 QTo-W-0194    (0)    5 :  0.006 0.005 0.200 0.023 0.351 0.008 0.005 0.005 0.349 0.006 0.026 0.005 0.006 0.005 
 84 QTo-W-0196   (11)    5 :  0.077 0.027 0.178 0.007 0.057 0.054 0.012 0.050 0.390 0.023 0.011 0.032 0.076 0.006 
 85 QTo-W-0197    (0)    5 :  0.183 0.020 0.171 0.014 0.031 0.055 0.008 0.034 0.374 0.013 0.007 0.028 0.057 0.005 
 86 QTo-W-0200   (11)    6 :  0.004 0.005 0.516 0.005 0.006 0.227 0.019 0.003 0.049 0.007 0.004 0.014 0.079 0.064 
 87 QTo-W-0201   (22)    6 :  0.004 0.006 0.513 0.005 0.006 0.227 0.021 0.003 0.049 0.007 0.004 0.014 0.078 0.063 
 88 QTo-W-0205    (0)    7 :  0.003 0.950 0.004 0.004 0.003 0.004 0.004 0.005 0.004 0.004 0.003 0.005 0.003 0.004 
 89 QTo-W-0208    (0)    7 :  0.044 0.217 0.053 0.052 0.009 0.123 0.213 0.021 0.038 0.013 0.074 0.024 0.097 0.022 
 90 QTo-W-0211    (0)    7 :  0.004 0.309 0.037 0.005 0.010 0.157 0.023 0.005 0.175 0.014 0.009 0.237 0.005 0.010 
 91 QTo-W-0212   (11)    7 :  0.003 0.945 0.004 0.005 0.004 0.005 0.004 0.004 0.005 0.004 0.005 0.004 0.003 0.004 
 92 QTo-W-0213    (0)    7 :  0.003 0.940 0.004 0.004 0.003 0.007 0.006 0.004 0.009 0.004 0.004 0.005 0.003 0.004 
 93 QTo-W-0216   (11)    8 :  0.008 0.006 0.011 0.009 0.013 0.057 0.034 0.006 0.011 0.007 0.008 0.007 0.819 0.006 
 94 QTo-W-0220    (0)    8 :  0.007 0.006 0.011 0.022 0.009 0.065 0.041 0.005 0.010 0.005 0.012 0.006 0.796 0.008 
 95 QTo-W-0224   (11)    8 :  0.010 0.008 0.315 0.035 0.008 0.128 0.049 0.039 0.107 0.017 0.032 0.061 0.086 0.105 
 96 QTo-W-0225   (11)    8 :  0.010 0.021 0.009 0.008 0.005 0.010 0.879 0.004 0.014 0.005 0.017 0.004 0.007 0.006 
 97 QTo-W-0227   (11)    8 :  0.016 0.008 0.158 0.011 0.013 0.097 0.067 0.022 0.053 0.009 0.008 0.038 0.412 0.089 
 98 QTo-W-0229    (0)    8 :  0.047 0.004 0.012 0.003 0.005 0.014 0.872 0.006 0.008 0.004 0.008 0.004 0.009 0.004 
 99 QTo-W-0231    (0)    8 :  0.009 0.035 0.006 0.016 0.011 0.316 0.063 0.006 0.016 0.003 0.005 0.008 0.018 0.489 
100 QTo-W-0238   (22)    8 :  0.010 0.052 0.134 0.010 0.017 0.241 0.110 0.042 0.287 0.031 0.009 0.014 0.013 0.031 
101 QTo-W-0240    (0)    8 :  0.008 0.030 0.075 0.011 0.010 0.162 0.046 0.020 0.096 0.023 0.008 0.010 0.010 0.490 
102 QTo-W-0242    (0)    8 :  0.008 0.012 0.016 0.004 0.009 0.022 0.062 0.297 0.027 0.481 0.004 0.025 0.013 0.020 
103 QTo-W-0244    (0)    9 :  0.007 0.010 0.091 0.004 0.006 0.029 0.019 0.012 0.030 0.039 0.003 0.017 0.009 0.725 
104 QTo-W-0245   (11)    9 :  0.012 0.012 0.080 0.013 0.011 0.067 0.481 0.024 0.027 0.011 0.006 0.014 0.019 0.222 
105 QTo-W-0251    (0)    9 :  0.359 0.013 0.026 0.004 0.170 0.045 0.011 0.005 0.047 0.075 0.004 0.054 0.180 0.007 
106 QTo-W-0253    (0)    9 :  0.018 0.008 0.022 0.005 0.004 0.030 0.839 0.006 0.012 0.021 0.004 0.006 0.019 0.006 
107 QTo-W-0256   (11)    9 :  0.093 0.007 0.018 0.083 0.008 0.079 0.496 0.006 0.036 0.007 0.076 0.008 0.024 0.059 
108 QTo-W-0258    (0)    9 :  0.186 0.004 0.041 0.012 0.007 0.095 0.413 0.051 0.018 0.005 0.039 0.006 0.079 0.043 
109 QTo-W-0259    (0)    9 :  0.016 0.009 0.007 0.005 0.018 0.024 0.783 0.054 0.012 0.030 0.005 0.013 0.005 0.018 
110 QTo-W-0260   (22)    9 :  0.005 0.026 0.010 0.005 0.010 0.094 0.710 0.036 0.018 0.011 0.005 0.023 0.006 0.041 
111 QTo-W-0274   (11)   10 :  0.014 0.004 0.496 0.006 0.007 0.026 0.036 0.006 0.012 0.006 0.007 0.006 0.368 0.006 
112 QTo-W-0275    (0)   10 :  0.005 0.014 0.033 0.040 0.122 0.072 0.011 0.006 0.036 0.007 0.310 0.161 0.072 0.110 
113 QTo-W-0278    (0)   10 :  0.066 0.124 0.151 0.008 0.074 0.077 0.032 0.024 0.144 0.008 0.011 0.148 0.084 0.048 
114 QTo-W-0283   (11)   10 :  0.010 0.086 0.017 0.030 0.011 0.067 0.017 0.010 0.013 0.007 0.038 0.008 0.008 0.678 
115 QTo-W-0284    (0)   10 :  0.009 0.118 0.021 0.019 0.014 0.100 0.013 0.014 0.017 0.008 0.022 0.012 0.027 0.604 
116 QTo-W-0287   (22)   10 :  0.017 0.005 0.524 0.008 0.005 0.011 0.008 0.013 0.007 0.006 0.007 0.005 0.371 0.014 
117 QTo-W-0289   (22)   10 :  0.011 0.007 0.535 0.008 0.006 0.010 0.007 0.006 0.010 0.009 0.007 0.009 0.370 0.005 
118 QTo-W-0293    (0)   10 :  0.005 0.007 0.023 0.209 0.015 0.313 0.034 0.045 0.060 0.007 0.021 0.214 0.024 0.024 
119 QTo-W-0295   (11)   10 :  0.007 0.020 0.022 0.010 0.019 0.024 0.023 0.075 0.032 0.005 0.717 0.010 0.008 0.030 
120 QTo-W-0296   (11)   11 :  0.007 0.004 0.008 0.008 0.045 0.007 0.006 0.008 0.009 0.010 0.010 0.866 0.006 0.006 
121 QTo-W-0298    (0)   11 :  0.005 0.005 0.007 0.006 0.034 0.007 0.005 0.009 0.007 0.009 0.007 0.889 0.005 0.005 
122 QTo-W-0300   (11)   11 :  0.044 0.006 0.204 0.133 0.017 0.119 0.013 0.005 0.025 0.014 0.020 0.013 0.166 0.220 
123 QTo-W-0302    (0)   12 :  0.048 0.663 0.014 0.010 0.017 0.038 0.038 0.010 0.028 0.012 0.007 0.007 0.098 0.010 
124 QTo-W-0305    (0)   13 :  0.008 0.007 0.494 0.008 0.007 0.015 0.008 0.027 0.008 0.006 0.006 0.019 0.374 0.013 
125 QTo-W-0308   (11)   13 :  0.009 0.007 0.495 0.010 0.009 0.017 0.009 0.010 0.013 0.009 0.008 0.030 0.369 0.007 
126 QTo-W-0309   (11)   13 :  0.005 0.215 0.127 0.031 0.033 0.117 0.011 0.005 0.267 0.017 0.129 0.022 0.012 0.009 
127 QTo-W-0311    (0)   14 :  0.005 0.033 0.140 0.028 0.005 0.319 0.069 0.010 0.261 0.008 0.018 0.006 0.006 0.092 
128 QTo-W-0312    (0)   15 :  0.006 0.005 0.006 0.003 0.003 0.007 0.005 0.003 0.006 0.041 0.003 0.901 0.005 0.005 
129 QTo-W-0315   (11)   15 :  0.004 0.005 0.006 0.004 0.004 0.007 0.006 0.003 0.006 0.006 0.004 0.934 0.005 0.005 
130 QTo-W-0318    (0)   16 :  0.004 0.037 0.536 0.007 0.010 0.136 0.011 0.010 0.166 0.024 0.017 0.011 0.022 0.009 
131 QTo-W-0322   (11)   16 :  0.005 0.020 0.548 0.010 0.008 0.142 0.013 0.009 0.163 0.027 0.011 0.008 0.022 0.013 
132 QTo-W-0326   (22)   16 :  0.007 0.051 0.250 0.106 0.017 0.163 0.028 0.006 0.221 0.061 0.038 0.010 0.025 0.018 
133 QTo-W-0327   (11)   16 :  0.024 0.064 0.219 0.039 0.038 0.165 0.099 0.005 0.224 0.023 0.055 0.010 0.026 0.010 
134 QTo-W-0328    (0)   17 :  0.007 0.003 0.011 0.005 0.417 0.007 0.005 0.004 0.008 0.004 0.005 0.004 0.516 0.005 
135 QTo-W-0329    (0)   17 :  0.006 0.003 0.009 0.005 0.373 0.008 0.005 0.005 0.006 0.004 0.005 0.004 0.561 0.005 
136 QTo-W-0330   (11)   17 :  0.011 0.003 0.015 0.007 0.363 0.010 0.006 0.005 0.009 0.006 0.006 0.004 0.548 0.006 


Estimated Allele Frequencies in each cluster
First column gives estimated ancestral frequencies


Locus 1 : 
4 alleles
0.7% missing data
 149   (0.828) 0.993 0.289 0.976 0.986 0.986 0.904 0.495 0.971 0.971 0.993 0.993 0.652 0.970 0.858 
 147   (0.073) 0.003 0.219 0.009 0.005 0.006 0.036 0.093 0.018 0.010 0.003 0.003 0.327 0.013 0.032 
 155   (0.057) 0.002 0.488 0.008 0.005 0.005 0.037 0.019 0.006 0.013 0.002 0.002 0.015 0.010 0.095 
 161   (0.042) 0.002 0.004 0.007 0.004 0.003 0.023 0.393 0.005 0.007 0.002 0.002 0.006 0.008 0.015 

Locus 2 : 
6 alleles
12.5% missing data
 179   (0.360) 0.966 0.036 0.402 0.036 0.931 0.347 0.357 0.680 0.590 0.244 0.069 0.083 0.748 0.088 
 176   (0.158) 0.007 0.914 0.051 0.528 0.015 0.136 0.080 0.222 0.102 0.015 0.159 0.042 0.040 0.078 
 173   (0.244) 0.016 0.020 0.101 0.412 0.030 0.279 0.295 0.053 0.111 0.015 0.736 0.084 0.070 0.706 
 164   (0.032) 0.001 0.003 0.006 0.004 0.003 0.015 0.014 0.005 0.006 0.001 0.026 0.005 0.008 0.008 
 182   (0.145) 0.007 0.019 0.378 0.013 0.014 0.187 0.073 0.029 0.170 0.722 0.006 0.778 0.095 0.104 
 170   (0.060) 0.003 0.008 0.062 0.005 0.006 0.037 0.182 0.010 0.021 0.003 0.003 0.008 0.040 0.018 

Locus 3 : 
17 alleles
0.0% missing data
 220   (0.149) 0.007 0.518 0.162 0.429 0.034 0.136 0.113 0.028 0.134 0.009 0.114 0.053 0.229 0.312 
 222   (0.174) 0.227 0.026 0.170 0.019 0.193 0.247 0.292 0.556 0.240 0.014 0.020 0.221 0.208 0.109 
 218   (0.167) 0.184 0.019 0.285 0.435 0.158 0.163 0.118 0.022 0.215 0.008 0.666 0.029 0.339 0.100 
 226   (0.062) 0.533 0.008 0.014 0.069 0.008 0.030 0.093 0.028 0.017 0.923 0.006 0.011 0.014 0.013 
 258   (0.053) 0.011 0.023 0.025 0.014 0.010 0.091 0.022 0.009 0.070 0.002 0.006 0.306 0.015 0.021 
 224   (0.065) 0.003 0.010 0.060 0.007 0.006 0.062 0.038 0.008 0.015 0.019 0.003 0.172 0.019 0.301 
 228   (0.069) 0.024 0.371 0.081 0.006 0.021 0.114 0.028 0.013 0.208 0.010 0.007 0.039 0.034 0.019 
 256   (0.016) 0.001 0.001 0.002 0.001 0.002 0.008 0.005 0.001 0.003 0.001 0.169 0.002 0.003 0.003 
 264   (0.028) 0.001 0.002 0.003 0.002 0.002 0.011 0.007 0.303 0.003 0.001 0.001 0.003 0.004 0.005 
 230   (0.027) 0.001 0.002 0.003 0.002 0.491 0.013 0.008 0.004 0.004 0.001 0.001 0.122 0.005 0.005 
 260   (0.037) 0.002 0.004 0.010 0.003 0.004 0.029 0.023 0.006 0.012 0.005 0.001 0.009 0.007 0.062 
 262   (0.022) 0.001 0.006 0.005 0.002 0.002 0.013 0.008 0.005 0.007 0.002 0.001 0.012 0.005 0.010 
 234   (0.019) 0.001 0.001 0.029 0.001 0.060 0.007 0.005 0.002 0.051 0.001 0.001 0.002 0.003 0.003 
 232   (0.031) 0.001 0.002 0.058 0.002 0.003 0.038 0.012 0.004 0.008 0.001 0.001 0.007 0.031 0.015 
 250   (0.026) 0.001 0.002 0.003 0.002 0.002 0.009 0.143 0.002 0.003 0.001 0.001 0.003 0.004 0.005 
 216   (0.027) 0.001 0.003 0.004 0.002 0.002 0.015 0.078 0.006 0.004 0.001 0.001 0.005 0.005 0.008 
 266   (0.026) 0.001 0.002 0.088 0.003 0.002 0.014 0.008 0.002 0.004 0.001 0.001 0.003 0.075 0.009 

Locus 4 : 
2 alleles
1.5% missing data
 137   (0.973) 0.999 0.998 0.997 0.998 0.998 0.984 0.990 0.998 0.997 0.999 0.999 0.997 0.896 0.995 
 139   (0.027) 0.001 0.002 0.003 0.002 0.002 0.016 0.010 0.002 0.003 0.001 0.001 0.003 0.104 0.005 

Locus 5 : 
17 alleles
11.8% missing data
 187   (0.277) 0.017 0.851 0.612 0.032 0.230 0.520 0.527 0.053 0.652 0.745 0.015 0.065 0.087 0.295 
 243   (0.045) 0.003 0.003 0.027 0.410 0.038 0.020 0.013 0.004 0.043 0.002 0.002 0.006 0.009 0.009 
 203   (0.076) 0.359 0.008 0.016 0.009 0.007 0.042 0.223 0.008 0.018 0.006 0.921 0.011 0.025 0.018 
 201   (0.099) 0.447 0.009 0.062 0.339 0.011 0.069 0.050 0.011 0.101 0.040 0.005 0.016 0.047 0.067 
 197   (0.079) 0.141 0.006 0.095 0.007 0.007 0.037 0.027 0.008 0.013 0.004 0.003 0.011 0.126 0.482 
 195   (0.057) 0.004 0.058 0.079 0.022 0.005 0.031 0.031 0.873 0.009 0.006 0.006 0.008 0.083 0.013 
 247   (0.030) 0.001 0.002 0.005 0.100 0.003 0.016 0.008 0.003 0.005 0.001 0.002 0.004 0.006 0.006 
 235   (0.029) 0.006 0.003 0.014 0.003 0.004 0.035 0.017 0.003 0.028 0.003 0.003 0.004 0.009 0.007 
 249   (0.027) 0.001 0.002 0.004 0.002 0.002 0.010 0.008 0.002 0.004 0.176 0.001 0.003 0.005 0.006 
 199   (0.050) 0.007 0.019 0.032 0.005 0.025 0.036 0.017 0.005 0.042 0.004 0.006 0.801 0.032 0.015 
 245   (0.035) 0.002 0.004 0.012 0.035 0.021 0.052 0.011 0.005 0.034 0.002 0.025 0.010 0.009 0.010 
 219   (0.047) 0.002 0.004 0.008 0.005 0.462 0.024 0.014 0.004 0.008 0.002 0.004 0.011 0.073 0.014 
 217   (0.037) 0.003 0.003 0.006 0.003 0.158 0.018 0.011 0.003 0.006 0.002 0.002 0.005 0.202 0.008 
 229   (0.027) 0.001 0.002 0.013 0.003 0.019 0.010 0.008 0.002 0.020 0.001 0.002 0.004 0.006 0.006 
 215   (0.024) 0.001 0.020 0.004 0.002 0.002 0.025 0.014 0.002 0.004 0.001 0.001 0.003 0.263 0.005 
 205   (0.030) 0.001 0.003 0.005 0.003 0.003 0.018 0.011 0.003 0.005 0.001 0.001 0.004 0.007 0.031 
 227   (0.031) 0.001 0.002 0.007 0.019 0.003 0.035 0.012 0.010 0.010 0.001 0.002 0.033 0.009 0.009 

Locus 6 : 
25 alleles
30.9% missing data
 214   (0.058) 0.005 0.006 0.022 0.208 0.009 0.044 0.027 0.010 0.019 0.004 0.116 0.017 0.083 0.074 
 222   (0.062) 0.032 0.007 0.038 0.478 0.010 0.093 0.027 0.009 0.074 0.005 0.085 0.015 0.018 0.132 
 206   (0.047) 0.007 0.041 0.067 0.006 0.091 0.046 0.024 0.010 0.144 0.006 0.366 0.073 0.017 0.017 
 218   (0.064) 0.010 0.101 0.132 0.019 0.185 0.110 0.031 0.022 0.193 0.004 0.371 0.032 0.027 0.023 
 216   (0.060) 0.393 0.034 0.023 0.007 0.079 0.043 0.304 0.010 0.039 0.008 0.003 0.017 0.032 0.021 
 208   (0.039) 0.198 0.005 0.015 0.004 0.006 0.022 0.050 0.005 0.013 0.003 0.002 0.009 0.012 0.100 
 238   (0.040) 0.161 0.004 0.010 0.004 0.008 0.030 0.014 0.006 0.019 0.526 0.002 0.094 0.014 0.011 
 204   (0.028) 0.002 0.003 0.006 0.003 0.004 0.013 0.009 0.003 0.006 0.002 0.001 0.006 0.007 0.285 
 234   (0.048) 0.010 0.148 0.026 0.005 0.008 0.063 0.077 0.006 0.070 0.003 0.003 0.019 0.014 0.014 
 242   (0.040) 0.005 0.005 0.088 0.005 0.006 0.087 0.067 0.005 0.049 0.003 0.002 0.010 0.019 0.022 
 210   (0.113) 0.060 0.590 0.305 0.026 0.079 0.109 0.060 0.516 0.206 0.411 0.009 0.573 0.203 0.090 
 246   (0.040) 0.008 0.005 0.013 0.005 0.012 0.030 0.016 0.007 0.024 0.003 0.013 0.010 0.017 0.026 
 258   (0.033) 0.034 0.007 0.025 0.004 0.006 0.054 0.015 0.005 0.053 0.003 0.002 0.011 0.011 0.010 
 240   (0.023) 0.041 0.002 0.005 0.004 0.004 0.013 0.009 0.003 0.006 0.002 0.001 0.005 0.007 0.010 
 256   (0.028) 0.002 0.002 0.004 0.118 0.004 0.015 0.009 0.003 0.005 0.002 0.002 0.006 0.007 0.007 
 254   (0.015) 0.001 0.002 0.003 0.051 0.002 0.007 0.005 0.002 0.003 0.001 0.001 0.004 0.005 0.005 
 236   (0.051) 0.004 0.006 0.012 0.023 0.252 0.044 0.090 0.347 0.021 0.004 0.006 0.034 0.015 0.024 
 248   (0.023) 0.002 0.002 0.078 0.003 0.005 0.058 0.010 0.003 0.013 0.001 0.003 0.017 0.017 0.016 
 252   (0.024) 0.003 0.003 0.007 0.005 0.010 0.022 0.008 0.003 0.013 0.002 0.004 0.008 0.008 0.007 
 224   (0.046) 0.005 0.011 0.011 0.006 0.006 0.033 0.083 0.006 0.009 0.003 0.003 0.012 0.086 0.013 
 230   (0.030) 0.005 0.004 0.005 0.003 0.123 0.021 0.012 0.003 0.006 0.002 0.001 0.007 0.162 0.031 
 228   (0.016) 0.007 0.002 0.004 0.002 0.002 0.008 0.028 0.006 0.004 0.001 0.001 0.003 0.009 0.008 
 266   (0.022) 0.002 0.002 0.029 0.002 0.003 0.010 0.009 0.003 0.005 0.001 0.001 0.005 0.029 0.006 
 212   (0.034) 0.003 0.006 0.007 0.004 0.083 0.017 0.011 0.004 0.006 0.002 0.002 0.007 0.126 0.046 
 232   (0.015) 0.001 0.001 0.064 0.002 0.002 0.009 0.005 0.002 0.002 0.001 0.001 0.004 0.057 0.004 

Locus 7 : 
7 alleles
1.5% missing data
 108   (0.641) 0.439 0.965 0.486 0.826 0.813 0.723 0.575 0.959 0.904 0.976 0.980 0.931 0.307 0.443 
 116   (0.036) 0.001 0.003 0.005 0.146 0.003 0.024 0.011 0.005 0.006 0.001 0.002 0.012 0.007 0.007 
 110   (0.145) 0.552 0.019 0.260 0.013 0.019 0.095 0.267 0.020 0.039 0.016 0.009 0.028 0.229 0.212 
 114   (0.069) 0.003 0.005 0.068 0.007 0.088 0.060 0.021 0.006 0.014 0.003 0.005 0.014 0.153 0.288 
 112   (0.059) 0.003 0.004 0.175 0.005 0.072 0.072 0.020 0.005 0.030 0.003 0.003 0.009 0.294 0.020 
 104   (0.026) 0.001 0.002 0.003 0.002 0.002 0.010 0.097 0.002 0.003 0.001 0.001 0.003 0.005 0.005 
 118   (0.025) 0.001 0.003 0.003 0.002 0.002 0.015 0.009 0.002 0.003 0.001 0.001 0.003 0.005 0.026 

Locus 8 : 
5 alleles
2.2% missing data
 160   (0.171) 0.007 0.212 0.114 0.378 0.135 0.098 0.056 0.023 0.111 0.069 0.529 0.392 0.079 0.094 
 162   (0.616) 0.978 0.750 0.819 0.605 0.829 0.758 0.625 0.115 0.789 0.906 0.462 0.344 0.715 0.478 
 164   (0.088) 0.004 0.010 0.021 0.007 0.011 0.059 0.122 0.796 0.020 0.006 0.004 0.020 0.019 0.394 
 166   (0.024) 0.001 0.002 0.005 0.002 0.005 0.015 0.016 0.004 0.008 0.006 0.001 0.007 0.005 0.008 
 158   (0.101) 0.010 0.025 0.040 0.008 0.020 0.070 0.181 0.062 0.071 0.013 0.004 0.237 0.182 0.026 

Locus 9 : 
4 alleles
0.0% missing data
 229   (0.490) 0.923 0.230 0.300 0.245 0.890 0.419 0.412 0.505 0.584 0.608 0.505 0.313 0.385 0.588 
 226   (0.350) 0.068 0.085 0.618 0.743 0.095 0.461 0.376 0.049 0.342 0.383 0.482 0.645 0.581 0.116 
 223   (0.133) 0.008 0.667 0.078 0.011 0.013 0.104 0.204 0.443 0.065 0.007 0.012 0.022 0.029 0.291 
 232   (0.027) 0.001 0.017 0.004 0.002 0.002 0.016 0.008 0.003 0.009 0.001 0.001 0.019 0.004 0.005 

Values of parameters used in structure:
DATAFILE=C:\Users\eschumacher\Documents\GitHub\Ten_Oaks\Data_Files\QUTO_wild\project_data,	OUTFILE=C:\Users\eschumacher\Documents\GitHub\Ten_Oaks\Data_Files\QUTO_wild\50-50\Results\50-50_run_66,	NUMINDS=136,	NUMLOCI=9,	MISSING=-9,	LABEL=1,	POPDATA=1,	POPFLAG=0,	PHENOTYPE=0,	EXTRACOLS=0,	MAXPOPS=14,	BURNIN=50000,	NUMREPS=50000,	USEPOPINFO=0,	INFERALPHA=1,	INFERLAMBDA=0,	POPSPECIFICLAMBDA=0,	POPALPHAS=0,	COMPUTEPROB=1,	NOADMIX=0,	ADMBURNIN=2500,	UPDATEFREQ=1,	PRINTLIKES=0,	INTERMEDSAVE=0,	PRINTKLD=0,	PRINTNET=0,	PRINTLAMBDA=0,	ANCESTDIST=0,	NUMBOXES=1000,	ANCESTPINT=0.90000,	GENSBACK=2,	MIGRPRIOR=0.05000,	PRINTQHAT=0,	PRINTQSUM=0,	ALPHA=1.0000,	FREQSCORR=1,	FPRIORMEAN=0.0100,	FPRIORSD=0.0500,	ONEFST=0,	LAMBDA=1.0000,	UNIFPRIORALPHA=1,	ALPHAMAX=10.0000,	ALPHAPRIORA=1.0000,	ALPHAPRIORB=2.0000,	ALPHAPROPSD=0.0250,	STARTATPOPINFO=0,	RANDOMIZE=1,	LINKAGE=0,	METROFREQ=10,	REPORTHITRATE=0,	MARKOVPHASE=-1,	PHASED=0,	PLOIDY=2,	PHASEINFO=0	LOCPRIOR=0, 	LOCPRIORINIT=1.000000, 	LOCDATA=0, 	LOCISPOP=0, 	LOCPRIORSTEP=0.100000, 	MAXLOCPRIOR=20.000000, 	SEED=1689803661,	
[STRAT parameters]:    NUMSIMSTATS=1000,	PHENOTYPECOL=-9,	POOLFREQ=10,	LOCUSxONLY=0,	EMERROR=0.00100,	MISSINGPHENO=-9,	