

----------------------------------------------------
STRUCTURE by Pritchard, Stephens and Donnelly (2000)
     and Falush, Stephens and Pritchard (2003)
       Code by Pritchard, Falush and Hubisz
             Version 2.3.4 (Jul 2012)
----------------------------------------------------



Command line arguments:   bin\structure -m C:\Users\eschumacher\Documents\GitHub\Ten_Oaks\Data_Files\QUTO_wild\50-50\mainparams -e C:\Users\eschumacher\Documents\GitHub\Ten_Oaks\Data_Files\QUTO_wild\50-50\extraparams 
Input File:    C:\Users\eschumacher\Documents\GitHub\Ten_Oaks\Data_Files\QUTO_wild\project_data

Run parameters:
   136 individuals
   9 loci
   16 populations assumed
   50000 Burn-in period
   50000 Reps


--------------------------------------------
Proportion of membership of each pre-defined
 population in each of the 16 clusters

Given    Inferred Clusters                                                                                                  Number of
 Pop       1      2      3      4      5      6      7      8      9     10     11     12     13     14     15     16      Individuals

  1:     0.060  0.029  0.084  0.027  0.010  0.024  0.020  0.013  0.037  0.489  0.013  0.013  0.023  0.123  0.015  0.020        1
  2:     0.010  0.004  0.006  0.005  0.005  0.006  0.007  0.005  0.011  0.008  0.442  0.005  0.009  0.007  0.464  0.006        4
  3:     0.017  0.008  0.017  0.004  0.012  0.009  0.791  0.006  0.017  0.023  0.008  0.017  0.019  0.029  0.010  0.013        4
  4:     0.031  0.008  0.078  0.009  0.004  0.012  0.035  0.550  0.023  0.078  0.005  0.005  0.007  0.137  0.008  0.008        5
  5:     0.044  0.103  0.042  0.028  0.016  0.018  0.135  0.012  0.046  0.090  0.143  0.015  0.127  0.075  0.092  0.013       71
  6:     0.185  0.003  0.454  0.005  0.006  0.007  0.004  0.031  0.016  0.005  0.004  0.007  0.006  0.051  0.005  0.212        2
  7:     0.054  0.004  0.032  0.626  0.029  0.038  0.008  0.006  0.079  0.016  0.015  0.021  0.007  0.039  0.018  0.007        5
  8:     0.086  0.028  0.068  0.015  0.017  0.207  0.012  0.067  0.110  0.015  0.011  0.054  0.054  0.056  0.013  0.188       10
  9:     0.058  0.021  0.031  0.010  0.016  0.413  0.077  0.116  0.065  0.018  0.017  0.047  0.026  0.032  0.011  0.042        8
 10:     0.071  0.016  0.017  0.045  0.045  0.019  0.013  0.130  0.074  0.055  0.113  0.317  0.006  0.030  0.023  0.024        9
 11:     0.053  0.023  0.016  0.005  0.585  0.006  0.013  0.035  0.081  0.013  0.011  0.062  0.011  0.034  0.025  0.028        3
 12:     0.040  0.014  0.027  0.610  0.007  0.032  0.045  0.009  0.047  0.021  0.006  0.010  0.011  0.029  0.013  0.080        1
 13:     0.037  0.006  0.104  0.056  0.020  0.008  0.006  0.007  0.028  0.055  0.034  0.536  0.010  0.046  0.018  0.029        3
 14:     0.136  0.006  0.201  0.031  0.006  0.058  0.004  0.055  0.101  0.011  0.019  0.007  0.007  0.327  0.021  0.010        1
 15:     0.007  0.003  0.007  0.005  0.908  0.005  0.005  0.005  0.006  0.004  0.004  0.005  0.021  0.006  0.004  0.005        2
 16:     0.129  0.006  0.498  0.026  0.009  0.029  0.010  0.009  0.026  0.035  0.023  0.071  0.026  0.050  0.032  0.018        4
 17:     0.007  0.022  0.007  0.003  0.004  0.005  0.008  0.005  0.007  0.006  0.005  0.007  0.004  0.007  0.005  0.898        3
--------------------------------------------

Allele-freq. divergence among pops (Net nucleotide distance),
computed using point estimates of P.

      1       2       3       4       5       6       7       8       9      10      11      12      13      14      15      16      
 1      -    0.1307  0.0244  0.1693  0.1232  0.0402  0.1273  0.0898  0.0026  0.0532  0.1259  0.0791  0.1071  0.0145  0.0856  0.0671  
 2   0.1307     -    0.2073  0.3156  0.2469  0.1631  0.1856  0.1957  0.1141  0.1102  0.2663  0.2269  0.2463  0.1407  0.2456  0.1617  
 3   0.0244  0.2073     -    0.1926  0.1534  0.0781  0.1985  0.1551  0.0413  0.0969  0.1819  0.1017  0.1042  0.0420  0.1280  0.1061  
 4   0.1693  0.3156  0.1926     -    0.2729  0.1800  0.3827  0.2639  0.1684  0.2326  0.3356  0.2888  0.2745  0.1854  0.2258  0.3123  
 5   0.1232  0.2469  0.1534  0.2729     -    0.1737  0.3172  0.2390  0.1232  0.1994  0.2399  0.1779  0.1942  0.1501  0.1981  0.2273  
 6   0.0402  0.1631  0.0781  0.1800  0.1737     -    0.1406  0.1253  0.0370  0.1023  0.1715  0.1209  0.1649  0.0630  0.1511  0.1119  
 7   0.1273  0.1856  0.1985  0.3827  0.3172  0.1406     -    0.2160  0.1130  0.1157  0.2545  0.1720  0.1895  0.1373  0.2429  0.1226  
 8   0.0898  0.1957  0.1551  0.2639  0.2390  0.1253  0.2160     -    0.0836  0.1618  0.1904  0.1732  0.2442  0.1176  0.1727  0.1685  
 9   0.0026  0.1141  0.0413  0.1684  0.1232  0.0370  0.1130  0.0836     -    0.0482  0.1200  0.0812  0.1161  0.0154  0.0806  0.0644  
10   0.0532  0.1102  0.0969  0.2326  0.1994  0.1023  0.1157  0.1618  0.0482     -    0.1514  0.1725  0.1512  0.0523  0.1523  0.0968  
11   0.1259  0.2663  0.1819  0.3356  0.2399  0.1715  0.2545  0.1904  0.1200  0.1514     -    0.2263  0.2798  0.1282  0.1356  0.2113  
12   0.0791  0.2269  0.1017  0.2888  0.1779  0.1209  0.1720  0.1732  0.0812  0.1725  0.2263     -    0.2092  0.1063  0.1518  0.1061  
13   0.1071  0.2463  0.1042  0.2745  0.1942  0.1649  0.1895  0.2442  0.1161  0.1512  0.2798  0.2092     -    0.1251  0.2251  0.2144  
14   0.0145  0.1407  0.0420  0.1854  0.1501  0.0630  0.1373  0.1176  0.0154  0.0523  0.1282  0.1063  0.1251     -    0.0804  0.0875  
15   0.0856  0.2456  0.1280  0.2258  0.1981  0.1511  0.2429  0.1727  0.0806  0.1523  0.1356  0.1518  0.2251  0.0804     -    0.1604  
16   0.0671  0.1617  0.1061  0.3123  0.2273  0.1119  0.1226  0.1685  0.0644  0.0968  0.2113  0.1061  0.2144  0.0875  0.1604     -    

Average distances (expected heterozygosity) between individuals in same cluster:
cluster  1  : 0.5758 
cluster  2  : 0.3441 
cluster  3  : 0.4405 
cluster  4  : 0.3361 
cluster  5  : 0.4200 
cluster  6  : 0.6110 
cluster  7  : 0.3049 
cluster  8  : 0.4893 
cluster  9  : 0.5994 
cluster 10  : 0.3969 
cluster 11  : 0.3152 
cluster 12  : 0.4651 
cluster 13  : 0.2449 
cluster 14  : 0.4733 
cluster 15  : 0.4199 
cluster 16  : 0.5007 

--------------------------------------------
Estimated Ln Prob of Data   = -2256.1
Mean value of ln likelihood = -1849.7
Variance of ln likelihood   = 812.9
Mean value of alpha         = 0.0358

Mean value of Fst_1         = 0.1279
Mean value of Fst_2         = 0.4841
Mean value of Fst_3         = 0.3549
Mean value of Fst_4         = 0.5447
Mean value of Fst_5         = 0.4152
Mean value of Fst_6         = 0.1857
Mean value of Fst_7         = 0.4928
Mean value of Fst_8         = 0.3397
Mean value of Fst_9         = 0.0327
Mean value of Fst_10         = 0.3282
Mean value of Fst_11         = 0.4934
Mean value of Fst_12         = 0.3236
Mean value of Fst_13         = 0.5847
Mean value of Fst_14         = 0.3338
Mean value of Fst_15         = 0.4130
Mean value of Fst_16         = 0.2976


Inferred ancestry of individuals:
        Label (%Miss) Pop:  Inferred clusters
  1 QTo-W-0007   (11)    1 :  0.060 0.029 0.084 0.027 0.010 0.024 0.020 0.013 0.037 0.489 0.013 0.013 0.023 0.123 0.015 0.020 
  2 QTo-W-0009    (0)    2 :  0.006 0.004 0.005 0.004 0.004 0.005 0.015 0.004 0.006 0.007 0.007 0.004 0.021 0.006 0.897 0.005 
  3 QTo-W-0010    (0)    2 :  0.022 0.005 0.008 0.007 0.006 0.008 0.005 0.009 0.026 0.012 0.824 0.008 0.005 0.011 0.035 0.009 
  4 QTo-W-0011    (0)    2 :  0.006 0.004 0.005 0.006 0.005 0.004 0.005 0.005 0.005 0.008 0.010 0.004 0.005 0.007 0.918 0.005 
  5 QTo-W-0012   (22)    2 :  0.006 0.004 0.005 0.003 0.004 0.005 0.005 0.005 0.005 0.006 0.926 0.005 0.004 0.005 0.006 0.005 
  6 QTo-W-0020   (22)    3 :  0.004 0.004 0.004 0.003 0.003 0.005 0.936 0.005 0.004 0.004 0.006 0.005 0.006 0.004 0.004 0.004 
  7 QTo-W-0021   (22)    3 :  0.010 0.013 0.010 0.005 0.006 0.010 0.852 0.006 0.010 0.016 0.006 0.009 0.016 0.014 0.006 0.012 
  8 QTo-W-0023   (22)    3 :  0.008 0.007 0.008 0.004 0.005 0.008 0.844 0.005 0.007 0.015 0.008 0.008 0.046 0.008 0.007 0.012 
  9 QTo-W-0024   (11)    3 :  0.046 0.007 0.046 0.004 0.035 0.013 0.533 0.006 0.047 0.056 0.013 0.046 0.009 0.092 0.024 0.024 
 10 QTo-W-0033    (0)    4 :  0.008 0.005 0.007 0.005 0.004 0.007 0.013 0.888 0.009 0.005 0.007 0.005 0.004 0.013 0.015 0.005 
 11 QTo-W-0035   (11)    4 :  0.006 0.006 0.006 0.006 0.004 0.005 0.006 0.916 0.006 0.006 0.006 0.005 0.005 0.006 0.006 0.005 
 12 QTo-W-0036    (0)    4 :  0.005 0.005 0.005 0.005 0.004 0.004 0.004 0.934 0.005 0.004 0.005 0.004 0.004 0.005 0.005 0.004 
 13 QTo-W-0039   (11)    4 :  0.066 0.015 0.164 0.011 0.005 0.010 0.089 0.006 0.034 0.235 0.005 0.006 0.014 0.320 0.007 0.012 
 14 QTo-W-0041    (0)    4 :  0.071 0.010 0.208 0.016 0.005 0.034 0.062 0.005 0.064 0.141 0.004 0.005 0.009 0.343 0.006 0.017 
 15 QTo-W-0044    (0)    5 :  0.012 0.031 0.008 0.047 0.008 0.006 0.010 0.005 0.020 0.006 0.005 0.179 0.036 0.012 0.610 0.005 
 16 QTo-W-0047    (0)    5 :  0.010 0.005 0.005 0.008 0.004 0.005 0.005 0.005 0.008 0.009 0.017 0.005 0.005 0.009 0.895 0.006 
 17 QTo-W-0048   (11)    5 :  0.007 0.006 0.006 0.008 0.005 0.004 0.005 0.005 0.007 0.012 0.013 0.005 0.007 0.008 0.894 0.006 
 18 QTo-W-0049    (0)    5 :  0.007 0.004 0.007 0.006 0.004 0.005 0.004 0.007 0.007 0.008 0.879 0.006 0.005 0.012 0.032 0.006 
 19 QTo-W-0050   (22)    5 :  0.063 0.008 0.058 0.006 0.065 0.020 0.023 0.122 0.060 0.014 0.031 0.014 0.435 0.043 0.026 0.012 
 20 QTo-W-0052    (0)    5 :  0.012 0.080 0.010 0.746 0.013 0.009 0.005 0.006 0.014 0.019 0.013 0.036 0.005 0.010 0.019 0.004 
 21 QTo-W-0054    (0)    5 :  0.005 0.004 0.005 0.003 0.004 0.004 0.004 0.004 0.005 0.007 0.930 0.004 0.005 0.006 0.006 0.004 
 22 QTo-W-0056    (0)    5 :  0.004 0.003 0.005 0.006 0.004 0.004 0.004 0.004 0.005 0.005 0.906 0.004 0.004 0.005 0.033 0.004 
 23 QTo-W-0057    (0)    5 :  0.007 0.003 0.008 0.009 0.005 0.005 0.004 0.008 0.007 0.006 0.760 0.006 0.004 0.025 0.139 0.005 
 24 QTo-W-0058    (0)    5 :  0.005 0.004 0.006 0.004 0.004 0.003 0.004 0.004 0.005 0.006 0.932 0.004 0.004 0.006 0.005 0.004 
 25 QTo-W-0059    (0)    5 :  0.025 0.035 0.009 0.035 0.011 0.011 0.024 0.006 0.027 0.016 0.550 0.074 0.083 0.017 0.072 0.006 
 26 QTo-W-0060    (0)    5 :  0.006 0.004 0.007 0.006 0.004 0.005 0.005 0.005 0.007 0.007 0.851 0.004 0.005 0.015 0.065 0.004 
 27 QTo-W-0061    (0)    5 :  0.071 0.014 0.062 0.009 0.007 0.015 0.031 0.006 0.072 0.110 0.457 0.010 0.008 0.095 0.006 0.027 
 28 QTo-W-0062   (11)    5 :  0.006 0.004 0.005 0.004 0.005 0.005 0.005 0.006 0.005 0.006 0.920 0.005 0.005 0.006 0.007 0.005 
 29 QTo-W-0065   (11)    5 :  0.012 0.025 0.015 0.004 0.006 0.011 0.053 0.005 0.013 0.055 0.716 0.014 0.013 0.020 0.008 0.030 
 30 QTo-W-0067    (0)    5 :  0.019 0.013 0.015 0.007 0.004 0.008 0.034 0.007 0.019 0.031 0.740 0.007 0.010 0.028 0.044 0.013 
 31 QTo-W-0071    (0)    5 :  0.100 0.009 0.246 0.005 0.013 0.011 0.023 0.006 0.119 0.035 0.006 0.007 0.011 0.387 0.011 0.012 
 32 QTo-W-0072    (0)    5 :  0.011 0.009 0.013 0.009 0.005 0.014 0.213 0.007 0.011 0.024 0.004 0.023 0.628 0.018 0.004 0.009 
 33 QTo-W-0075    (0)    5 :  0.008 0.015 0.010 0.011 0.010 0.006 0.798 0.005 0.008 0.020 0.004 0.009 0.058 0.026 0.006 0.006 
 34 QTo-W-0076   (11)    5 :  0.012 0.007 0.015 0.004 0.010 0.011 0.792 0.010 0.017 0.009 0.008 0.042 0.017 0.018 0.013 0.015 
 35 QTo-W-0077   (11)    5 :  0.029 0.009 0.014 0.005 0.005 0.013 0.291 0.015 0.039 0.183 0.031 0.008 0.051 0.047 0.247 0.014 
 36 QTo-W-0079    (0)    5 :  0.004 0.004 0.003 0.003 0.003 0.005 0.944 0.003 0.004 0.004 0.005 0.004 0.005 0.003 0.003 0.004 
 37 QTo-W-0080   (11)    5 :  0.130 0.010 0.065 0.009 0.007 0.088 0.155 0.010 0.178 0.072 0.119 0.034 0.007 0.088 0.008 0.020 
 38 QTo-W-0081   (11)    5 :  0.008 0.009 0.010 0.004 0.004 0.006 0.855 0.011 0.008 0.016 0.008 0.019 0.006 0.016 0.007 0.012 
 39 QTo-W-0082    (0)    5 :  0.018 0.006 0.033 0.003 0.008 0.014 0.759 0.005 0.028 0.009 0.015 0.015 0.010 0.060 0.007 0.010 
 40 QTo-W-0087    (0)    5 :  0.005 0.005 0.005 0.003 0.004 0.005 0.901 0.004 0.005 0.008 0.008 0.005 0.024 0.007 0.005 0.006 
 41 QTo-W-0088   (11)    5 :  0.007 0.006 0.007 0.004 0.004 0.006 0.894 0.005 0.006 0.013 0.013 0.006 0.008 0.008 0.006 0.008 
 42 QTo-W-0089   (11)    5 :  0.007 0.008 0.006 0.004 0.005 0.006 0.896 0.010 0.008 0.009 0.004 0.009 0.008 0.009 0.005 0.007 
 43 QTo-W-0090    (0)    5 :  0.026 0.008 0.015 0.004 0.006 0.009 0.755 0.029 0.039 0.012 0.007 0.013 0.007 0.035 0.026 0.010 
 44 QTo-W-0093   (11)    5 :  0.060 0.006 0.088 0.014 0.040 0.027 0.236 0.005 0.073 0.029 0.040 0.029 0.212 0.107 0.021 0.013 
 45 QTo-W-0098    (0)    5 :  0.008 0.006 0.009 0.006 0.013 0.006 0.008 0.005 0.009 0.023 0.012 0.008 0.863 0.009 0.010 0.006 
 46 QTo-W-0101   (11)    5 :  0.014 0.008 0.015 0.008 0.017 0.009 0.010 0.005 0.013 0.034 0.014 0.011 0.805 0.016 0.012 0.008 
 47 QTo-W-0114    (0)    5 :  0.006 0.008 0.008 0.005 0.005 0.005 0.011 0.004 0.006 0.013 0.004 0.005 0.904 0.008 0.004 0.005 
 48 QTo-W-0116   (11)    5 :  0.006 0.005 0.008 0.005 0.010 0.005 0.007 0.004 0.005 0.005 0.006 0.007 0.910 0.006 0.006 0.005 
 49 QTo-W-0117   (22)    5 :  0.009 0.006 0.012 0.005 0.011 0.006 0.008 0.005 0.008 0.007 0.007 0.008 0.888 0.008 0.007 0.006 
 50 QTo-W-0118    (0)    5 :  0.005 0.004 0.005 0.003 0.006 0.004 0.005 0.003 0.005 0.005 0.004 0.005 0.934 0.005 0.004 0.004 
 51 QTo-W-0121   (11)    5 :  0.011 0.004 0.010 0.004 0.010 0.007 0.040 0.005 0.011 0.010 0.006 0.008 0.826 0.023 0.020 0.006 
 52 QTo-W-0124   (11)    5 :  0.007 0.004 0.006 0.004 0.006 0.005 0.004 0.006 0.008 0.006 0.070 0.007 0.005 0.266 0.590 0.005 
 53 QTo-W-0128    (0)    5 :  0.007 0.003 0.006 0.004 0.004 0.004 0.005 0.006 0.007 0.005 0.041 0.009 0.004 0.276 0.615 0.004 
 54 QTo-W-0129    (0)    5 :  0.013 0.003 0.006 0.004 0.005 0.005 0.005 0.009 0.021 0.006 0.041 0.010 0.004 0.269 0.593 0.005 
 55 QTo-W-0131   (11)    5 :  0.235 0.030 0.024 0.004 0.011 0.027 0.038 0.081 0.317 0.052 0.046 0.022 0.007 0.048 0.023 0.034 
 56 QTo-W-0133   (11)    5 :  0.064 0.015 0.043 0.130 0.204 0.009 0.015 0.010 0.055 0.277 0.018 0.010 0.009 0.073 0.043 0.024 
 57 QTo-W-0137    (0)    5 :  0.103 0.009 0.172 0.007 0.017 0.020 0.033 0.006 0.140 0.037 0.006 0.015 0.079 0.319 0.018 0.019 
 58 QTo-W-0138    (0)    5 :  0.119 0.028 0.041 0.016 0.013 0.019 0.004 0.008 0.065 0.082 0.248 0.014 0.005 0.132 0.198 0.008 
 59 QTo-W-0139    (0)    5 :  0.008 0.883 0.006 0.035 0.005 0.005 0.004 0.005 0.008 0.005 0.005 0.006 0.004 0.007 0.012 0.004 
 60 QTo-W-0140   (22)    5 :  0.006 0.916 0.005 0.007 0.005 0.006 0.005 0.008 0.006 0.006 0.005 0.006 0.005 0.006 0.004 0.004 
 61 QTo-W-0142    (0)    5 :  0.004 0.934 0.004 0.007 0.005 0.004 0.004 0.005 0.005 0.005 0.003 0.005 0.004 0.005 0.003 0.003 
 62 QTo-W-0144    (0)    5 :  0.120 0.008 0.060 0.007 0.079 0.018 0.007 0.024 0.092 0.253 0.226 0.008 0.008 0.055 0.011 0.024 
 63 QTo-W-0149   (22)    5 :  0.009 0.800 0.006 0.004 0.007 0.006 0.008 0.005 0.012 0.014 0.005 0.005 0.007 0.007 0.005 0.099 
 64 QTo-W-0151   (11)    5 :  0.013 0.810 0.014 0.006 0.006 0.018 0.040 0.005 0.011 0.029 0.015 0.005 0.005 0.008 0.004 0.011 
 65 QTo-W-0153   (22)    5 :  0.005 0.918 0.005 0.004 0.006 0.004 0.007 0.004 0.005 0.009 0.005 0.004 0.006 0.006 0.004 0.006 
 66 QTo-W-0154    (0)    5 :  0.018 0.751 0.030 0.015 0.007 0.012 0.014 0.006 0.014 0.037 0.005 0.009 0.033 0.036 0.005 0.010 
 67 QTo-W-0159   (11)    5 :  0.085 0.010 0.197 0.033 0.015 0.011 0.007 0.006 0.074 0.160 0.016 0.012 0.028 0.330 0.007 0.009 
 68 QTo-W-0161   (11)    5 :  0.039 0.599 0.060 0.018 0.008 0.025 0.009 0.009 0.035 0.043 0.006 0.008 0.060 0.067 0.006 0.009 
 69 QTo-W-0162    (0)    5 :  0.200 0.015 0.101 0.011 0.043 0.084 0.022 0.022 0.208 0.027 0.005 0.017 0.176 0.059 0.004 0.008 
 70 QTo-W-0163   (11)    5 :  0.057 0.029 0.031 0.012 0.012 0.211 0.226 0.015 0.078 0.164 0.028 0.022 0.005 0.053 0.006 0.050 
 71 QTo-W-0167   (11)    5 :  0.080 0.007 0.121 0.103 0.020 0.026 0.019 0.043 0.070 0.019 0.012 0.009 0.264 0.096 0.100 0.011 
 72 QTo-W-0170    (0)    5 :  0.101 0.006 0.232 0.075 0.019 0.025 0.009 0.011 0.147 0.027 0.006 0.015 0.033 0.264 0.022 0.009 
 73 QTo-W-0171   (22)    5 :  0.136 0.011 0.098 0.007 0.073 0.031 0.013 0.045 0.160 0.043 0.073 0.019 0.013 0.230 0.029 0.017 
 74 QTo-W-0172   (22)    5 :  0.204 0.026 0.077 0.082 0.082 0.021 0.007 0.040 0.281 0.017 0.007 0.015 0.069 0.055 0.008 0.009 
 75 QTo-W-0173   (11)    5 :  0.090 0.011 0.221 0.042 0.007 0.012 0.010 0.006 0.087 0.061 0.008 0.009 0.014 0.396 0.014 0.011 
 76 QTo-W-0174    (0)    5 :  0.035 0.012 0.058 0.026 0.006 0.014 0.039 0.010 0.036 0.391 0.014 0.010 0.235 0.091 0.010 0.013 
 77 QTo-W-0175    (0)    5 :  0.227 0.012 0.051 0.005 0.013 0.013 0.015 0.011 0.160 0.247 0.102 0.008 0.007 0.093 0.021 0.015 
 78 QTo-W-0182   (22)    5 :  0.011 0.004 0.012 0.005 0.006 0.006 0.012 0.006 0.012 0.010 0.010 0.015 0.008 0.057 0.816 0.010 
 79 QTo-W-0184    (0)    5 :  0.107 0.009 0.081 0.042 0.010 0.230 0.040 0.059 0.095 0.129 0.012 0.056 0.039 0.061 0.013 0.016 
 80 QTo-W-0188    (0)    5 :  0.097 0.006 0.162 0.182 0.064 0.014 0.004 0.005 0.090 0.085 0.015 0.009 0.012 0.230 0.016 0.009 
 81 QTo-W-0192   (11)    5 :  0.009 0.007 0.008 0.006 0.005 0.006 0.009 0.005 0.013 0.862 0.012 0.005 0.008 0.014 0.023 0.008 
 82 QTo-W-0193    (0)    5 :  0.012 0.006 0.010 0.005 0.005 0.005 0.006 0.004 0.023 0.863 0.025 0.005 0.006 0.011 0.006 0.007 
 83 QTo-W-0194    (0)    5 :  0.008 0.005 0.008 0.005 0.004 0.004 0.006 0.004 0.008 0.885 0.021 0.004 0.006 0.012 0.014 0.005 
 84 QTo-W-0196   (11)    5 :  0.060 0.034 0.107 0.020 0.025 0.010 0.028 0.006 0.021 0.372 0.009 0.018 0.014 0.217 0.007 0.054 
 85 QTo-W-0197    (0)    5 :  0.059 0.019 0.104 0.015 0.020 0.009 0.109 0.005 0.020 0.328 0.007 0.015 0.011 0.229 0.012 0.037 
 86 QTo-W-0200   (11)    6 :  0.185 0.003 0.456 0.004 0.005 0.006 0.004 0.031 0.019 0.005 0.004 0.007 0.007 0.049 0.004 0.210 
 87 QTo-W-0201   (22)    6 :  0.185 0.003 0.452 0.005 0.006 0.007 0.004 0.031 0.013 0.005 0.004 0.007 0.006 0.053 0.005 0.215 
 88 QTo-W-0205    (0)    7 :  0.004 0.003 0.005 0.945 0.005 0.004 0.003 0.003 0.004 0.004 0.003 0.003 0.004 0.004 0.003 0.003 
 89 QTo-W-0208    (0)    7 :  0.108 0.008 0.030 0.146 0.016 0.153 0.030 0.012 0.184 0.022 0.055 0.088 0.011 0.045 0.071 0.021 
 90 QTo-W-0211    (0)    7 :  0.150 0.004 0.116 0.177 0.115 0.022 0.004 0.007 0.195 0.042 0.008 0.006 0.014 0.130 0.006 0.006 
 91 QTo-W-0212   (11)    7 :  0.005 0.003 0.004 0.937 0.004 0.004 0.003 0.004 0.004 0.005 0.005 0.004 0.004 0.005 0.005 0.003 
 92 QTo-W-0213    (0)    7 :  0.006 0.003 0.007 0.927 0.004 0.007 0.003 0.004 0.006 0.005 0.004 0.004 0.004 0.009 0.005 0.003 
 93 QTo-W-0216   (11)    8 :  0.016 0.006 0.009 0.006 0.007 0.011 0.007 0.006 0.030 0.018 0.008 0.044 0.006 0.009 0.010 0.809 
 94 QTo-W-0220    (0)    8 :  0.022 0.005 0.008 0.005 0.007 0.022 0.005 0.006 0.045 0.013 0.011 0.039 0.005 0.008 0.027 0.772 
 95 QTo-W-0224   (11)    8 :  0.129 0.028 0.199 0.007 0.050 0.030 0.009 0.059 0.129 0.013 0.030 0.219 0.015 0.027 0.038 0.021 
 96 QTo-W-0225   (11)    8 :  0.013 0.004 0.015 0.018 0.005 0.854 0.008 0.005 0.013 0.008 0.019 0.008 0.006 0.011 0.008 0.007 
 97 QTo-W-0227   (11)    8 :  0.122 0.012 0.057 0.007 0.042 0.050 0.017 0.095 0.120 0.030 0.007 0.165 0.008 0.047 0.013 0.209 
 98 QTo-W-0229    (0)    8 :  0.009 0.005 0.013 0.004 0.004 0.857 0.042 0.004 0.010 0.005 0.008 0.011 0.003 0.010 0.003 0.011 
 99 QTo-W-0231    (0)    8 :  0.238 0.005 0.004 0.029 0.005 0.020 0.007 0.112 0.489 0.004 0.006 0.011 0.003 0.044 0.010 0.013 
100 QTo-W-0238   (22)    8 :  0.123 0.021 0.252 0.036 0.010 0.092 0.009 0.018 0.092 0.020 0.008 0.020 0.024 0.253 0.008 0.014 
101 QTo-W-0240    (0)    8 :  0.146 0.011 0.095 0.024 0.009 0.037 0.006 0.339 0.133 0.017 0.008 0.012 0.017 0.124 0.010 0.013 
102 QTo-W-0242    (0)    8 :  0.036 0.183 0.024 0.016 0.029 0.098 0.009 0.026 0.042 0.020 0.003 0.008 0.458 0.031 0.004 0.013 
103 QTo-W-0244    (0)    9 :  0.044 0.008 0.108 0.009 0.016 0.022 0.008 0.650 0.021 0.008 0.003 0.041 0.039 0.012 0.004 0.008 
104 QTo-W-0245   (11)    9 :  0.090 0.027 0.056 0.010 0.017 0.422 0.011 0.181 0.079 0.010 0.006 0.027 0.011 0.032 0.012 0.009 
105 QTo-W-0251    (0)    9 :  0.049 0.008 0.017 0.011 0.047 0.010 0.300 0.006 0.059 0.068 0.004 0.013 0.088 0.037 0.004 0.280 
106 QTo-W-0253    (0)    9 :  0.018 0.005 0.016 0.007 0.006 0.823 0.016 0.005 0.023 0.007 0.004 0.020 0.022 0.012 0.006 0.012 
107 QTo-W-0256   (11)    9 :  0.078 0.006 0.017 0.006 0.007 0.389 0.093 0.037 0.085 0.011 0.070 0.039 0.007 0.097 0.047 0.012 
108 QTo-W-0258    (0)    9 :  0.075 0.015 0.015 0.004 0.006 0.243 0.170 0.019 0.118 0.008 0.035 0.231 0.004 0.039 0.009 0.008 
109 QTo-W-0259    (0)    9 :  0.023 0.076 0.007 0.009 0.012 0.742 0.016 0.012 0.042 0.011 0.005 0.003 0.023 0.010 0.004 0.005 
110 QTo-W-0260   (22)    9 :  0.084 0.021 0.011 0.024 0.021 0.654 0.005 0.020 0.091 0.018 0.005 0.004 0.010 0.020 0.005 0.006 
111 QTo-W-0274   (11)   10 :  0.020 0.005 0.012 0.004 0.006 0.031 0.012 0.006 0.023 0.008 0.006 0.834 0.006 0.008 0.007 0.013 
112 QTo-W-0275    (0)   10 :  0.093 0.030 0.014 0.009 0.109 0.008 0.005 0.079 0.112 0.074 0.265 0.027 0.007 0.045 0.026 0.098 
113 QTo-W-0278    (0)   10 :  0.081 0.028 0.040 0.083 0.122 0.027 0.044 0.039 0.078 0.252 0.009 0.105 0.008 0.039 0.009 0.037 
114 QTo-W-0283   (11)   10 :  0.061 0.008 0.012 0.128 0.008 0.018 0.014 0.538 0.064 0.026 0.035 0.019 0.006 0.024 0.031 0.008 
115 QTo-W-0284    (0)   10 :  0.082 0.009 0.010 0.142 0.011 0.015 0.010 0.447 0.133 0.020 0.021 0.023 0.007 0.020 0.018 0.031 
116 QTo-W-0287   (22)   10 :  0.006 0.005 0.009 0.004 0.005 0.005 0.011 0.010 0.008 0.005 0.007 0.896 0.005 0.007 0.009 0.008 
117 QTo-W-0289   (22)   10 :  0.008 0.005 0.012 0.005 0.007 0.006 0.009 0.005 0.007 0.006 0.008 0.893 0.007 0.007 0.008 0.007 
118 QTo-W-0293    (0)   10 :  0.264 0.024 0.032 0.005 0.127 0.036 0.004 0.014 0.217 0.010 0.016 0.051 0.006 0.097 0.091 0.007 
119 QTo-W-0295   (11)   10 :  0.026 0.030 0.017 0.020 0.012 0.025 0.008 0.035 0.028 0.093 0.651 0.008 0.005 0.024 0.008 0.009 
120 QTo-W-0296   (11)   11 :  0.009 0.033 0.008 0.004 0.861 0.005 0.007 0.005 0.010 0.011 0.010 0.006 0.010 0.009 0.008 0.006 
121 QTo-W-0298    (0)   11 :  0.007 0.032 0.006 0.004 0.882 0.004 0.005 0.004 0.007 0.009 0.007 0.007 0.009 0.007 0.005 0.005 
122 QTo-W-0300   (11)   11 :  0.143 0.005 0.034 0.005 0.012 0.007 0.026 0.097 0.225 0.020 0.014 0.173 0.014 0.086 0.063 0.074 
123 QTo-W-0302    (0)   12 :  0.040 0.014 0.027 0.610 0.007 0.032 0.045 0.009 0.047 0.021 0.006 0.010 0.011 0.029 0.013 0.080 
124 QTo-W-0305    (0)   13 :  0.014 0.006 0.028 0.005 0.017 0.006 0.007 0.010 0.018 0.007 0.006 0.821 0.006 0.009 0.008 0.032 
125 QTo-W-0308   (11)   13 :  0.021 0.006 0.040 0.006 0.025 0.007 0.007 0.006 0.026 0.010 0.007 0.763 0.008 0.013 0.010 0.044 
126 QTo-W-0309   (11)   13 :  0.074 0.005 0.244 0.155 0.018 0.012 0.004 0.006 0.039 0.149 0.090 0.024 0.016 0.115 0.037 0.010 
127 QTo-W-0311    (0)   14 :  0.136 0.006 0.201 0.031 0.006 0.058 0.004 0.055 0.101 0.011 0.019 0.007 0.007 0.327 0.021 0.010 
128 QTo-W-0312    (0)   15 :  0.007 0.003 0.007 0.005 0.894 0.006 0.006 0.005 0.007 0.004 0.003 0.005 0.036 0.005 0.004 0.004 
129 QTo-W-0315   (11)   15 :  0.007 0.003 0.008 0.005 0.922 0.005 0.004 0.005 0.006 0.004 0.004 0.005 0.007 0.006 0.004 0.005 
130 QTo-W-0318    (0)   16 :  0.148 0.007 0.566 0.030 0.013 0.010 0.004 0.008 0.013 0.020 0.014 0.108 0.022 0.014 0.006 0.015 
131 QTo-W-0322   (11)   16 :  0.168 0.005 0.597 0.016 0.008 0.013 0.005 0.008 0.013 0.011 0.009 0.088 0.021 0.012 0.007 0.021 
132 QTo-W-0326   (22)   16 :  0.105 0.006 0.413 0.028 0.010 0.020 0.007 0.011 0.037 0.041 0.027 0.049 0.045 0.099 0.080 0.020 
133 QTo-W-0327   (11)   16 :  0.094 0.007 0.416 0.031 0.008 0.073 0.022 0.009 0.042 0.070 0.043 0.040 0.017 0.077 0.035 0.016 
134 QTo-W-0328    (0)   17 :  0.009 0.056 0.006 0.003 0.004 0.004 0.007 0.005 0.008 0.006 0.004 0.007 0.004 0.008 0.004 0.865 
135 QTo-W-0329    (0)   17 :  0.005 0.005 0.006 0.003 0.004 0.004 0.006 0.004 0.005 0.006 0.004 0.006 0.004 0.006 0.004 0.928 
136 QTo-W-0330   (11)   17 :  0.008 0.006 0.009 0.003 0.004 0.005 0.010 0.005 0.008 0.008 0.006 0.008 0.005 0.007 0.006 0.901 


Estimated Allele Frequencies in each cluster
First column gives estimated ancestral frequencies


Locus 1 : 
4 alleles
0.7% missing data
 149   (0.836) 0.888 0.986 0.972 0.209 0.617 0.450 0.993 0.921 0.850 0.976 0.993 0.973 0.993 0.963 0.986 0.971 
 147   (0.066) 0.042 0.006 0.009 0.245 0.365 0.095 0.002 0.013 0.059 0.009 0.003 0.011 0.003 0.013 0.006 0.011 
 155   (0.060) 0.043 0.004 0.012 0.543 0.012 0.018 0.002 0.056 0.055 0.009 0.003 0.010 0.003 0.016 0.005 0.011 
 161   (0.038) 0.027 0.003 0.007 0.003 0.005 0.437 0.002 0.010 0.035 0.005 0.002 0.007 0.001 0.009 0.003 0.007 

Locus 2 : 
6 alleles
12.5% missing data
 179   (0.345) 0.311 0.893 0.251 0.029 0.073 0.368 0.966 0.067 0.348 0.808 0.065 0.418 0.246 0.426 0.038 0.859 
 176   (0.149) 0.134 0.056 0.095 0.929 0.033 0.071 0.006 0.057 0.157 0.041 0.155 0.059 0.012 0.120 0.663 0.030 
 173   (0.260) 0.259 0.027 0.116 0.020 0.067 0.271 0.016 0.771 0.258 0.102 0.749 0.125 0.015 0.370 0.274 0.057 
 164   (0.028) 0.019 0.003 0.006 0.002 0.004 0.011 0.001 0.005 0.025 0.005 0.022 0.008 0.001 0.007 0.005 0.006 
 182   (0.165) 0.236 0.016 0.507 0.016 0.815 0.074 0.008 0.086 0.163 0.027 0.007 0.285 0.722 0.062 0.016 0.037 
 170   (0.053) 0.042 0.005 0.024 0.005 0.008 0.204 0.003 0.014 0.049 0.017 0.002 0.106 0.003 0.015 0.005 0.011 

Locus 3 : 
17 alleles
0.0% missing data
 220   (0.169) 0.147 0.014 0.147 0.530 0.053 0.110 0.008 0.354 0.158 0.144 0.106 0.213 0.010 0.184 0.423 0.173 
 222   (0.187) 0.203 0.319 0.190 0.021 0.230 0.288 0.229 0.093 0.219 0.114 0.020 0.202 0.014 0.262 0.020 0.255 
 218   (0.163) 0.182 0.013 0.288 0.019 0.028 0.115 0.175 0.075 0.146 0.344 0.672 0.262 0.007 0.175 0.423 0.386 
 226   (0.066) 0.047 0.007 0.015 0.007 0.013 0.105 0.555 0.011 0.057 0.025 0.006 0.023 0.936 0.021 0.092 0.016 
 258   (0.063) 0.076 0.005 0.050 0.016 0.273 0.023 0.009 0.014 0.075 0.037 0.005 0.016 0.003 0.079 0.008 0.015 
 224   (0.060) 0.073 0.004 0.090 0.007 0.194 0.031 0.002 0.370 0.053 0.009 0.003 0.011 0.012 0.019 0.008 0.036 
 228   (0.058) 0.082 0.005 0.105 0.379 0.027 0.022 0.012 0.011 0.074 0.119 0.005 0.012 0.007 0.201 0.006 0.034 
 256   (0.021) 0.013 0.001 0.003 0.001 0.003 0.006 0.001 0.003 0.019 0.004 0.174 0.003 0.001 0.004 0.002 0.004 
 264   (0.018) 0.011 0.167 0.002 0.001 0.002 0.005 0.001 0.003 0.016 0.002 0.001 0.003 0.001 0.003 0.001 0.003 
 230   (0.032) 0.019 0.452 0.004 0.002 0.145 0.009 0.001 0.004 0.028 0.005 0.001 0.005 0.001 0.006 0.003 0.007 
 260   (0.032) 0.030 0.003 0.012 0.003 0.007 0.017 0.001 0.032 0.034 0.006 0.001 0.006 0.003 0.013 0.003 0.006 
 262   (0.019) 0.014 0.002 0.006 0.004 0.007 0.006 0.001 0.005 0.018 0.003 0.001 0.003 0.002 0.004 0.002 0.004 
 234   (0.018) 0.011 0.001 0.002 0.001 0.002 0.005 0.001 0.003 0.015 0.173 0.001 0.003 0.001 0.004 0.002 0.003 
 232   (0.024) 0.045 0.002 0.075 0.002 0.005 0.008 0.001 0.009 0.022 0.004 0.001 0.010 0.001 0.009 0.002 0.044 
 250   (0.020) 0.012 0.001 0.003 0.001 0.002 0.163 0.001 0.003 0.018 0.003 0.001 0.003 0.001 0.003 0.002 0.003 
 216   (0.023) 0.017 0.002 0.003 0.003 0.004 0.082 0.001 0.005 0.022 0.004 0.001 0.004 0.001 0.006 0.002 0.004 
 266   (0.027) 0.018 0.002 0.004 0.002 0.004 0.008 0.001 0.006 0.024 0.004 0.001 0.220 0.001 0.006 0.003 0.007 

Locus 4 : 
2 alleles
1.5% missing data
 137   (0.977) 0.986 0.998 0.997 0.998 0.997 0.993 0.999 0.997 0.979 0.997 0.999 0.993 0.999 0.996 0.998 0.884 
 139   (0.023) 0.014 0.002 0.003 0.002 0.003 0.007 0.001 0.003 0.021 0.003 0.001 0.007 0.001 0.004 0.002 0.116 

Locus 5 : 
17 alleles
11.8% missing data
 187   (0.273) 0.454 0.092 0.832 0.832 0.051 0.547 0.016 0.238 0.337 0.491 0.014 0.128 0.735 0.473 0.038 0.105 
 243   (0.044) 0.028 0.003 0.006 0.003 0.005 0.012 0.003 0.007 0.040 0.137 0.002 0.010 0.002 0.010 0.474 0.008 
 203   (0.079) 0.054 0.006 0.014 0.007 0.011 0.230 0.373 0.014 0.072 0.016 0.926 0.037 0.006 0.025 0.011 0.015 
 201   (0.111) 0.090 0.009 0.045 0.009 0.017 0.047 0.438 0.032 0.104 0.090 0.009 0.064 0.043 0.295 0.241 0.029 
 197   (0.069) 0.046 0.005 0.013 0.005 0.010 0.022 0.143 0.622 0.061 0.012 0.003 0.251 0.004 0.017 0.007 0.027 
 195   (0.067) 0.039 0.433 0.010 0.090 0.010 0.028 0.004 0.012 0.063 0.011 0.007 0.380 0.006 0.018 0.051 0.012 
 247   (0.023) 0.014 0.002 0.003 0.002 0.003 0.006 0.001 0.004 0.021 0.004 0.001 0.005 0.001 0.005 0.117 0.004 
 235   (0.032) 0.027 0.003 0.016 0.003 0.006 0.015 0.004 0.006 0.033 0.009 0.002 0.012 0.003 0.025 0.004 0.008 
 249   (0.029) 0.016 0.002 0.004 0.002 0.004 0.008 0.001 0.004 0.026 0.004 0.001 0.007 0.184 0.006 0.003 0.005 
 199   (0.052) 0.046 0.005 0.011 0.013 0.831 0.016 0.005 0.013 0.047 0.089 0.005 0.028 0.004 0.028 0.006 0.032 
 245   (0.033) 0.049 0.004 0.015 0.003 0.006 0.012 0.001 0.007 0.030 0.049 0.021 0.010 0.002 0.047 0.022 0.007 
 219   (0.044) 0.029 0.401 0.006 0.003 0.009 0.012 0.002 0.011 0.040 0.009 0.003 0.013 0.002 0.010 0.005 0.126 
 217   (0.035) 0.023 0.025 0.005 0.003 0.005 0.010 0.003 0.006 0.029 0.007 0.001 0.009 0.002 0.007 0.004 0.346 
 229   (0.025) 0.017 0.002 0.003 0.002 0.003 0.007 0.001 0.004 0.022 0.056 0.001 0.006 0.001 0.005 0.003 0.005 
 215   (0.032) 0.022 0.003 0.005 0.019 0.004 0.012 0.002 0.006 0.028 0.006 0.001 0.018 0.002 0.007 0.004 0.262 
 205   (0.023) 0.015 0.002 0.003 0.002 0.003 0.007 0.001 0.008 0.021 0.003 0.001 0.006 0.001 0.005 0.002 0.004 
 227   (0.029) 0.032 0.003 0.007 0.002 0.022 0.011 0.001 0.006 0.026 0.005 0.001 0.015 0.001 0.016 0.009 0.005 

Locus 6 : 
25 alleles
30.9% missing data
 214   (0.053) 0.043 0.007 0.023 0.006 0.016 0.020 0.004 0.029 0.048 0.012 0.116 0.024 0.003 0.015 0.253 0.080 
 222   (0.059) 0.061 0.007 0.055 0.007 0.015 0.023 0.028 0.140 0.076 0.015 0.083 0.015 0.004 0.212 0.475 0.017 
 206   (0.049) 0.053 0.007 0.045 0.020 0.040 0.025 0.007 0.015 0.056 0.290 0.370 0.012 0.006 0.068 0.007 0.019 
 218   (0.082) 0.106 0.076 0.222 0.084 0.035 0.036 0.011 0.024 0.077 0.287 0.368 0.048 0.005 0.060 0.020 0.027 
 216   (0.060) 0.051 0.054 0.053 0.030 0.018 0.329 0.419 0.016 0.059 0.021 0.003 0.023 0.006 0.025 0.008 0.027 
 208   (0.041) 0.031 0.005 0.014 0.005 0.010 0.049 0.211 0.125 0.037 0.014 0.002 0.011 0.003 0.013 0.005 0.012 
 238   (0.040) 0.029 0.005 0.014 0.004 0.112 0.014 0.155 0.010 0.038 0.010 0.002 0.009 0.542 0.021 0.005 0.017 
 204   (0.022) 0.015 0.002 0.005 0.002 0.004 0.007 0.002 0.391 0.020 0.004 0.001 0.004 0.001 0.005 0.002 0.005 
 234   (0.046) 0.046 0.006 0.050 0.131 0.016 0.079 0.007 0.011 0.053 0.022 0.003 0.011 0.003 0.067 0.006 0.014 
 242   (0.047) 0.086 0.005 0.141 0.005 0.010 0.072 0.005 0.016 0.047 0.014 0.002 0.010 0.003 0.057 0.005 0.048 
 210   (0.144) 0.156 0.306 0.144 0.661 0.611 0.069 0.053 0.081 0.143 0.193 0.011 0.527 0.400 0.186 0.043 0.059 
 246   (0.030) 0.027 0.005 0.011 0.004 0.008 0.011 0.004 0.012 0.029 0.017 0.011 0.007 0.002 0.016 0.004 0.013 
 258   (0.028) 0.027 0.003 0.043 0.004 0.010 0.011 0.028 0.007 0.042 0.009 0.002 0.007 0.002 0.066 0.004 0.009 
 240   (0.021) 0.014 0.003 0.005 0.002 0.005 0.007 0.036 0.008 0.019 0.005 0.001 0.006 0.001 0.008 0.004 0.006 
 256   (0.022) 0.016 0.002 0.004 0.002 0.005 0.007 0.002 0.005 0.019 0.004 0.004 0.004 0.001 0.061 0.081 0.005 
 254   (0.018) 0.014 0.002 0.004 0.002 0.005 0.006 0.002 0.005 0.016 0.004 0.002 0.004 0.001 0.028 0.034 0.005 
 236   (0.044) 0.044 0.484 0.015 0.005 0.022 0.086 0.003 0.018 0.042 0.013 0.005 0.012 0.003 0.027 0.015 0.012 
 248   (0.029) 0.065 0.003 0.112 0.003 0.013 0.010 0.002 0.012 0.027 0.016 0.003 0.006 0.002 0.015 0.003 0.044 
 252   (0.021) 0.020 0.003 0.007 0.002 0.006 0.007 0.002 0.005 0.020 0.020 0.003 0.005 0.001 0.010 0.003 0.006 
 224   (0.033) 0.022 0.004 0.009 0.007 0.009 0.081 0.003 0.008 0.031 0.008 0.002 0.015 0.002 0.011 0.007 0.081 
 230   (0.030) 0.020 0.003 0.005 0.003 0.008 0.010 0.004 0.011 0.028 0.007 0.001 0.006 0.002 0.008 0.003 0.267 
 228   (0.017) 0.011 0.002 0.004 0.002 0.004 0.020 0.006 0.005 0.016 0.003 0.001 0.019 0.001 0.007 0.002 0.004 
 266   (0.015) 0.010 0.002 0.003 0.002 0.004 0.007 0.001 0.004 0.014 0.003 0.001 0.066 0.001 0.004 0.002 0.005 
 212   (0.029) 0.020 0.003 0.006 0.007 0.007 0.009 0.002 0.039 0.025 0.006 0.002 0.007 0.002 0.007 0.004 0.207 
 232   (0.020) 0.013 0.002 0.007 0.002 0.005 0.006 0.001 0.004 0.019 0.004 0.001 0.142 0.001 0.004 0.002 0.009 

Locus 7 : 
7 alleles
1.5% missing data
 108   (0.652) 0.668 0.974 0.689 0.967 0.939 0.582 0.426 0.446 0.681 0.932 0.982 0.174 0.977 0.903 0.813 0.293 
 116   (0.033) 0.024 0.002 0.006 0.003 0.008 0.010 0.001 0.005 0.030 0.005 0.002 0.009 0.001 0.010 0.158 0.006 
 110   (0.140) 0.107 0.011 0.041 0.018 0.027 0.255 0.566 0.182 0.130 0.039 0.008 0.659 0.015 0.041 0.014 0.045 
 114   (0.064) 0.076 0.005 0.082 0.004 0.011 0.018 0.003 0.343 0.058 0.010 0.004 0.016 0.002 0.020 0.006 0.267 
 112   (0.059) 0.092 0.004 0.176 0.004 0.008 0.017 0.002 0.013 0.053 0.008 0.003 0.133 0.002 0.016 0.005 0.379 
 104   (0.027) 0.016 0.002 0.004 0.002 0.003 0.112 0.001 0.004 0.024 0.003 0.001 0.004 0.001 0.005 0.002 0.005 
 118   (0.025) 0.016 0.002 0.003 0.002 0.003 0.007 0.001 0.007 0.023 0.003 0.001 0.004 0.001 0.005 0.002 0.004 

Locus 8 : 
5 alleles
2.2% missing data
 160   (0.165) 0.122 0.022 0.039 0.234 0.426 0.053 0.007 0.068 0.150 0.287 0.535 0.146 0.064 0.138 0.373 0.037 
 162   (0.624) 0.711 0.287 0.892 0.736 0.319 0.612 0.982 0.454 0.655 0.629 0.456 0.790 0.917 0.769 0.608 0.776 
 164   (0.093) 0.072 0.656 0.024 0.010 0.019 0.125 0.004 0.451 0.086 0.015 0.004 0.024 0.007 0.022 0.009 0.018 
 166   (0.023) 0.018 0.003 0.007 0.002 0.005 0.012 0.001 0.005 0.022 0.004 0.001 0.004 0.003 0.006 0.002 0.004 
 158   (0.094) 0.078 0.032 0.039 0.018 0.231 0.199 0.006 0.022 0.088 0.065 0.004 0.036 0.010 0.066 0.009 0.165 

Locus 9 : 
4 alleles
0.0% missing data
 229   (0.500) 0.447 0.775 0.247 0.193 0.296 0.396 0.936 0.580 0.498 0.875 0.502 0.124 0.619 0.435 0.286 0.495 
 226   (0.352) 0.418 0.027 0.618 0.054 0.671 0.364 0.056 0.085 0.360 0.088 0.485 0.839 0.373 0.505 0.700 0.474 
 223   (0.124) 0.118 0.197 0.128 0.743 0.023 0.233 0.007 0.332 0.119 0.032 0.012 0.033 0.008 0.052 0.011 0.027 
 232   (0.024) 0.017 0.002 0.007 0.009 0.011 0.007 0.001 0.004 0.023 0.005 0.001 0.004 0.001 0.008 0.002 0.004 

Values of parameters used in structure:
DATAFILE=C:\Users\eschumacher\Documents\GitHub\Ten_Oaks\Data_Files\QUTO_wild\project_data,	OUTFILE=C:\Users\eschumacher\Documents\GitHub\Ten_Oaks\Data_Files\QUTO_wild\50-50\Results\50-50_run_80,	NUMINDS=136,	NUMLOCI=9,	MISSING=-9,	LABEL=1,	POPDATA=1,	POPFLAG=0,	PHENOTYPE=0,	EXTRACOLS=0,	MAXPOPS=16,	BURNIN=50000,	NUMREPS=50000,	USEPOPINFO=0,	INFERALPHA=1,	INFERLAMBDA=0,	POPSPECIFICLAMBDA=0,	POPALPHAS=0,	COMPUTEPROB=1,	NOADMIX=0,	ADMBURNIN=2500,	UPDATEFREQ=1,	PRINTLIKES=0,	INTERMEDSAVE=0,	PRINTKLD=0,	PRINTNET=0,	PRINTLAMBDA=0,	ANCESTDIST=0,	NUMBOXES=1000,	ANCESTPINT=0.90000,	GENSBACK=2,	MIGRPRIOR=0.05000,	PRINTQHAT=0,	PRINTQSUM=0,	ALPHA=1.0000,	FREQSCORR=1,	FPRIORMEAN=0.0100,	FPRIORSD=0.0500,	ONEFST=0,	LAMBDA=1.0000,	UNIFPRIORALPHA=1,	ALPHAMAX=10.0000,	ALPHAPRIORA=1.0000,	ALPHAPRIORB=2.0000,	ALPHAPROPSD=0.0250,	STARTATPOPINFO=0,	RANDOMIZE=1,	LINKAGE=0,	METROFREQ=10,	REPORTHITRATE=0,	MARKOVPHASE=-1,	PHASED=0,	PLOIDY=2,	PHASEINFO=0	LOCPRIOR=0, 	LOCPRIORINIT=1.000000, 	LOCDATA=0, 	LOCISPOP=0, 	LOCPRIORSTEP=0.100000, 	MAXLOCPRIOR=20.000000, 	SEED=1689804663,	
[STRAT parameters]:    NUMSIMSTATS=1000,	PHENOTYPECOL=-9,	POOLFREQ=10,	LOCUSxONLY=0,	EMERROR=0.00100,	MISSINGPHENO=-9,	