

----------------------------------------------------
STRUCTURE by Pritchard, Stephens and Donnelly (2000)
     and Falush, Stephens and Pritchard (2003)
       Code by Pritchard, Falush and Hubisz
             Version 2.3.4 (Jul 2012)
----------------------------------------------------



Command line arguments:   bin\structure -m C:\Users\eschumacher\Documents\GitHub\Ten_Oaks\Data_Files\QUTO_wild\50-50\mainparams -e C:\Users\eschumacher\Documents\GitHub\Ten_Oaks\Data_Files\QUTO_wild\50-50\extraparams 
Input File:    C:\Users\eschumacher\Documents\GitHub\Ten_Oaks\Data_Files\QUTO_wild\project_data

Run parameters:
   136 individuals
   9 loci
   15 populations assumed
   50000 Burn-in period
   50000 Reps


--------------------------------------------
Proportion of membership of each pre-defined
 population in each of the 15 clusters

Given    Inferred Clusters                                                                                           Number of
 Pop       1      2      3      4      5      6      7      8      9     10     11     12     13     14     15      Individuals

  1:     0.488  0.028  0.022  0.018  0.021  0.015  0.019  0.013  0.029  0.011  0.012  0.019  0.019  0.036  0.249        1
  2:     0.009  0.005  0.011  0.006  0.006  0.462  0.006  0.006  0.004  0.005  0.448  0.009  0.009  0.008  0.006        4
  3:     0.019  0.004  0.017  0.014  0.015  0.012  0.009  0.006  0.008  0.012  0.009  0.805  0.018  0.020  0.032        4
  4:     0.044  0.008  0.007  0.009  0.009  0.008  0.011  0.553  0.008  0.004  0.006  0.040  0.009  0.033  0.249        5
  5:     0.089  0.031  0.131  0.014  0.023  0.105  0.019  0.014  0.104  0.018  0.146  0.139  0.028  0.041  0.098       71
  6:     0.006  0.005  0.008  0.201  0.012  0.005  0.161  0.055  0.003  0.006  0.004  0.004  0.137  0.352  0.040        2
  7:     0.026  0.647  0.008  0.007  0.026  0.014  0.048  0.008  0.004  0.035  0.019  0.010  0.042  0.037  0.070        5
  8:     0.024  0.016  0.056  0.138  0.095  0.014  0.211  0.078  0.030  0.019  0.011  0.013  0.109  0.115  0.071       10
  9:     0.023  0.011  0.028  0.047  0.051  0.015  0.431  0.122  0.024  0.017  0.016  0.078  0.062  0.054  0.019        8
 10:     0.073  0.049  0.007  0.028  0.199  0.031  0.019  0.140  0.016  0.052  0.117  0.013  0.182  0.058  0.017        9
 11:     0.016  0.005  0.011  0.027  0.065  0.041  0.008  0.056  0.024  0.588  0.011  0.014  0.069  0.054  0.011        3
 12:     0.019  0.644  0.012  0.060  0.042  0.012  0.030  0.011  0.014  0.006  0.006  0.044  0.033  0.034  0.034        1
 13:     0.051  0.054  0.011  0.020  0.390  0.016  0.009  0.007  0.006  0.035  0.039  0.006  0.247  0.065  0.043        3
 14:     0.013  0.030  0.007  0.007  0.036  0.025  0.083  0.059  0.006  0.007  0.018  0.004  0.030  0.213  0.460        1
 15:     0.004  0.005  0.023  0.004  0.005  0.004  0.006  0.005  0.003  0.912  0.004  0.005  0.006  0.006  0.006        2
 16:     0.038  0.025  0.026  0.017  0.310  0.030  0.024  0.009  0.006  0.010  0.022  0.009  0.144  0.277  0.052        4
 17:     0.007  0.003  0.004  0.910  0.007  0.005  0.005  0.005  0.019  0.004  0.005  0.007  0.007  0.007  0.007        3
--------------------------------------------

Allele-freq. divergence among pops (Net nucleotide distance),
computed using point estimates of P.

      1       2       3       4       5       6       7       8       9      10      11      12      13      14      15      
 1      -    0.2100  0.1440  0.0916  0.0972  0.1371  0.0878  0.1377  0.1077  0.1761  0.1350  0.1109  0.0761  0.0534  0.0380  
 2   0.2100     -    0.2627  0.3063  0.2087  0.2278  0.1729  0.2489  0.3050  0.2591  0.3193  0.3675  0.1985  0.1670  0.1731  
 3   0.1440  0.2627     -    0.2171  0.1362  0.2288  0.1618  0.2378  0.2471  0.1894  0.2769  0.1869  0.1387  0.1050  0.1161  
 4   0.0916  0.3063  0.2171     -    0.0865  0.1665  0.1081  0.1635  0.1654  0.2242  0.2143  0.1204  0.0640  0.0735  0.0983  
 5   0.0972  0.2087  0.1362  0.0865     -    0.1073  0.0674  0.1299  0.1917  0.1286  0.1690  0.1587  0.0059  0.0238  0.0769  
 6   0.1371  0.2278  0.2288  0.1665  0.1073     -    0.1402  0.1583  0.2509  0.1886  0.1232  0.2424  0.0928  0.0906  0.1369  
 7   0.0878  0.1729  0.1618  0.1081  0.0674  0.1402     -    0.1103  0.1641  0.1621  0.1636  0.1394  0.0503  0.0408  0.0695  
 8   0.1377  0.2489  0.2378  0.1635  0.1299  0.1583  0.1103     -    0.1917  0.2241  0.1836  0.2077  0.1021  0.0973  0.1520  
 9   0.1077  0.3050  0.2471  0.1654  0.1917  0.2509  0.1641  0.1917     -    0.2415  0.2653  0.1855  0.1584  0.1537  0.1341  
10   0.1761  0.2591  0.1894  0.2242  0.1286  0.1886  0.1621  0.2241  0.2415     -    0.2309  0.3078  0.1239  0.1218  0.1756  
11   0.1350  0.3193  0.2769  0.2143  0.1690  0.1232  0.1636  0.1836  0.2653  0.2309     -    0.2508  0.1496  0.1372  0.1823  
12   0.1109  0.3675  0.1869  0.1204  0.1587  0.2424  0.1394  0.2077  0.1855  0.3078  0.2508     -    0.1280  0.1434  0.1326  
13   0.0761  0.1985  0.1387  0.0640  0.0059  0.0928  0.0503  0.1021  0.1584  0.1239  0.1496  0.1280     -    0.0185  0.0646  
14   0.0534  0.1670  0.1050  0.0735  0.0238  0.0906  0.0408  0.0973  0.1537  0.1218  0.1372  0.1434  0.0185     -    0.0312  
15   0.0380  0.1731  0.1161  0.0983  0.0769  0.1369  0.0695  0.1520  0.1341  0.1756  0.1823  0.1326  0.0646  0.0312     -    

Average distances (expected heterozygosity) between individuals in same cluster:
cluster  1  : 0.4362 
cluster  2  : 0.3518 
cluster  3  : 0.2476 
cluster  4  : 0.4861 
cluster  5  : 0.5155 
cluster  6  : 0.4204 
cluster  7  : 0.6181 
cluster  8  : 0.5048 
cluster  9  : 0.3439 
cluster 10  : 0.4333 
cluster 11  : 0.3194 
cluster 12  : 0.3067 
cluster 13  : 0.5757 
cluster 14  : 0.5493 
cluster 15  : 0.4043 

--------------------------------------------
Estimated Ln Prob of Data   = -2224.5
Mean value of ln likelihood = -1840.4
Variance of ln likelihood   = 768.1
Mean value of alpha         = 0.0359

Mean value of Fst_1         = 0.2957
Mean value of Fst_2         = 0.5183
Mean value of Fst_3         = 0.5828
Mean value of Fst_4         = 0.3282
Mean value of Fst_5         = 0.3196
Mean value of Fst_6         = 0.3976
Mean value of Fst_7         = 0.1711
Mean value of Fst_8         = 0.3211
Mean value of Fst_9         = 0.4936
Mean value of Fst_10         = 0.3997
Mean value of Fst_11         = 0.4905
Mean value of Fst_12         = 0.4885
Mean value of Fst_13         = 0.2192
Mean value of Fst_14         = 0.2163
Mean value of Fst_15         = 0.3103


Inferred ancestry of individuals:
        Label (%Miss) Pop:  Inferred clusters
  1 QTo-W-0007   (11)    1 :  0.488 0.028 0.022 0.018 0.021 0.015 0.019 0.013 0.029 0.011 0.012 0.019 0.019 0.036 0.249 
  2 QTo-W-0009    (0)    2 :  0.007 0.004 0.031 0.004 0.005 0.887 0.005 0.004 0.004 0.004 0.008 0.020 0.006 0.005 0.006 
  3 QTo-W-0010    (0)    2 :  0.013 0.007 0.005 0.009 0.010 0.033 0.010 0.011 0.004 0.006 0.844 0.005 0.019 0.016 0.007 
  4 QTo-W-0011    (0)    2 :  0.007 0.007 0.005 0.004 0.004 0.922 0.004 0.005 0.004 0.005 0.011 0.005 0.005 0.005 0.006 
  5 QTo-W-0012   (22)    2 :  0.007 0.003 0.004 0.006 0.006 0.006 0.004 0.005 0.004 0.004 0.930 0.005 0.005 0.005 0.005 
  6 QTo-W-0020   (22)    3 :  0.005 0.003 0.007 0.004 0.004 0.004 0.005 0.005 0.004 0.003 0.006 0.938 0.004 0.004 0.004 
  7 QTo-W-0021   (22)    3 :  0.015 0.005 0.016 0.012 0.008 0.006 0.008 0.006 0.014 0.006 0.006 0.861 0.008 0.009 0.019 
  8 QTo-W-0023   (22)    3 :  0.013 0.004 0.034 0.013 0.007 0.007 0.007 0.005 0.008 0.005 0.007 0.868 0.008 0.007 0.008 
  9 QTo-W-0024   (11)    3 :  0.045 0.005 0.010 0.028 0.040 0.031 0.015 0.007 0.006 0.036 0.014 0.553 0.052 0.059 0.098 
 10 QTo-W-0033    (0)    4 :  0.006 0.005 0.004 0.005 0.006 0.015 0.006 0.900 0.005 0.004 0.007 0.013 0.007 0.009 0.008 
 11 QTo-W-0035   (11)    4 :  0.006 0.006 0.005 0.005 0.006 0.006 0.006 0.918 0.006 0.004 0.006 0.005 0.006 0.007 0.006 
 12 QTo-W-0036    (0)    4 :  0.004 0.005 0.004 0.004 0.004 0.004 0.004 0.938 0.005 0.004 0.005 0.004 0.004 0.005 0.004 
 13 QTo-W-0039   (11)    4 :  0.143 0.011 0.014 0.017 0.011 0.008 0.009 0.005 0.016 0.005 0.006 0.118 0.012 0.056 0.569 
 14 QTo-W-0041    (0)    4 :  0.059 0.013 0.009 0.015 0.016 0.007 0.031 0.006 0.010 0.004 0.004 0.061 0.016 0.087 0.660 
 15 QTo-W-0044    (0)    5 :  0.006 0.071 0.058 0.004 0.098 0.572 0.009 0.005 0.038 0.008 0.005 0.013 0.089 0.011 0.012 
 16 QTo-W-0047    (0)    5 :  0.008 0.008 0.005 0.005 0.006 0.898 0.005 0.005 0.004 0.005 0.025 0.005 0.008 0.007 0.007 
 17 QTo-W-0048   (11)    5 :  0.012 0.009 0.007 0.006 0.006 0.901 0.005 0.005 0.005 0.005 0.013 0.006 0.006 0.006 0.007 
 18 QTo-W-0049    (0)    5 :  0.008 0.006 0.005 0.006 0.007 0.029 0.005 0.008 0.004 0.005 0.892 0.005 0.007 0.007 0.005 
 19 QTo-W-0050   (22)    5 :  0.019 0.006 0.480 0.014 0.022 0.029 0.028 0.131 0.007 0.065 0.033 0.026 0.039 0.075 0.025 
 20 QTo-W-0052    (0)    5 :  0.019 0.769 0.005 0.005 0.029 0.008 0.007 0.007 0.079 0.015 0.014 0.005 0.021 0.011 0.007 
 21 QTo-W-0054    (0)    5 :  0.007 0.003 0.005 0.004 0.004 0.006 0.004 0.004 0.004 0.004 0.936 0.005 0.005 0.005 0.005 
 22 QTo-W-0056    (0)    5 :  0.006 0.006 0.003 0.004 0.004 0.021 0.004 0.004 0.004 0.005 0.923 0.003 0.004 0.005 0.004 
 23 QTo-W-0057    (0)    5 :  0.006 0.009 0.004 0.005 0.008 0.123 0.005 0.007 0.003 0.005 0.799 0.004 0.007 0.007 0.008 
 24 QTo-W-0058    (0)    5 :  0.006 0.003 0.005 0.004 0.005 0.006 0.004 0.004 0.003 0.004 0.937 0.005 0.004 0.005 0.005 
 25 QTo-W-0059    (0)    5 :  0.020 0.042 0.100 0.005 0.042 0.045 0.010 0.006 0.040 0.012 0.576 0.027 0.048 0.013 0.012 
 26 QTo-W-0060    (0)    5 :  0.007 0.005 0.005 0.005 0.005 0.048 0.004 0.006 0.004 0.004 0.881 0.005 0.005 0.006 0.008 
 27 QTo-W-0061    (0)    5 :  0.103 0.012 0.008 0.039 0.019 0.006 0.014 0.006 0.014 0.007 0.480 0.043 0.032 0.061 0.156 
 28 QTo-W-0062   (11)    5 :  0.007 0.004 0.006 0.005 0.006 0.007 0.005 0.006 0.004 0.005 0.922 0.006 0.005 0.006 0.006 
 29 QTo-W-0065   (11)    5 :  0.041 0.004 0.012 0.033 0.013 0.007 0.010 0.005 0.027 0.006 0.732 0.054 0.013 0.014 0.028 
 30 QTo-W-0067    (0)    5 :  0.029 0.008 0.009 0.014 0.009 0.027 0.008 0.007 0.014 0.004 0.778 0.037 0.010 0.015 0.033 
 31 QTo-W-0071    (0)    5 :  0.022 0.005 0.010 0.009 0.032 0.010 0.010 0.006 0.009 0.012 0.006 0.018 0.012 0.121 0.718 
 32 QTo-W-0072    (0)    5 :  0.023 0.010 0.647 0.009 0.018 0.004 0.013 0.008 0.010 0.005 0.004 0.203 0.017 0.009 0.022 
 33 QTo-W-0075    (0)    5 :  0.018 0.011 0.066 0.006 0.009 0.006 0.006 0.004 0.015 0.011 0.004 0.803 0.009 0.011 0.020 
 34 QTo-W-0076   (11)    5 :  0.010 0.004 0.016 0.014 0.025 0.011 0.012 0.010 0.007 0.010 0.008 0.811 0.026 0.015 0.022 
 35 QTo-W-0077   (11)    5 :  0.142 0.005 0.055 0.014 0.008 0.318 0.015 0.014 0.010 0.006 0.024 0.318 0.016 0.021 0.035 
 36 QTo-W-0079    (0)    5 :  0.004 0.003 0.005 0.004 0.004 0.003 0.005 0.003 0.004 0.003 0.005 0.947 0.004 0.004 0.004 
 37 QTo-W-0080   (11)    5 :  0.091 0.012 0.008 0.022 0.056 0.008 0.090 0.012 0.011 0.008 0.139 0.193 0.088 0.107 0.155 
 38 QTo-W-0081   (11)    5 :  0.017 0.004 0.006 0.013 0.012 0.007 0.007 0.012 0.010 0.005 0.007 0.863 0.011 0.010 0.015 
 39 QTo-W-0082    (0)    5 :  0.007 0.004 0.010 0.011 0.018 0.007 0.017 0.005 0.006 0.009 0.014 0.766 0.015 0.027 0.084 
 40 QTo-W-0087    (0)    5 :  0.008 0.003 0.017 0.006 0.005 0.005 0.005 0.004 0.005 0.004 0.008 0.915 0.005 0.005 0.006 
 41 QTo-W-0088   (11)    5 :  0.012 0.004 0.008 0.008 0.006 0.007 0.005 0.005 0.006 0.004 0.013 0.901 0.006 0.007 0.008 
 42 QTo-W-0089   (11)    5 :  0.008 0.003 0.008 0.007 0.008 0.005 0.006 0.011 0.008 0.005 0.004 0.900 0.009 0.006 0.011 
 43 QTo-W-0090    (0)    5 :  0.013 0.004 0.008 0.010 0.012 0.024 0.010 0.029 0.010 0.006 0.007 0.789 0.020 0.023 0.035 
 44 QTo-W-0093   (11)    5 :  0.024 0.016 0.231 0.015 0.053 0.020 0.029 0.005 0.006 0.038 0.043 0.247 0.048 0.068 0.158 
 45 QTo-W-0098    (0)    5 :  0.019 0.008 0.870 0.006 0.009 0.010 0.006 0.005 0.006 0.014 0.013 0.008 0.008 0.008 0.011 
 46 QTo-W-0101   (11)    5 :  0.035 0.009 0.814 0.007 0.013 0.014 0.008 0.006 0.009 0.016 0.017 0.010 0.011 0.013 0.018 
 47 QTo-W-0114    (0)    5 :  0.012 0.005 0.906 0.006 0.005 0.004 0.005 0.004 0.008 0.005 0.004 0.012 0.005 0.007 0.012 
 48 QTo-W-0116   (11)    5 :  0.005 0.005 0.920 0.004 0.008 0.006 0.005 0.004 0.005 0.008 0.006 0.006 0.006 0.007 0.006 
 49 QTo-W-0117   (22)    5 :  0.007 0.005 0.898 0.006 0.010 0.008 0.006 0.006 0.006 0.011 0.007 0.009 0.007 0.007 0.008 
 50 QTo-W-0118    (0)    5 :  0.004 0.004 0.939 0.004 0.006 0.004 0.004 0.003 0.004 0.006 0.004 0.005 0.004 0.005 0.005 
 51 QTo-W-0121   (11)    5 :  0.008 0.004 0.839 0.006 0.010 0.025 0.007 0.006 0.005 0.008 0.005 0.040 0.010 0.013 0.015 
 52 QTo-W-0124   (11)    5 :  0.008 0.005 0.005 0.005 0.007 0.865 0.005 0.008 0.004 0.006 0.055 0.004 0.009 0.007 0.006 
 53 QTo-W-0128    (0)    5 :  0.006 0.004 0.004 0.004 0.006 0.906 0.005 0.006 0.003 0.004 0.032 0.005 0.005 0.006 0.005 
 54 QTo-W-0129    (0)    5 :  0.008 0.004 0.004 0.006 0.008 0.879 0.007 0.008 0.004 0.006 0.035 0.006 0.010 0.009 0.007 
 55 QTo-W-0131   (11)    5 :  0.120 0.004 0.006 0.031 0.047 0.024 0.040 0.120 0.031 0.015 0.047 0.043 0.222 0.202 0.048 
 56 QTo-W-0133   (11)    5 :  0.316 0.143 0.011 0.024 0.017 0.038 0.008 0.012 0.015 0.188 0.023 0.017 0.021 0.059 0.108 
 57 QTo-W-0137    (0)    5 :  0.023 0.007 0.077 0.025 0.030 0.015 0.018 0.006 0.006 0.014 0.006 0.033 0.036 0.124 0.581 
 58 QTo-W-0138    (0)    5 :  0.160 0.013 0.005 0.007 0.034 0.269 0.020 0.011 0.028 0.019 0.245 0.003 0.076 0.096 0.013 
 59 QTo-W-0139    (0)    5 :  0.005 0.041 0.004 0.004 0.005 0.010 0.005 0.006 0.883 0.005 0.006 0.004 0.006 0.005 0.009 
 60 QTo-W-0140   (22)    5 :  0.006 0.007 0.005 0.004 0.006 0.005 0.006 0.008 0.921 0.005 0.005 0.005 0.005 0.006 0.006 
 61 QTo-W-0142    (0)    5 :  0.005 0.007 0.004 0.004 0.005 0.003 0.004 0.005 0.936 0.005 0.003 0.004 0.005 0.004 0.005 
 62 QTo-W-0144    (0)    5 :  0.288 0.007 0.009 0.033 0.015 0.014 0.036 0.034 0.009 0.077 0.245 0.009 0.061 0.099 0.063 
 63 QTo-W-0149   (22)    5 :  0.013 0.004 0.006 0.117 0.006 0.005 0.006 0.006 0.793 0.007 0.006 0.009 0.007 0.007 0.009 
 64 QTo-W-0151   (11)    5 :  0.036 0.007 0.005 0.009 0.017 0.004 0.017 0.005 0.813 0.006 0.015 0.037 0.009 0.011 0.010 
 65 QTo-W-0153   (22)    5 :  0.009 0.004 0.006 0.008 0.004 0.005 0.004 0.005 0.920 0.005 0.005 0.008 0.005 0.005 0.007 
 66 QTo-W-0154    (0)    5 :  0.031 0.014 0.039 0.011 0.014 0.005 0.011 0.007 0.744 0.006 0.005 0.012 0.011 0.019 0.072 
 67 QTo-W-0159   (11)    5 :  0.129 0.046 0.034 0.012 0.032 0.008 0.012 0.006 0.010 0.018 0.017 0.008 0.021 0.071 0.577 
 68 QTo-W-0161   (11)    5 :  0.041 0.021 0.054 0.010 0.028 0.006 0.032 0.011 0.602 0.008 0.006 0.010 0.013 0.036 0.122 
 69 QTo-W-0162    (0)    5 :  0.042 0.016 0.201 0.011 0.134 0.005 0.113 0.027 0.020 0.054 0.005 0.023 0.119 0.144 0.088 
 70 QTo-W-0163   (11)    5 :  0.153 0.015 0.006 0.052 0.033 0.006 0.185 0.016 0.041 0.014 0.028 0.243 0.067 0.055 0.085 
 71 QTo-W-0167   (11)    5 :  0.020 0.138 0.315 0.015 0.025 0.069 0.052 0.046 0.007 0.021 0.013 0.020 0.042 0.086 0.133 
 72 QTo-W-0170    (0)    5 :  0.017 0.077 0.033 0.008 0.109 0.017 0.025 0.011 0.006 0.017 0.007 0.010 0.036 0.128 0.497 
 73 QTo-W-0171   (22)    5 :  0.079 0.007 0.014 0.018 0.043 0.042 0.037 0.044 0.011 0.089 0.081 0.015 0.069 0.166 0.285 
 74 QTo-W-0172   (22)    5 :  0.049 0.118 0.078 0.011 0.087 0.009 0.035 0.071 0.033 0.121 0.008 0.007 0.152 0.154 0.068 
 75 QTo-W-0173   (11)    5 :  0.026 0.036 0.015 0.013 0.021 0.013 0.013 0.006 0.010 0.007 0.009 0.009 0.015 0.099 0.709 
 76 QTo-W-0174    (0)    5 :  0.368 0.033 0.253 0.012 0.011 0.009 0.016 0.009 0.011 0.006 0.015 0.044 0.017 0.020 0.175 
 77 QTo-W-0175    (0)    5 :  0.373 0.004 0.007 0.012 0.037 0.021 0.008 0.014 0.011 0.021 0.068 0.013 0.155 0.209 0.046 
 78 QTo-W-0182   (22)    5 :  0.007 0.005 0.007 0.008 0.011 0.893 0.007 0.006 0.004 0.006 0.011 0.008 0.010 0.009 0.008 
 79 QTo-W-0184    (0)    5 :  0.184 0.046 0.038 0.015 0.127 0.012 0.192 0.059 0.012 0.008 0.012 0.039 0.096 0.067 0.093 
 80 QTo-W-0188    (0)    5 :  0.083 0.219 0.012 0.008 0.021 0.012 0.013 0.005 0.007 0.084 0.015 0.005 0.025 0.059 0.432 
 81 QTo-W-0192   (11)    5 :  0.784 0.006 0.009 0.009 0.007 0.025 0.006 0.005 0.007 0.005 0.013 0.009 0.008 0.008 0.100 
 82 QTo-W-0193    (0)    5 :  0.793 0.005 0.007 0.007 0.007 0.005 0.006 0.004 0.007 0.005 0.026 0.006 0.008 0.014 0.099 
 83 QTo-W-0194    (0)    5 :  0.803 0.005 0.006 0.005 0.006 0.017 0.005 0.004 0.006 0.004 0.023 0.007 0.005 0.007 0.097 
 84 QTo-W-0196   (11)    5 :  0.305 0.025 0.018 0.073 0.015 0.007 0.011 0.005 0.039 0.024 0.011 0.034 0.019 0.075 0.338 
 85 QTo-W-0197    (0)    5 :  0.251 0.023 0.014 0.045 0.014 0.015 0.008 0.005 0.019 0.023 0.007 0.140 0.018 0.081 0.337 
 86 QTo-W-0200   (11)    6 :  0.006 0.005 0.008 0.204 0.012 0.005 0.157 0.055 0.003 0.006 0.004 0.004 0.137 0.353 0.040 
 87 QTo-W-0201   (22)    6 :  0.005 0.005 0.008 0.199 0.011 0.005 0.165 0.056 0.003 0.006 0.004 0.004 0.138 0.352 0.039 
 88 QTo-W-0205    (0)    7 :  0.004 0.947 0.004 0.003 0.004 0.004 0.004 0.003 0.003 0.006 0.003 0.003 0.004 0.004 0.005 
 89 QTo-W-0208    (0)    7 :  0.041 0.188 0.011 0.022 0.088 0.050 0.200 0.019 0.008 0.021 0.075 0.036 0.113 0.071 0.056 
 90 QTo-W-0211    (0)    7 :  0.074 0.227 0.016 0.006 0.027 0.004 0.025 0.008 0.004 0.140 0.008 0.004 0.085 0.101 0.270 
 91 QTo-W-0212   (11)    7 :  0.005 0.942 0.004 0.003 0.004 0.005 0.004 0.004 0.004 0.004 0.005 0.003 0.004 0.004 0.005 
 92 QTo-W-0213    (0)    7 :  0.005 0.930 0.004 0.003 0.004 0.004 0.007 0.004 0.003 0.005 0.004 0.003 0.004 0.005 0.015 
 93 QTo-W-0216   (11)    8 :  0.013 0.006 0.006 0.574 0.121 0.019 0.007 0.006 0.007 0.006 0.008 0.008 0.131 0.078 0.009 
 94 QTo-W-0220    (0)    8 :  0.012 0.005 0.004 0.552 0.122 0.028 0.015 0.006 0.006 0.005 0.011 0.006 0.138 0.080 0.010 
 95 QTo-W-0224   (11)    8 :  0.038 0.006 0.015 0.016 0.313 0.033 0.041 0.064 0.030 0.064 0.031 0.010 0.166 0.147 0.027 
 96 QTo-W-0225   (11)    8 :  0.009 0.017 0.006 0.007 0.013 0.008 0.854 0.005 0.004 0.005 0.021 0.011 0.012 0.015 0.015 
 97 QTo-W-0227   (11)    8 :  0.030 0.006 0.008 0.171 0.140 0.013 0.077 0.103 0.013 0.043 0.009 0.017 0.197 0.129 0.046 
 98 QTo-W-0229    (0)    8 :  0.008 0.004 0.003 0.011 0.009 0.003 0.860 0.004 0.005 0.003 0.008 0.048 0.011 0.012 0.013 
 99 QTo-W-0231    (0)    8 :  0.061 0.037 0.003 0.011 0.023 0.011 0.058 0.203 0.005 0.007 0.005 0.007 0.287 0.275 0.005 
100 QTo-W-0238   (22)    8 :  0.017 0.035 0.021 0.013 0.133 0.008 0.066 0.018 0.018 0.011 0.008 0.009 0.043 0.216 0.384 
101 QTo-W-0240    (0)    8 :  0.033 0.025 0.022 0.015 0.055 0.012 0.053 0.340 0.011 0.011 0.010 0.006 0.088 0.165 0.153 
102 QTo-W-0242    (0)    8 :  0.020 0.018 0.471 0.012 0.018 0.004 0.079 0.028 0.204 0.033 0.004 0.011 0.019 0.029 0.050 
103 QTo-W-0244    (0)    9 :  0.012 0.009 0.045 0.008 0.079 0.004 0.021 0.656 0.008 0.018 0.003 0.008 0.037 0.072 0.019 
104 QTo-W-0245   (11)    9 :  0.020 0.010 0.011 0.011 0.042 0.014 0.475 0.197 0.030 0.014 0.006 0.012 0.066 0.072 0.020 
105 QTo-W-0251    (0)    9 :  0.057 0.012 0.086 0.312 0.010 0.004 0.010 0.006 0.007 0.038 0.005 0.347 0.027 0.038 0.040 
106 QTo-W-0253    (0)    9 :  0.008 0.009 0.029 0.011 0.042 0.004 0.791 0.006 0.005 0.006 0.004 0.020 0.032 0.020 0.013 
107 QTo-W-0256   (11)    9 :  0.024 0.007 0.008 0.011 0.051 0.077 0.456 0.043 0.005 0.007 0.067 0.083 0.079 0.065 0.019 
108 QTo-W-0258    (0)    9 :  0.023 0.004 0.005 0.012 0.166 0.010 0.314 0.020 0.016 0.006 0.035 0.129 0.172 0.074 0.016 
109 QTo-W-0259    (0)    9 :  0.015 0.010 0.032 0.005 0.007 0.005 0.727 0.015 0.087 0.012 0.005 0.022 0.029 0.020 0.010 
110 QTo-W-0260   (22)    9 :  0.027 0.026 0.012 0.006 0.012 0.004 0.656 0.034 0.032 0.037 0.006 0.006 0.052 0.073 0.016 
111 QTo-W-0274   (11)   10 :  0.011 0.004 0.006 0.013 0.505 0.006 0.025 0.005 0.005 0.005 0.007 0.011 0.372 0.018 0.008 
112 QTo-W-0275    (0)   10 :  0.108 0.012 0.008 0.125 0.026 0.040 0.010 0.094 0.031 0.109 0.274 0.004 0.069 0.074 0.016 
113 QTo-W-0278    (0)   10 :  0.301 0.089 0.009 0.037 0.101 0.008 0.020 0.033 0.023 0.111 0.010 0.047 0.104 0.065 0.041 
114 QTo-W-0283   (11)   10 :  0.032 0.132 0.007 0.007 0.022 0.028 0.021 0.569 0.008 0.009 0.040 0.014 0.048 0.052 0.011 
115 QTo-W-0284    (0)   10 :  0.027 0.166 0.007 0.035 0.027 0.017 0.013 0.496 0.009 0.013 0.022 0.009 0.069 0.078 0.012 
116 QTo-W-0287   (22)   10 :  0.006 0.004 0.005 0.008 0.516 0.009 0.006 0.010 0.005 0.005 0.007 0.013 0.390 0.009 0.006 
117 QTo-W-0289   (22)   10 :  0.007 0.006 0.008 0.009 0.520 0.009 0.006 0.005 0.005 0.007 0.007 0.008 0.390 0.008 0.007 
118 QTo-W-0293    (0)   10 :  0.076 0.006 0.006 0.008 0.056 0.149 0.048 0.019 0.026 0.190 0.017 0.004 0.173 0.194 0.028 
119 QTo-W-0295   (11)   10 :  0.091 0.019 0.005 0.009 0.016 0.009 0.024 0.032 0.032 0.016 0.672 0.008 0.020 0.024 0.025 
120 QTo-W-0296   (11)   11 :  0.011 0.004 0.010 0.006 0.007 0.007 0.006 0.006 0.034 0.865 0.011 0.007 0.008 0.008 0.009 
121 QTo-W-0298    (0)   11 :  0.009 0.005 0.009 0.005 0.008 0.006 0.005 0.004 0.033 0.883 0.008 0.005 0.007 0.006 0.007 
122 QTo-W-0300   (11)   11 :  0.027 0.006 0.014 0.069 0.179 0.111 0.014 0.159 0.005 0.015 0.012 0.031 0.192 0.147 0.018 
123 QTo-W-0302    (0)   12 :  0.019 0.644 0.012 0.060 0.042 0.012 0.030 0.011 0.014 0.006 0.006 0.044 0.033 0.034 0.034 
124 QTo-W-0305    (0)   13 :  0.007 0.006 0.006 0.022 0.503 0.007 0.006 0.009 0.007 0.034 0.005 0.006 0.350 0.024 0.007 
125 QTo-W-0308   (11)   13 :  0.009 0.006 0.010 0.030 0.479 0.009 0.009 0.006 0.006 0.053 0.007 0.008 0.330 0.029 0.009 
126 QTo-W-0309   (11)   13 :  0.138 0.150 0.016 0.008 0.189 0.031 0.013 0.007 0.005 0.018 0.105 0.004 0.060 0.143 0.114 
127 QTo-W-0311    (0)   14 :  0.013 0.030 0.007 0.007 0.036 0.025 0.083 0.059 0.006 0.007 0.018 0.004 0.030 0.213 0.460 
128 QTo-W-0312    (0)   15 :  0.004 0.005 0.040 0.004 0.005 0.004 0.005 0.005 0.003 0.896 0.003 0.007 0.006 0.006 0.006 
129 QTo-W-0315   (11)   15 :  0.004 0.005 0.006 0.005 0.006 0.004 0.006 0.006 0.004 0.928 0.004 0.004 0.006 0.007 0.006 
130 QTo-W-0318    (0)   16 :  0.017 0.026 0.024 0.014 0.342 0.007 0.008 0.007 0.007 0.013 0.012 0.004 0.172 0.323 0.023 
131 QTo-W-0322   (11)   16 :  0.010 0.013 0.025 0.022 0.331 0.008 0.011 0.010 0.005 0.008 0.008 0.005 0.172 0.348 0.024 
132 QTo-W-0326   (22)   16 :  0.053 0.029 0.039 0.017 0.269 0.079 0.022 0.010 0.006 0.010 0.028 0.007 0.112 0.219 0.099 
133 QTo-W-0327   (11)   16 :  0.072 0.034 0.018 0.014 0.299 0.028 0.055 0.010 0.008 0.007 0.039 0.021 0.119 0.216 0.061 
134 QTo-W-0328    (0)   17 :  0.007 0.003 0.004 0.887 0.006 0.004 0.005 0.005 0.045 0.004 0.004 0.007 0.007 0.007 0.006 
135 QTo-W-0329    (0)   17 :  0.006 0.003 0.004 0.933 0.005 0.004 0.004 0.004 0.005 0.004 0.004 0.007 0.006 0.006 0.006 
136 QTo-W-0330   (11)   17 :  0.008 0.003 0.005 0.910 0.009 0.006 0.006 0.006 0.006 0.004 0.006 0.009 0.008 0.007 0.007 


Estimated Allele Frequencies in each cluster
First column gives estimated ancestral frequencies


Locus 1 : 
4 alleles
0.7% missing data
 149   (0.832) 0.962 0.236 0.993 0.971 0.966 0.987 0.479 0.905 0.985 0.627 0.993 0.993 0.916 0.916 0.973 
 147   (0.069) 0.014 0.234 0.003 0.011 0.012 0.005 0.092 0.019 0.007 0.353 0.003 0.003 0.033 0.033 0.008 
 155   (0.056) 0.014 0.527 0.003 0.010 0.013 0.004 0.019 0.063 0.004 0.013 0.002 0.002 0.031 0.031 0.014 
 161   (0.042) 0.009 0.004 0.002 0.007 0.010 0.004 0.410 0.013 0.004 0.007 0.002 0.002 0.021 0.020 0.005 

Locus 2 : 
6 alleles
12.5% missing data
 179   (0.360) 0.732 0.031 0.245 0.861 0.305 0.037 0.355 0.073 0.896 0.076 0.067 0.969 0.377 0.301 0.624 
 176   (0.145) 0.050 0.924 0.013 0.029 0.058 0.547 0.076 0.060 0.056 0.035 0.172 0.006 0.086 0.102 0.160 
 173   (0.259) 0.149 0.020 0.016 0.061 0.128 0.393 0.307 0.761 0.026 0.080 0.728 0.014 0.189 0.235 0.127 
 164   (0.032) 0.007 0.003 0.001 0.006 0.008 0.004 0.013 0.007 0.003 0.005 0.024 0.001 0.016 0.015 0.005 
 182   (0.151) 0.038 0.017 0.721 0.032 0.412 0.014 0.073 0.085 0.014 0.796 0.007 0.007 0.252 0.317 0.071 
 170   (0.053) 0.024 0.006 0.003 0.011 0.090 0.004 0.175 0.013 0.005 0.007 0.002 0.003 0.080 0.030 0.014 

Locus 3 : 
17 alleles
0.0% missing data
 220   (0.157) 0.162 0.523 0.009 0.132 0.243 0.436 0.106 0.343 0.013 0.051 0.111 0.007 0.197 0.145 0.066 
 222   (0.182) 0.113 0.021 0.013 0.286 0.196 0.018 0.279 0.091 0.323 0.234 0.022 0.222 0.172 0.194 0.375 
 218   (0.165) 0.332 0.021 0.007 0.383 0.296 0.438 0.106 0.083 0.013 0.028 0.666 0.178 0.246 0.224 0.081 
 226   (0.055) 0.022 0.007 0.931 0.013 0.018 0.065 0.089 0.010 0.006 0.010 0.005 0.554 0.031 0.021 0.014 
 258   (0.061) 0.059 0.020 0.003 0.014 0.024 0.010 0.023 0.015 0.005 0.283 0.004 0.009 0.039 0.062 0.104 
 224   (0.061) 0.012 0.010 0.015 0.039 0.013 0.007 0.055 0.355 0.004 0.184 0.003 0.003 0.049 0.085 0.014 
 228   (0.065) 0.096 0.373 0.008 0.045 0.031 0.006 0.024 0.013 0.006 0.028 0.006 0.016 0.035 0.093 0.289 
 256   (0.023) 0.005 0.002 0.001 0.004 0.004 0.002 0.006 0.003 0.001 0.003 0.173 0.001 0.009 0.010 0.003 
 264   (0.023) 0.005 0.002 0.001 0.004 0.004 0.002 0.006 0.003 0.166 0.003 0.001 0.001 0.008 0.007 0.002 
 230   (0.035) 0.008 0.002 0.001 0.007 0.006 0.003 0.010 0.005 0.448 0.136 0.001 0.001 0.012 0.013 0.004 
 260   (0.030) 0.009 0.003 0.004 0.006 0.015 0.003 0.020 0.035 0.002 0.007 0.001 0.001 0.023 0.028 0.011 
 262   (0.020) 0.005 0.006 0.002 0.004 0.007 0.002 0.007 0.007 0.002 0.010 0.001 0.001 0.012 0.011 0.004 
 234   (0.020) 0.151 0.001 0.001 0.004 0.003 0.002 0.005 0.003 0.001 0.003 0.002 0.001 0.005 0.009 0.015 
 232   (0.027) 0.006 0.002 0.001 0.043 0.010 0.002 0.029 0.014 0.002 0.006 0.001 0.001 0.038 0.062 0.007 
 250   (0.022) 0.004 0.002 0.001 0.004 0.003 0.002 0.149 0.003 0.002 0.003 0.001 0.001 0.008 0.009 0.002 
 216   (0.023) 0.006 0.003 0.001 0.004 0.004 0.002 0.077 0.006 0.003 0.008 0.001 0.001 0.009 0.014 0.003 
 266   (0.029) 0.005 0.002 0.001 0.007 0.123 0.003 0.008 0.008 0.002 0.004 0.001 0.001 0.107 0.015 0.003 

Locus 4 : 
2 alleles
1.5% missing data
 137   (0.973) 0.995 0.998 0.999 0.919 0.982 0.997 0.993 0.996 0.998 0.997 0.999 0.999 0.974 0.982 0.997 
 139   (0.027) 0.005 0.002 0.001 0.081 0.018 0.003 0.007 0.004 0.002 0.003 0.001 0.001 0.026 0.018 0.003 

Locus 5 : 
17 alleles
11.8% missing data
 187   (0.228) 0.445 0.808 0.735 0.093 0.393 0.027 0.532 0.231 0.090 0.050 0.012 0.013 0.276 0.546 0.721 
 243   (0.039) 0.117 0.003 0.002 0.007 0.008 0.418 0.011 0.007 0.003 0.005 0.002 0.003 0.016 0.017 0.014 
 203   (0.080) 0.022 0.008 0.006 0.015 0.036 0.009 0.221 0.015 0.006 0.012 0.927 0.366 0.050 0.038 0.018 
 201   (0.112) 0.067 0.010 0.046 0.031 0.060 0.334 0.052 0.045 0.009 0.018 0.008 0.443 0.079 0.089 0.120 
 197   (0.076) 0.014 0.006 0.004 0.027 0.141 0.007 0.026 0.595 0.006 0.013 0.003 0.143 0.143 0.042 0.010 
 195   (0.063) 0.017 0.104 0.008 0.011 0.198 0.032 0.029 0.012 0.439 0.011 0.007 0.004 0.185 0.028 0.009 
 247   (0.021) 0.005 0.002 0.001 0.004 0.005 0.102 0.006 0.004 0.002 0.003 0.002 0.001 0.009 0.007 0.003 
 235   (0.036) 0.013 0.003 0.003 0.009 0.013 0.004 0.016 0.007 0.003 0.006 0.003 0.005 0.017 0.021 0.042 
 249   (0.033) 0.007 0.003 0.179 0.005 0.007 0.003 0.009 0.006 0.002 0.004 0.001 0.001 0.014 0.013 0.004 
 199   (0.065) 0.107 0.016 0.004 0.047 0.026 0.007 0.020 0.017 0.006 0.809 0.007 0.007 0.039 0.039 0.018 
 245   (0.050) 0.087 0.004 0.003 0.009 0.018 0.025 0.016 0.011 0.005 0.012 0.017 0.002 0.033 0.039 0.009 
 219   (0.043) 0.012 0.003 0.002 0.152 0.011 0.004 0.012 0.012 0.397 0.009 0.003 0.002 0.019 0.021 0.006 
 217   (0.028) 0.006 0.002 0.002 0.392 0.006 0.003 0.008 0.005 0.021 0.004 0.001 0.002 0.015 0.011 0.004 
 229   (0.032) 0.052 0.002 0.002 0.006 0.007 0.003 0.009 0.006 0.002 0.004 0.002 0.002 0.014 0.012 0.008 
 215   (0.036) 0.008 0.021 0.002 0.182 0.049 0.006 0.012 0.007 0.003 0.005 0.002 0.002 0.053 0.037 0.005 
 205   (0.026) 0.006 0.003 0.001 0.004 0.006 0.002 0.009 0.014 0.002 0.004 0.001 0.001 0.016 0.014 0.003 
 227   (0.033) 0.014 0.002 0.002 0.006 0.015 0.014 0.013 0.007 0.004 0.030 0.002 0.001 0.025 0.023 0.006 

Locus 6 : 
25 alleles
30.9% missing data
 214   (0.058) 0.020 0.006 0.003 0.062 0.044 0.213 0.024 0.040 0.007 0.018 0.118 0.005 0.054 0.048 0.012 
 222   (0.082) 0.020 0.010 0.006 0.023 0.030 0.480 0.032 0.139 0.009 0.020 0.095 0.035 0.043 0.076 0.154 
 206   (0.058) 0.263 0.030 0.007 0.022 0.019 0.008 0.027 0.017 0.008 0.052 0.363 0.008 0.036 0.036 0.118 
 218   (0.075) 0.279 0.080 0.005 0.024 0.179 0.016 0.032 0.021 0.072 0.033 0.365 0.012 0.082 0.134 0.050 
 216   (0.067) 0.027 0.034 0.008 0.026 0.070 0.008 0.297 0.018 0.058 0.019 0.004 0.403 0.050 0.057 0.021 
 208   (0.045) 0.018 0.006 0.003 0.011 0.019 0.005 0.047 0.125 0.005 0.011 0.002 0.204 0.024 0.024 0.012 
 238   (0.039) 0.011 0.004 0.529 0.017 0.009 0.004 0.013 0.009 0.005 0.102 0.002 0.167 0.017 0.023 0.027 
 204   (0.022) 0.006 0.002 0.001 0.005 0.006 0.002 0.007 0.364 0.002 0.005 0.001 0.002 0.008 0.011 0.004 
 234   (0.047) 0.019 0.129 0.003 0.013 0.021 0.005 0.074 0.012 0.005 0.018 0.003 0.009 0.024 0.040 0.124 
 242   (0.034) 0.011 0.004 0.002 0.040 0.011 0.004 0.087 0.016 0.004 0.008 0.002 0.004 0.043 0.108 0.081 
 210   (0.134) 0.173 0.648 0.411 0.062 0.348 0.030 0.064 0.079 0.306 0.592 0.011 0.051 0.303 0.148 0.203 
 246   (0.033) 0.024 0.004 0.002 0.016 0.012 0.004 0.013 0.015 0.005 0.010 0.011 0.006 0.023 0.021 0.021 
 258   (0.025) 0.007 0.004 0.002 0.008 0.017 0.003 0.010 0.006 0.003 0.008 0.001 0.028 0.013 0.032 0.107 
 240   (0.018) 0.005 0.002 0.001 0.006 0.005 0.003 0.007 0.008 0.003 0.005 0.001 0.040 0.009 0.010 0.006 
 256   (0.020) 0.005 0.002 0.001 0.005 0.004 0.120 0.006 0.004 0.002 0.004 0.002 0.002 0.007 0.010 0.003 
 254   (0.010) 0.003 0.001 0.001 0.003 0.003 0.051 0.004 0.003 0.001 0.003 0.001 0.001 0.005 0.006 0.002 
 236   (0.038) 0.024 0.004 0.003 0.010 0.015 0.020 0.084 0.020 0.483 0.027 0.004 0.003 0.026 0.028 0.011 
 248   (0.021) 0.017 0.002 0.001 0.044 0.006 0.003 0.029 0.015 0.002 0.011 0.003 0.002 0.039 0.088 0.012 
 252   (0.018) 0.028 0.002 0.001 0.005 0.006 0.002 0.006 0.005 0.002 0.006 0.002 0.001 0.008 0.017 0.005 
 224   (0.031) 0.009 0.008 0.002 0.060 0.024 0.005 0.078 0.008 0.003 0.009 0.002 0.003 0.032 0.021 0.008 
 230   (0.036) 0.011 0.004 0.002 0.295 0.008 0.004 0.014 0.018 0.004 0.009 0.002 0.005 0.021 0.022 0.006 
 228   (0.021) 0.006 0.002 0.001 0.006 0.016 0.002 0.024 0.006 0.003 0.005 0.001 0.005 0.016 0.011 0.004 
 266   (0.017) 0.004 0.002 0.001 0.005 0.040 0.002 0.007 0.004 0.002 0.004 0.001 0.001 0.039 0.007 0.003 
 212   (0.031) 0.009 0.008 0.002 0.224 0.008 0.003 0.010 0.042 0.003 0.007 0.002 0.002 0.013 0.015 0.005 
 232   (0.019) 0.004 0.002 0.001 0.006 0.082 0.002 0.006 0.004 0.002 0.012 0.001 0.001 0.066 0.007 0.003 

Locus 7 : 
7 alleles
1.5% missing data
 108   (0.631) 0.899 0.964 0.976 0.265 0.438 0.825 0.550 0.437 0.973 0.926 0.981 0.435 0.423 0.651 0.940 
 116   (0.036) 0.009 0.003 0.001 0.006 0.009 0.145 0.012 0.006 0.003 0.012 0.002 0.001 0.019 0.018 0.004 
 110   (0.141) 0.052 0.019 0.015 0.045 0.384 0.012 0.253 0.193 0.011 0.030 0.008 0.556 0.353 0.087 0.027 
 114   (0.072) 0.016 0.005 0.003 0.304 0.019 0.007 0.038 0.329 0.005 0.013 0.005 0.003 0.050 0.087 0.012 
 112   (0.068) 0.013 0.005 0.003 0.370 0.141 0.007 0.034 0.019 0.004 0.012 0.003 0.003 0.131 0.134 0.011 
 104   (0.027) 0.005 0.002 0.001 0.005 0.004 0.002 0.105 0.004 0.002 0.003 0.001 0.001 0.010 0.010 0.003 
 118   (0.024) 0.006 0.002 0.001 0.004 0.005 0.002 0.009 0.012 0.002 0.003 0.001 0.001 0.014 0.013 0.003 

Locus 8 : 
5 alleles
2.2% missing data
 160   (0.160) 0.281 0.230 0.063 0.035 0.111 0.386 0.053 0.074 0.022 0.413 0.534 0.007 0.122 0.082 0.045 
 162   (0.626) 0.628 0.734 0.916 0.814 0.796 0.595 0.630 0.454 0.273 0.324 0.457 0.981 0.729 0.772 0.856 
 164   (0.090) 0.024 0.011 0.007 0.017 0.033 0.008 0.122 0.441 0.663 0.023 0.004 0.004 0.056 0.055 0.014 
 166   (0.024) 0.006 0.002 0.004 0.005 0.010 0.002 0.013 0.005 0.004 0.007 0.001 0.001 0.013 0.013 0.006 
 158   (0.100) 0.062 0.023 0.011 0.129 0.050 0.009 0.182 0.025 0.038 0.234 0.004 0.008 0.080 0.078 0.079 

Locus 9 : 
4 alleles
0.0% missing data
 229   (0.486) 0.826 0.221 0.616 0.504 0.183 0.247 0.380 0.582 0.773 0.293 0.502 0.935 0.279 0.360 0.568 
 226   (0.353) 0.121 0.062 0.374 0.463 0.723 0.740 0.398 0.097 0.026 0.669 0.484 0.056 0.624 0.497 0.361 
 223   (0.136) 0.045 0.705 0.008 0.028 0.089 0.011 0.214 0.317 0.200 0.026 0.013 0.008 0.087 0.132 0.058 
 232   (0.024) 0.008 0.013 0.001 0.004 0.005 0.002 0.008 0.004 0.002 0.013 0.001 0.001 0.011 0.011 0.012 

Values of parameters used in structure:
DATAFILE=C:\Users\eschumacher\Documents\GitHub\Ten_Oaks\Data_Files\QUTO_wild\project_data,	OUTFILE=C:\Users\eschumacher\Documents\GitHub\Ten_Oaks\Data_Files\QUTO_wild\50-50\Results\50-50_run_75,	NUMINDS=136,	NUMLOCI=9,	MISSING=-9,	LABEL=1,	POPDATA=1,	POPFLAG=0,	PHENOTYPE=0,	EXTRACOLS=0,	MAXPOPS=15,	BURNIN=50000,	NUMREPS=50000,	USEPOPINFO=0,	INFERALPHA=1,	INFERLAMBDA=0,	POPSPECIFICLAMBDA=0,	POPALPHAS=0,	COMPUTEPROB=1,	NOADMIX=0,	ADMBURNIN=2500,	UPDATEFREQ=1,	PRINTLIKES=0,	INTERMEDSAVE=0,	PRINTKLD=0,	PRINTNET=0,	PRINTLAMBDA=0,	ANCESTDIST=0,	NUMBOXES=1000,	ANCESTPINT=0.90000,	GENSBACK=2,	MIGRPRIOR=0.05000,	PRINTQHAT=0,	PRINTQSUM=0,	ALPHA=1.0000,	FREQSCORR=1,	FPRIORMEAN=0.0100,	FPRIORSD=0.0500,	ONEFST=0,	LAMBDA=1.0000,	UNIFPRIORALPHA=1,	ALPHAMAX=10.0000,	ALPHAPRIORA=1.0000,	ALPHAPRIORB=2.0000,	ALPHAPROPSD=0.0250,	STARTATPOPINFO=0,	RANDOMIZE=1,	LINKAGE=0,	METROFREQ=10,	REPORTHITRATE=0,	MARKOVPHASE=-1,	PHASED=0,	PLOIDY=2,	PHASEINFO=0	LOCPRIOR=0, 	LOCPRIORINIT=1.000000, 	LOCDATA=0, 	LOCISPOP=0, 	LOCPRIORSTEP=0.100000, 	MAXLOCPRIOR=20.000000, 	SEED=1689804292,	
[STRAT parameters]:    NUMSIMSTATS=1000,	PHENOTYPECOL=-9,	POOLFREQ=10,	LOCUSxONLY=0,	EMERROR=0.00100,	MISSINGPHENO=-9,	