

----------------------------------------------------
STRUCTURE by Pritchard, Stephens and Donnelly (2000)
     and Falush, Stephens and Pritchard (2003)
       Code by Pritchard, Falush and Hubisz
             Version 2.3.4 (Jul 2012)
----------------------------------------------------



Command line arguments:   bin\structure -m C:\Users\eschumacher\Documents\GitHub\Ten_Oaks\Data_Files\QUTO_wild\50-50\mainparams -e C:\Users\eschumacher\Documents\GitHub\Ten_Oaks\Data_Files\QUTO_wild\50-50\extraparams 
Input File:    C:\Users\eschumacher\Documents\GitHub\Ten_Oaks\Data_Files\QUTO_wild\project_data

Run parameters:
   136 individuals
   9 loci
   19 populations assumed
   50000 Burn-in period
   50000 Reps


--------------------------------------------
Proportion of membership of each pre-defined
 population in each of the 19 clusters

Given    Inferred Clusters                                                                                                                       Number of
 Pop       1      2      3      4      5      6      7      8      9     10     11     12     13     14     15     16     17     18     19      Individuals

  1:     0.068  0.104  0.041  0.012  0.010  0.019  0.010  0.322  0.016  0.017  0.019  0.081  0.023  0.017  0.112  0.016  0.077  0.022  0.011        1
  2:     0.008  0.006  0.010  0.430  0.005  0.006  0.004  0.008  0.006  0.011  0.008  0.005  0.004  0.005  0.009  0.460  0.005  0.004  0.005        4
  3:     0.027  0.034  0.014  0.008  0.005  0.007  0.011  0.014  0.737  0.022  0.019  0.011  0.004  0.016  0.027  0.007  0.015  0.007  0.017        4
  4:     0.061  0.149  0.020  0.005  0.539  0.010  0.004  0.018  0.027  0.012  0.007  0.028  0.007  0.007  0.050  0.007  0.037  0.007  0.005        5
  5:     0.043  0.060  0.038  0.136  0.010  0.018  0.015  0.058  0.128  0.060  0.123  0.029  0.024  0.011  0.049  0.061  0.061  0.063  0.014       71
  6:     0.007  0.081  0.007  0.004  0.022  0.671  0.005  0.004  0.004  0.005  0.005  0.005  0.004  0.144  0.014  0.004  0.004  0.003  0.006        2
  7:     0.037  0.054  0.059  0.015  0.005  0.010  0.030  0.019  0.010  0.006  0.007  0.037  0.613  0.005  0.037  0.022  0.012  0.005  0.019        5
  8:     0.179  0.055  0.096  0.010  0.048  0.060  0.016  0.059  0.011  0.013  0.053  0.159  0.015  0.028  0.093  0.011  0.022  0.035  0.039       10
  9:     0.025  0.033  0.066  0.014  0.108  0.035  0.017  0.101  0.073  0.038  0.025  0.276  0.009  0.042  0.045  0.006  0.023  0.021  0.044        8
 10:     0.023  0.033  0.065  0.112  0.119  0.013  0.040  0.042  0.011  0.034  0.006  0.018  0.045  0.023  0.056  0.015  0.021  0.016  0.308        9
 11:     0.015  0.017  0.050  0.010  0.027  0.022  0.566  0.012  0.011  0.079  0.011  0.006  0.004  0.031  0.022  0.008  0.031  0.011  0.067        3
 12:     0.139  0.032  0.031  0.007  0.009  0.014  0.006  0.019  0.028  0.007  0.011  0.020  0.560  0.012  0.050  0.016  0.025  0.009  0.007        1
 13:     0.032  0.027  0.023  0.032  0.008  0.117  0.030  0.043  0.006  0.037  0.010  0.019  0.047  0.021  0.036  0.013  0.012  0.008  0.477        3
 14:     0.085  0.235  0.056  0.015  0.047  0.122  0.005  0.020  0.004  0.083  0.006  0.094  0.032  0.008  0.118  0.008  0.049  0.007  0.006        1
 15:     0.006  0.006  0.005  0.004  0.005  0.008  0.892  0.004  0.005  0.004  0.023  0.007  0.005  0.004  0.006  0.004  0.004  0.003  0.005        2
 16:     0.024  0.025  0.024  0.021  0.008  0.565  0.009  0.042  0.008  0.060  0.025  0.027  0.025  0.013  0.032  0.028  0.011  0.006  0.045        4
 17:     0.007  0.006  0.005  0.005  0.004  0.006  0.004  0.005  0.006  0.004  0.004  0.005  0.003  0.884  0.005  0.004  0.029  0.008  0.006        3
--------------------------------------------

Allele-freq. divergence among pops (Net nucleotide distance),
computed using point estimates of P.

      1       2       3       4       5       6       7       8       9      10      11      12      13      14      15      16      17      18      19      
 1      -    0.0205  0.0221  0.1624  0.1498  0.1113  0.1579  0.0303  0.1136  0.1432  0.1470  0.0502  0.2206  0.0948  0.0105  0.1327  0.0794  0.1358  0.1090  
 2   0.0205     -    0.0135  0.1611  0.1437  0.0843  0.1565  0.0228  0.1107  0.1376  0.1149  0.0367  0.1883  0.1005  0.0060  0.1335  0.0691  0.1403  0.1143  
 3   0.0221  0.0135     -    0.1250  0.1020  0.0752  0.1281  0.0246  0.1097  0.1094  0.1213  0.0236  0.1821  0.0907  0.0047  0.1034  0.0805  0.1312  0.0847  
 4   0.1624  0.1611  0.1250     -    0.2106  0.2192  0.2476  0.1358  0.2625  0.1369  0.2890  0.1612  0.3557  0.2559  0.1325  0.1812  0.2337  0.2897  0.2382  
 5   0.1498  0.1437  0.1020  0.2106     -    0.2008  0.2617  0.1510  0.2332  0.1847  0.2695  0.1401  0.2972  0.2154  0.1209  0.2252  0.2175  0.2134  0.1944  
 6   0.1113  0.0843  0.0752  0.2192  0.2008     -    0.1725  0.1158  0.2520  0.1729  0.1287  0.0966  0.2368  0.1578  0.0855  0.1802  0.1985  0.2802  0.1155  
 7   0.1579  0.1565  0.1281  0.2476  0.2617  0.1725     -    0.1787  0.3234  0.2197  0.1979  0.1668  0.2844  0.2707  0.1389  0.2266  0.2415  0.2528  0.1848  
 8   0.0303  0.0228  0.0246  0.1358  0.1510  0.1158  0.1787     -    0.1090  0.1666  0.1429  0.0357  0.2167  0.1130  0.0165  0.1460  0.0689  0.1428  0.1460  
 9   0.1136  0.1107  0.1097  0.2625  0.2332  0.2520  0.3234  0.1090     -    0.2819  0.1941  0.1231  0.4016  0.1397  0.1064  0.2611  0.1286  0.2374  0.1755  
10   0.1432  0.1376  0.1094  0.1369  0.1847  0.1729  0.2197  0.1666  0.2819     -    0.2678  0.1610  0.3290  0.2399  0.1186  0.1497  0.2439  0.3002  0.1791  
11   0.1470  0.1149  0.1213  0.2890  0.2695  0.1287  0.1979  0.1429  0.1941  0.2678     -    0.1519  0.2891  0.2493  0.1225  0.2412  0.1894  0.2795  0.2168  
12   0.0502  0.0367  0.0236  0.1612  0.1401  0.0966  0.1668  0.0357  0.1231  0.1610  0.1519     -    0.1844  0.1225  0.0313  0.1582  0.1087  0.1606  0.1167  
13   0.2206  0.1883  0.1821  0.3557  0.2972  0.2368  0.2844  0.2167  0.4016  0.3290  0.2891  0.1844     -    0.3692  0.1922  0.2338  0.3043  0.3098  0.3073  
14   0.0948  0.1005  0.0907  0.2559  0.2154  0.1578  0.2707  0.1130  0.1397  0.2399  0.2493  0.1225  0.3692     -    0.0924  0.2180  0.1415  0.2318  0.1334  
15   0.0105  0.0060  0.0047  0.1325  0.1209  0.0855  0.1389  0.0165  0.1064  0.1186  0.1225  0.0313  0.1922  0.0924     -    0.1150  0.0685  0.1290  0.0984  
16   0.1327  0.1335  0.1034  0.1812  0.2252  0.1802  0.2266  0.1460  0.2611  0.1497  0.2412  0.1582  0.2338  0.2180  0.1150     -    0.2191  0.2642  0.1837  
17   0.0794  0.0691  0.0805  0.2337  0.2175  0.1985  0.2415  0.0689  0.1286  0.2439  0.1894  0.1087  0.3043  0.1415  0.0685  0.2191     -    0.1525  0.2096  
18   0.1358  0.1403  0.1312  0.2897  0.2134  0.2802  0.2528  0.1428  0.2374  0.3002  0.2795  0.1606  0.3098  0.2318  0.1290  0.2642  0.1525     -    0.2297  
19   0.1090  0.1143  0.0847  0.2382  0.1944  0.1155  0.1848  0.1460  0.1755  0.1791  0.2168  0.1167  0.3073  0.1334  0.0984  0.1837  0.2096  0.2297     -    

Average distances (expected heterozygosity) between individuals in same cluster:
cluster  1  : 0.5265 
cluster  2  : 0.4843 
cluster  3  : 0.6033 
cluster  4  : 0.3062 
cluster  5  : 0.4627 
cluster  6  : 0.4072 
cluster  7  : 0.4215 
cluster  8  : 0.4951 
cluster  9  : 0.3025 
cluster 10  : 0.3361 
cluster 11  : 0.2386 
cluster 12  : 0.5994 
cluster 13  : 0.3180 
cluster 14  : 0.4173 
cluster 15  : 0.5461 
cluster 16  : 0.3852 
cluster 17  : 0.3329 
cluster 18  : 0.3444 
cluster 19  : 0.4569 

--------------------------------------------
Estimated Ln Prob of Data   = -2245.5
Mean value of ln likelihood = -1782.4
Variance of ln likelihood   = 926.1
Mean value of alpha         = 0.0352

Mean value of Fst_1         = 0.2790
Mean value of Fst_2         = 0.2859
Mean value of Fst_3         = 0.0384
Mean value of Fst_4         = 0.5100
Mean value of Fst_5         = 0.4011
Mean value of Fst_6         = 0.3977
Mean value of Fst_7         = 0.4139
Mean value of Fst_8         = 0.2968
Mean value of Fst_9         = 0.4924
Mean value of Fst_10         = 0.4747
Mean value of Fst_11         = 0.5971
Mean value of Fst_12         = 0.2276
Mean value of Fst_13         = 0.5668
Mean value of Fst_14         = 0.4341
Mean value of Fst_15         = 0.2141
Mean value of Fst_16         = 0.4602
Mean value of Fst_17         = 0.5520
Mean value of Fst_18         = 0.5431
Mean value of Fst_19         = 0.3458


Inferred ancestry of individuals:
        Label (%Miss) Pop:  Inferred clusters
  1 QTo-W-0007   (11)    1 :  0.068 0.104 0.041 0.012 0.010 0.019 0.010 0.322 0.016 0.017 0.019 0.081 0.023 0.017 0.112 0.016 0.077 0.022 0.011 
  2 QTo-W-0009    (0)    2 :  0.005 0.005 0.006 0.007 0.004 0.004 0.004 0.006 0.012 0.007 0.018 0.004 0.003 0.004 0.005 0.895 0.004 0.003 0.004 
  3 QTo-W-0010    (0)    2 :  0.019 0.011 0.026 0.790 0.008 0.009 0.005 0.012 0.005 0.019 0.005 0.009 0.006 0.006 0.019 0.032 0.008 0.004 0.008 
  4 QTo-W-0011    (0)    2 :  0.005 0.005 0.005 0.009 0.004 0.005 0.004 0.006 0.004 0.008 0.004 0.004 0.005 0.004 0.005 0.909 0.005 0.004 0.004 
  5 QTo-W-0012   (22)    2 :  0.004 0.005 0.005 0.913 0.004 0.005 0.004 0.007 0.005 0.008 0.004 0.004 0.003 0.005 0.005 0.005 0.005 0.003 0.005 
  6 QTo-W-0020   (22)    3 :  0.004 0.004 0.004 0.007 0.004 0.004 0.003 0.005 0.924 0.003 0.006 0.005 0.003 0.004 0.004 0.004 0.004 0.003 0.005 
  7 QTo-W-0021   (22)    3 :  0.012 0.019 0.009 0.006 0.005 0.006 0.006 0.012 0.821 0.005 0.014 0.010 0.004 0.014 0.012 0.006 0.019 0.012 0.008 
  8 QTo-W-0023   (22)    3 :  0.011 0.009 0.010 0.008 0.005 0.007 0.005 0.014 0.803 0.006 0.048 0.010 0.004 0.021 0.011 0.007 0.010 0.005 0.007 
  9 QTo-W-0024   (11)    3 :  0.080 0.102 0.033 0.011 0.006 0.013 0.029 0.024 0.400 0.075 0.008 0.018 0.004 0.026 0.082 0.011 0.025 0.006 0.048 
 10 QTo-W-0033    (0)    4 :  0.006 0.008 0.010 0.006 0.863 0.005 0.004 0.005 0.013 0.023 0.004 0.006 0.005 0.004 0.008 0.014 0.006 0.005 0.004 
 11 QTo-W-0035   (11)    4 :  0.005 0.006 0.005 0.006 0.900 0.006 0.004 0.006 0.005 0.008 0.005 0.005 0.006 0.005 0.006 0.005 0.006 0.006 0.005 
 12 QTo-W-0036    (0)    4 :  0.004 0.005 0.005 0.005 0.921 0.005 0.003 0.004 0.004 0.005 0.004 0.004 0.004 0.004 0.005 0.004 0.005 0.005 0.004 
 13 QTo-W-0039   (11)    4 :  0.150 0.351 0.040 0.006 0.006 0.009 0.005 0.043 0.072 0.012 0.013 0.048 0.009 0.012 0.113 0.005 0.089 0.011 0.006 
 14 QTo-W-0041    (0)    4 :  0.137 0.376 0.042 0.004 0.005 0.023 0.005 0.032 0.043 0.012 0.008 0.076 0.012 0.011 0.119 0.005 0.078 0.008 0.005 
 15 QTo-W-0044    (0)    5 :  0.007 0.008 0.011 0.006 0.004 0.007 0.007 0.005 0.009 0.014 0.031 0.005 0.024 0.004 0.011 0.643 0.005 0.086 0.113 
 16 QTo-W-0047    (0)    5 :  0.008 0.006 0.007 0.012 0.004 0.005 0.005 0.007 0.004 0.010 0.004 0.004 0.006 0.005 0.008 0.892 0.005 0.004 0.005 
 17 QTo-W-0048   (11)    5 :  0.006 0.007 0.006 0.013 0.005 0.006 0.005 0.010 0.005 0.009 0.005 0.006 0.007 0.005 0.007 0.882 0.006 0.005 0.005 
 18 QTo-W-0049    (0)    5 :  0.009 0.006 0.007 0.859 0.008 0.006 0.005 0.007 0.004 0.021 0.004 0.005 0.006 0.004 0.008 0.025 0.005 0.004 0.005 
 19 QTo-W-0050   (22)    5 :  0.017 0.037 0.042 0.025 0.128 0.073 0.060 0.014 0.020 0.038 0.430 0.016 0.006 0.013 0.028 0.017 0.017 0.007 0.012 
 20 QTo-W-0052    (0)    5 :  0.008 0.012 0.014 0.014 0.006 0.011 0.014 0.021 0.004 0.006 0.005 0.009 0.670 0.004 0.023 0.019 0.010 0.119 0.030 
 21 QTo-W-0054    (0)    5 :  0.004 0.004 0.004 0.920 0.004 0.005 0.004 0.006 0.004 0.008 0.004 0.004 0.003 0.004 0.005 0.005 0.004 0.003 0.004 
 22 QTo-W-0056    (0)    5 :  0.005 0.005 0.005 0.893 0.004 0.004 0.004 0.005 0.003 0.007 0.003 0.004 0.006 0.004 0.006 0.031 0.004 0.004 0.004 
 23 QTo-W-0057    (0)    5 :  0.008 0.007 0.007 0.734 0.006 0.006 0.005 0.006 0.004 0.072 0.004 0.006 0.009 0.004 0.007 0.100 0.005 0.004 0.006 
 24 QTo-W-0058    (0)    5 :  0.004 0.005 0.004 0.920 0.004 0.005 0.004 0.006 0.004 0.007 0.004 0.004 0.003 0.004 0.005 0.004 0.005 0.004 0.004 
 25 QTo-W-0059    (0)    5 :  0.011 0.014 0.025 0.539 0.005 0.006 0.010 0.015 0.023 0.011 0.078 0.011 0.025 0.005 0.015 0.073 0.010 0.068 0.053 
 26 QTo-W-0060    (0)    5 :  0.006 0.007 0.007 0.826 0.006 0.006 0.004 0.006 0.005 0.025 0.004 0.005 0.005 0.004 0.008 0.061 0.005 0.004 0.005 
 27 QTo-W-0061    (0)    5 :  0.073 0.106 0.061 0.451 0.005 0.012 0.005 0.051 0.025 0.006 0.008 0.026 0.009 0.023 0.080 0.005 0.036 0.009 0.009 
 28 QTo-W-0062   (11)    5 :  0.005 0.006 0.005 0.902 0.005 0.005 0.005 0.006 0.005 0.011 0.005 0.005 0.004 0.005 0.006 0.006 0.005 0.004 0.005 
 29 QTo-W-0065   (11)    5 :  0.027 0.023 0.014 0.684 0.004 0.007 0.006 0.033 0.046 0.008 0.009 0.014 0.004 0.026 0.028 0.008 0.032 0.015 0.011 
 30 QTo-W-0067    (0)    5 :  0.016 0.025 0.019 0.696 0.007 0.006 0.004 0.022 0.029 0.013 0.007 0.014 0.007 0.012 0.028 0.054 0.024 0.010 0.006 
 31 QTo-W-0071    (0)    5 :  0.139 0.336 0.073 0.005 0.004 0.030 0.013 0.032 0.015 0.014 0.013 0.084 0.004 0.012 0.143 0.011 0.056 0.007 0.008 
 32 QTo-W-0072    (0)    5 :  0.014 0.019 0.013 0.003 0.006 0.008 0.004 0.020 0.204 0.004 0.611 0.015 0.009 0.008 0.013 0.004 0.017 0.007 0.022 
 33 QTo-W-0075    (0)    5 :  0.021 0.045 0.008 0.005 0.004 0.005 0.008 0.009 0.744 0.007 0.054 0.007 0.009 0.005 0.022 0.006 0.018 0.013 0.009 
 34 QTo-W-0076   (11)    5 :  0.016 0.021 0.015 0.007 0.011 0.010 0.009 0.009 0.753 0.016 0.017 0.012 0.004 0.016 0.017 0.009 0.010 0.008 0.041 
 35 QTo-W-0077   (11)    5 :  0.045 0.050 0.048 0.037 0.015 0.010 0.005 0.124 0.299 0.067 0.038 0.026 0.004 0.011 0.042 0.136 0.025 0.008 0.008 
 36 QTo-W-0079    (0)    5 :  0.004 0.004 0.004 0.005 0.003 0.003 0.003 0.004 0.933 0.003 0.005 0.005 0.003 0.004 0.004 0.003 0.004 0.003 0.004 
 37 QTo-W-0080   (11)    5 :  0.043 0.134 0.121 0.138 0.008 0.026 0.007 0.073 0.133 0.010 0.008 0.098 0.010 0.020 0.091 0.007 0.036 0.007 0.030 
 38 QTo-W-0081   (11)    5 :  0.013 0.023 0.011 0.008 0.011 0.006 0.005 0.015 0.812 0.009 0.006 0.009 0.003 0.014 0.012 0.006 0.011 0.008 0.018 
 39 QTo-W-0082    (0)    5 :  0.025 0.041 0.024 0.014 0.004 0.012 0.006 0.013 0.728 0.007 0.010 0.029 0.004 0.010 0.035 0.007 0.012 0.006 0.013 
 40 QTo-W-0087    (0)    5 :  0.006 0.007 0.006 0.008 0.003 0.005 0.004 0.007 0.881 0.006 0.023 0.006 0.003 0.007 0.007 0.005 0.006 0.004 0.005 
 41 QTo-W-0088   (11)    5 :  0.008 0.011 0.007 0.011 0.004 0.005 0.004 0.009 0.873 0.008 0.008 0.006 0.004 0.008 0.008 0.006 0.008 0.005 0.007 
 42 QTo-W-0089   (11)    5 :  0.009 0.011 0.007 0.004 0.009 0.005 0.004 0.008 0.876 0.006 0.008 0.006 0.003 0.008 0.007 0.004 0.010 0.007 0.009 
 43 QTo-W-0090    (0)    5 :  0.017 0.027 0.027 0.006 0.023 0.006 0.005 0.010 0.748 0.024 0.008 0.013 0.003 0.008 0.020 0.021 0.014 0.006 0.014 
 44 QTo-W-0093   (11)    5 :  0.060 0.092 0.075 0.033 0.005 0.055 0.038 0.017 0.211 0.046 0.180 0.034 0.011 0.014 0.059 0.012 0.023 0.005 0.030 
 45 QTo-W-0098    (0)    5 :  0.008 0.009 0.008 0.011 0.004 0.007 0.012 0.019 0.008 0.010 0.845 0.007 0.006 0.006 0.009 0.009 0.008 0.005 0.007 
 46 QTo-W-0101   (11)    5 :  0.011 0.014 0.012 0.015 0.005 0.014 0.015 0.033 0.011 0.013 0.774 0.011 0.009 0.008 0.015 0.011 0.013 0.006 0.009 
 47 QTo-W-0114    (0)    5 :  0.009 0.011 0.006 0.004 0.004 0.006 0.005 0.010 0.011 0.004 0.881 0.007 0.005 0.006 0.008 0.004 0.010 0.006 0.005 
 48 QTo-W-0116   (11)    5 :  0.006 0.006 0.005 0.005 0.004 0.008 0.010 0.005 0.006 0.006 0.900 0.004 0.004 0.004 0.006 0.005 0.006 0.004 0.007 
 49 QTo-W-0117   (22)    5 :  0.007 0.008 0.007 0.006 0.005 0.013 0.010 0.007 0.009 0.008 0.870 0.006 0.004 0.006 0.006 0.008 0.007 0.005 0.007 
 50 QTo-W-0118    (0)    5 :  0.005 0.005 0.004 0.004 0.003 0.005 0.006 0.004 0.005 0.004 0.924 0.003 0.003 0.004 0.004 0.005 0.004 0.004 0.004 
 51 QTo-W-0121   (11)    5 :  0.011 0.014 0.010 0.005 0.005 0.008 0.008 0.006 0.033 0.041 0.807 0.006 0.004 0.005 0.012 0.007 0.007 0.004 0.008 
 52 QTo-W-0124   (11)    5 :  0.005 0.005 0.006 0.018 0.006 0.006 0.005 0.005 0.004 0.889 0.005 0.005 0.004 0.004 0.006 0.013 0.005 0.003 0.006 
 53 QTo-W-0128    (0)    5 :  0.005 0.004 0.004 0.008 0.004 0.005 0.004 0.004 0.004 0.922 0.004 0.003 0.004 0.004 0.005 0.007 0.004 0.003 0.005 
 54 QTo-W-0129    (0)    5 :  0.005 0.005 0.008 0.010 0.004 0.005 0.005 0.006 0.004 0.902 0.004 0.004 0.004 0.005 0.005 0.010 0.005 0.003 0.005 
 55 QTo-W-0131   (11)    5 :  0.085 0.097 0.230 0.043 0.064 0.008 0.013 0.058 0.032 0.016 0.006 0.031 0.004 0.019 0.178 0.019 0.048 0.027 0.022 
 56 QTo-W-0133   (11)    5 :  0.076 0.109 0.043 0.019 0.008 0.008 0.164 0.150 0.012 0.013 0.009 0.040 0.098 0.018 0.120 0.055 0.037 0.012 0.009 
 57 QTo-W-0137    (0)    5 :  0.101 0.267 0.092 0.006 0.005 0.027 0.014 0.025 0.024 0.023 0.076 0.082 0.006 0.020 0.134 0.014 0.062 0.007 0.015 
 58 QTo-W-0138    (0)    5 :  0.032 0.048 0.072 0.166 0.007 0.025 0.008 0.059 0.003 0.261 0.004 0.013 0.014 0.008 0.125 0.081 0.038 0.017 0.018 
 59 QTo-W-0139    (0)    5 :  0.005 0.006 0.006 0.005 0.005 0.003 0.004 0.004 0.004 0.003 0.004 0.004 0.019 0.004 0.006 0.012 0.008 0.894 0.004 
 60 QTo-W-0140   (22)    5 :  0.005 0.005 0.006 0.005 0.007 0.005 0.005 0.005 0.005 0.004 0.005 0.005 0.006 0.004 0.005 0.004 0.006 0.909 0.005 
 61 QTo-W-0142    (0)    5 :  0.005 0.005 0.004 0.003 0.004 0.003 0.004 0.004 0.005 0.003 0.004 0.004 0.004 0.004 0.005 0.003 0.008 0.923 0.004 
 62 QTo-W-0144    (0)    5 :  0.029 0.063 0.102 0.199 0.020 0.061 0.061 0.191 0.008 0.034 0.008 0.051 0.007 0.019 0.083 0.008 0.041 0.008 0.007 
 63 QTo-W-0149   (22)    5 :  0.009 0.008 0.010 0.006 0.005 0.005 0.008 0.009 0.008 0.004 0.006 0.006 0.004 0.102 0.010 0.005 0.594 0.199 0.004 
 64 QTo-W-0151   (11)    5 :  0.010 0.008 0.011 0.015 0.004 0.013 0.005 0.033 0.029 0.006 0.005 0.016 0.005 0.006 0.012 0.004 0.614 0.198 0.005 
 65 QTo-W-0153   (22)    5 :  0.006 0.006 0.005 0.005 0.004 0.004 0.005 0.008 0.007 0.004 0.006 0.005 0.004 0.006 0.006 0.004 0.685 0.227 0.004 
 66 QTo-W-0154    (0)    5 :  0.022 0.040 0.016 0.004 0.005 0.011 0.010 0.020 0.011 0.004 0.022 0.014 0.014 0.012 0.026 0.004 0.539 0.215 0.010 
 67 QTo-W-0159   (11)    5 :  0.167 0.270 0.033 0.017 0.006 0.034 0.017 0.066 0.007 0.008 0.035 0.068 0.040 0.010 0.134 0.007 0.056 0.009 0.015 
 68 QTo-W-0161   (11)    5 :  0.026 0.068 0.020 0.005 0.007 0.028 0.009 0.028 0.008 0.007 0.033 0.026 0.012 0.009 0.042 0.005 0.493 0.167 0.007 
 69 QTo-W-0162    (0)    5 :  0.039 0.088 0.227 0.004 0.014 0.105 0.045 0.044 0.020 0.005 0.159 0.049 0.009 0.007 0.099 0.004 0.053 0.013 0.016 
 70 QTo-W-0163   (11)    5 :  0.100 0.056 0.092 0.026 0.011 0.013 0.013 0.128 0.165 0.006 0.005 0.197 0.010 0.021 0.063 0.006 0.028 0.034 0.026 
 71 QTo-W-0167   (11)    5 :  0.041 0.066 0.047 0.011 0.042 0.109 0.021 0.021 0.015 0.009 0.249 0.033 0.088 0.012 0.043 0.158 0.019 0.007 0.008 
 72 QTo-W-0170    (0)    5 :  0.105 0.259 0.069 0.007 0.008 0.098 0.016 0.025 0.007 0.013 0.030 0.087 0.066 0.008 0.118 0.027 0.033 0.006 0.017 
 73 QTo-W-0171   (22)    5 :  0.084 0.147 0.084 0.059 0.027 0.021 0.056 0.042 0.014 0.142 0.012 0.060 0.006 0.021 0.138 0.011 0.049 0.012 0.014 
 74 QTo-W-0172   (22)    5 :  0.028 0.077 0.300 0.008 0.030 0.078 0.089 0.019 0.007 0.009 0.065 0.030 0.075 0.010 0.085 0.009 0.035 0.032 0.014 
 75 QTo-W-0173   (11)    5 :  0.142 0.335 0.047 0.008 0.005 0.035 0.007 0.026 0.009 0.008 0.016 0.078 0.041 0.014 0.128 0.018 0.065 0.009 0.008 
 76 QTo-W-0174    (0)    5 :  0.093 0.071 0.029 0.013 0.009 0.013 0.006 0.231 0.036 0.008 0.234 0.053 0.027 0.009 0.097 0.011 0.044 0.009 0.010 
 77 QTo-W-0175    (0)    5 :  0.051 0.095 0.139 0.050 0.007 0.011 0.009 0.162 0.012 0.106 0.006 0.020 0.004 0.020 0.218 0.012 0.058 0.008 0.012 
 78 QTo-W-0182   (22)    5 :  0.017 0.017 0.016 0.009 0.005 0.015 0.006 0.010 0.016 0.203 0.008 0.007 0.005 0.008 0.013 0.614 0.007 0.004 0.017 
 79 QTo-W-0184    (0)    5 :  0.093 0.078 0.121 0.009 0.046 0.059 0.009 0.096 0.031 0.012 0.032 0.113 0.033 0.009 0.108 0.019 0.035 0.007 0.088 
 80 QTo-W-0188    (0)    5 :  0.169 0.212 0.058 0.014 0.004 0.014 0.074 0.036 0.004 0.007 0.012 0.062 0.166 0.006 0.105 0.019 0.024 0.007 0.007 
 81 QTo-W-0192   (11)    5 :  0.034 0.028 0.013 0.009 0.005 0.007 0.005 0.607 0.009 0.006 0.008 0.104 0.005 0.007 0.082 0.032 0.028 0.006 0.006 
 82 QTo-W-0193    (0)    5 :  0.032 0.038 0.018 0.019 0.004 0.006 0.004 0.623 0.007 0.005 0.006 0.104 0.005 0.006 0.083 0.005 0.024 0.006 0.005 
 83 QTo-W-0194    (0)    5 :  0.029 0.032 0.011 0.018 0.004 0.006 0.004 0.630 0.006 0.005 0.006 0.106 0.004 0.005 0.082 0.019 0.024 0.005 0.004 
 84 QTo-W-0196   (11)    5 :  0.359 0.221 0.017 0.009 0.005 0.007 0.015 0.062 0.017 0.006 0.012 0.012 0.015 0.017 0.145 0.006 0.041 0.020 0.013 
 85 QTo-W-0197    (0)    5 :  0.342 0.231 0.016 0.006 0.004 0.005 0.014 0.043 0.061 0.021 0.009 0.011 0.011 0.013 0.144 0.005 0.039 0.012 0.012 
 86 QTo-W-0200   (11)    6 :  0.007 0.081 0.007 0.004 0.022 0.671 0.005 0.005 0.004 0.005 0.005 0.005 0.004 0.145 0.014 0.004 0.005 0.003 0.006 
 87 QTo-W-0201   (22)    6 :  0.006 0.082 0.007 0.004 0.022 0.672 0.005 0.004 0.004 0.005 0.005 0.005 0.005 0.144 0.014 0.004 0.004 0.003 0.006 
 88 QTo-W-0205    (0)    7 :  0.004 0.005 0.004 0.003 0.003 0.004 0.006 0.004 0.003 0.003 0.004 0.004 0.934 0.003 0.004 0.003 0.003 0.003 0.004 
 89 QTo-W-0208    (0)    7 :  0.064 0.054 0.141 0.055 0.011 0.021 0.017 0.045 0.039 0.011 0.011 0.099 0.138 0.011 0.077 0.090 0.025 0.012 0.079 
 90 QTo-W-0211    (0)    7 :  0.108 0.193 0.140 0.007 0.005 0.014 0.118 0.036 0.004 0.005 0.012 0.071 0.152 0.004 0.095 0.006 0.022 0.004 0.005 
 91 QTo-W-0212   (11)    7 :  0.004 0.005 0.004 0.005 0.004 0.004 0.004 0.005 0.003 0.005 0.004 0.004 0.928 0.003 0.004 0.005 0.004 0.003 0.003 
 92 QTo-W-0213    (0)    7 :  0.006 0.012 0.006 0.004 0.004 0.004 0.005 0.006 0.003 0.004 0.004 0.007 0.910 0.003 0.006 0.005 0.004 0.003 0.003 
 93 QTo-W-0216   (11)    8 :  0.592 0.014 0.009 0.007 0.005 0.013 0.005 0.025 0.007 0.008 0.005 0.006 0.004 0.095 0.170 0.008 0.007 0.005 0.016 
 94 QTo-W-0220    (0)    8 :  0.589 0.017 0.010 0.008 0.004 0.011 0.004 0.025 0.005 0.007 0.005 0.009 0.004 0.087 0.169 0.019 0.009 0.004 0.014 
 95 QTo-W-0224   (11)    8 :  0.040 0.032 0.101 0.030 0.042 0.219 0.060 0.023 0.010 0.021 0.016 0.033 0.006 0.009 0.074 0.037 0.017 0.035 0.196 
 96 QTo-W-0225   (11)    8 :  0.009 0.015 0.011 0.015 0.004 0.015 0.005 0.205 0.008 0.009 0.005 0.639 0.020 0.007 0.011 0.007 0.006 0.004 0.007 
 97 QTo-W-0227   (11)    8 :  0.370 0.033 0.048 0.006 0.071 0.056 0.028 0.017 0.014 0.019 0.007 0.022 0.005 0.023 0.135 0.008 0.018 0.009 0.112 
 98 QTo-W-0229    (0)    8 :  0.006 0.014 0.009 0.008 0.003 0.012 0.004 0.205 0.033 0.004 0.003 0.653 0.004 0.009 0.009 0.003 0.006 0.005 0.009 
 99 QTo-W-0231    (0)    8 :  0.009 0.067 0.575 0.005 0.070 0.004 0.005 0.007 0.006 0.019 0.003 0.019 0.033 0.011 0.094 0.006 0.055 0.007 0.006 
100 QTo-W-0238   (22)    8 :  0.094 0.214 0.047 0.007 0.016 0.179 0.010 0.029 0.009 0.012 0.025 0.097 0.036 0.016 0.114 0.008 0.043 0.031 0.016 
101 QTo-W-0240    (0)    8 :  0.045 0.112 0.124 0.009 0.251 0.077 0.009 0.031 0.006 0.030 0.015 0.049 0.024 0.019 0.124 0.008 0.040 0.015 0.012 
102 QTo-W-0242    (0)    8 :  0.034 0.028 0.028 0.004 0.017 0.013 0.027 0.023 0.009 0.004 0.444 0.061 0.013 0.007 0.027 0.004 0.017 0.235 0.007 
103 QTo-W-0244    (0)    9 :  0.012 0.021 0.017 0.003 0.596 0.144 0.018 0.011 0.009 0.004 0.044 0.020 0.009 0.012 0.021 0.004 0.008 0.010 0.036 
104 QTo-W-0245   (11)    9 :  0.027 0.037 0.092 0.005 0.185 0.075 0.012 0.092 0.011 0.022 0.010 0.251 0.010 0.007 0.063 0.011 0.035 0.023 0.032 
105 QTo-W-0251    (0)    9 :  0.023 0.063 0.053 0.004 0.006 0.005 0.039 0.029 0.297 0.004 0.081 0.013 0.009 0.283 0.052 0.005 0.021 0.005 0.010 
106 QTo-W-0253    (0)    9 :  0.045 0.016 0.033 0.003 0.005 0.021 0.005 0.163 0.017 0.004 0.021 0.554 0.009 0.006 0.033 0.005 0.014 0.007 0.037 
107 QTo-W-0256   (11)    9 :  0.019 0.030 0.073 0.047 0.026 0.011 0.006 0.092 0.077 0.234 0.007 0.260 0.005 0.009 0.041 0.009 0.016 0.006 0.033 
108 QTo-W-0258    (0)    9 :  0.015 0.038 0.120 0.035 0.019 0.010 0.005 0.074 0.154 0.025 0.004 0.170 0.004 0.011 0.055 0.005 0.026 0.031 0.199 
109 QTo-W-0259    (0)    9 :  0.025 0.017 0.047 0.005 0.013 0.005 0.013 0.176 0.015 0.006 0.023 0.505 0.009 0.004 0.030 0.004 0.037 0.061 0.004 
110 QTo-W-0260   (22)    9 :  0.032 0.041 0.091 0.005 0.015 0.007 0.034 0.169 0.005 0.005 0.010 0.439 0.018 0.004 0.060 0.005 0.027 0.028 0.003 
111 QTo-W-0274   (11)   10 :  0.012 0.013 0.017 0.006 0.004 0.012 0.004 0.011 0.010 0.007 0.005 0.017 0.004 0.013 0.012 0.005 0.007 0.005 0.835 
112 QTo-W-0275    (0)   10 :  0.021 0.035 0.092 0.240 0.072 0.017 0.103 0.062 0.004 0.081 0.007 0.015 0.010 0.088 0.058 0.011 0.055 0.010 0.022 
113 QTo-W-0278    (0)   10 :  0.073 0.080 0.053 0.010 0.028 0.029 0.098 0.163 0.039 0.013 0.007 0.043 0.072 0.018 0.141 0.007 0.037 0.020 0.068 
114 QTo-W-0283   (11)   10 :  0.012 0.032 0.073 0.037 0.499 0.011 0.008 0.026 0.011 0.013 0.006 0.019 0.128 0.007 0.047 0.032 0.015 0.008 0.016 
115 QTo-W-0284    (0)   10 :  0.015 0.029 0.109 0.021 0.417 0.008 0.011 0.019 0.009 0.008 0.006 0.014 0.157 0.053 0.053 0.018 0.022 0.010 0.021 
116 QTo-W-0287   (22)   10 :  0.007 0.005 0.007 0.007 0.011 0.008 0.004 0.005 0.010 0.008 0.005 0.006 0.004 0.008 0.006 0.008 0.005 0.006 0.879 
117 QTo-W-0289   (22)   10 :  0.007 0.007 0.007 0.007 0.005 0.011 0.007 0.005 0.008 0.008 0.006 0.005 0.006 0.008 0.006 0.007 0.005 0.005 0.881 
118 QTo-W-0293    (0)   10 :  0.048 0.076 0.211 0.017 0.008 0.010 0.116 0.033 0.004 0.151 0.006 0.020 0.005 0.007 0.155 0.038 0.030 0.023 0.041 
119 QTo-W-0295   (11)   10 :  0.011 0.019 0.021 0.659 0.025 0.014 0.010 0.057 0.007 0.016 0.004 0.024 0.018 0.009 0.029 0.006 0.011 0.054 0.007 
120 QTo-W-0296   (11)   11 :  0.007 0.008 0.008 0.010 0.005 0.007 0.830 0.010 0.006 0.009 0.010 0.006 0.004 0.006 0.008 0.008 0.038 0.014 0.007 
121 QTo-W-0298    (0)   11 :  0.006 0.008 0.008 0.008 0.004 0.005 0.854 0.008 0.005 0.006 0.009 0.005 0.004 0.005 0.008 0.005 0.031 0.014 0.008 
122 QTo-W-0300   (11)   11 :  0.033 0.035 0.134 0.012 0.072 0.052 0.014 0.017 0.022 0.223 0.015 0.008 0.005 0.083 0.050 0.010 0.025 0.005 0.184 
123 QTo-W-0302    (0)   12 :  0.139 0.032 0.031 0.007 0.009 0.014 0.006 0.019 0.028 0.007 0.011 0.020 0.560 0.012 0.050 0.016 0.025 0.009 0.007 
124 QTo-W-0305    (0)   13 :  0.026 0.014 0.020 0.005 0.011 0.039 0.027 0.007 0.007 0.011 0.006 0.007 0.006 0.023 0.019 0.007 0.009 0.012 0.743 
125 QTo-W-0308   (11)   13 :  0.033 0.016 0.023 0.006 0.006 0.053 0.046 0.011 0.007 0.013 0.009 0.011 0.006 0.034 0.025 0.009 0.011 0.007 0.673 
126 QTo-W-0309   (11)   13 :  0.038 0.052 0.025 0.085 0.007 0.260 0.017 0.113 0.004 0.087 0.015 0.038 0.129 0.007 0.065 0.024 0.015 0.005 0.016 
127 QTo-W-0311    (0)   14 :  0.085 0.235 0.056 0.015 0.047 0.122 0.005 0.020 0.004 0.083 0.006 0.094 0.032 0.008 0.118 0.008 0.049 0.007 0.006 
128 QTo-W-0312    (0)   15 :  0.006 0.006 0.006 0.003 0.005 0.007 0.877 0.004 0.007 0.004 0.040 0.007 0.005 0.004 0.005 0.003 0.004 0.003 0.005 
129 QTo-W-0315   (11)   15 :  0.006 0.006 0.005 0.004 0.005 0.009 0.907 0.004 0.004 0.005 0.006 0.008 0.005 0.004 0.006 0.004 0.005 0.003 0.005 
130 QTo-W-0318    (0)   16 :  0.016 0.012 0.016 0.017 0.006 0.697 0.014 0.019 0.004 0.008 0.023 0.010 0.033 0.014 0.019 0.006 0.007 0.009 0.070 
131 QTo-W-0322   (11)   16 :  0.011 0.011 0.016 0.009 0.008 0.764 0.007 0.009 0.005 0.009 0.018 0.012 0.013 0.018 0.011 0.008 0.006 0.006 0.057 
132 QTo-W-0326   (22)   16 :  0.036 0.041 0.030 0.022 0.010 0.391 0.008 0.044 0.006 0.136 0.043 0.029 0.029 0.011 0.046 0.072 0.013 0.005 0.027 
133 QTo-W-0327   (11)   16 :  0.035 0.038 0.034 0.036 0.007 0.408 0.008 0.097 0.017 0.086 0.017 0.055 0.027 0.010 0.052 0.025 0.018 0.005 0.026 
134 QTo-W-0328    (0)   17 :  0.007 0.005 0.005 0.004 0.004 0.006 0.004 0.005 0.006 0.004 0.004 0.004 0.003 0.832 0.005 0.004 0.076 0.014 0.006 
135 QTo-W-0329    (0)   17 :  0.005 0.005 0.005 0.004 0.004 0.005 0.003 0.005 0.005 0.004 0.004 0.004 0.003 0.922 0.005 0.004 0.005 0.004 0.006 
136 QTo-W-0330   (11)   17 :  0.007 0.007 0.006 0.006 0.004 0.007 0.004 0.006 0.008 0.005 0.005 0.005 0.003 0.898 0.006 0.005 0.006 0.005 0.007 


Estimated Allele Frequencies in each cluster
First column gives estimated ancestral frequencies


Locus 1 : 
4 alleles
0.7% missing data
 149   (0.835) 0.952 0.940 0.840 0.993 0.931 0.971 0.598 0.839 0.993 0.977 0.994 0.542 0.176 0.974 0.916 0.983 0.967 0.975 0.973 
 147   (0.066) 0.017 0.020 0.063 0.003 0.011 0.010 0.381 0.032 0.003 0.007 0.003 0.073 0.245 0.010 0.032 0.006 0.012 0.014 0.010 
 155   (0.057) 0.016 0.025 0.059 0.002 0.048 0.010 0.014 0.013 0.002 0.006 0.002 0.019 0.576 0.009 0.032 0.006 0.012 0.006 0.009 
 161   (0.042) 0.014 0.014 0.038 0.002 0.011 0.009 0.007 0.116 0.002 0.009 0.002 0.366 0.003 0.006 0.020 0.004 0.009 0.005 0.008 

Locus 2 : 
6 alleles
12.5% missing data
 179   (0.378) 0.703 0.562 0.380 0.057 0.060 0.119 0.073 0.689 0.965 0.057 0.226 0.466 0.028 0.872 0.523 0.044 0.834 0.756 0.404 
 176   (0.151) 0.090 0.137 0.148 0.156 0.049 0.068 0.032 0.054 0.007 0.032 0.011 0.085 0.935 0.027 0.115 0.893 0.037 0.158 0.052 
 173   (0.238) 0.106 0.177 0.250 0.756 0.807 0.107 0.059 0.154 0.016 0.873 0.014 0.224 0.017 0.053 0.219 0.035 0.080 0.046 0.112 
 164   (0.028) 0.010 0.010 0.025 0.022 0.005 0.008 0.004 0.008 0.001 0.005 0.001 0.011 0.002 0.005 0.012 0.005 0.005 0.004 0.008 
 182   (0.151) 0.060 0.087 0.148 0.007 0.070 0.673 0.824 0.043 0.008 0.026 0.745 0.072 0.013 0.033 0.095 0.016 0.032 0.029 0.276 
 170   (0.054) 0.031 0.027 0.050 0.002 0.011 0.025 0.008 0.052 0.003 0.007 0.003 0.141 0.004 0.009 0.036 0.006 0.012 0.008 0.148 

Locus 3 : 
17 alleles
0.0% missing data
 220   (0.151) 0.248 0.090 0.148 0.089 0.362 0.146 0.048 0.140 0.007 0.468 0.009 0.092 0.534 0.047 0.180 0.402 0.041 0.023 0.187 
 222   (0.168) 0.150 0.279 0.193 0.018 0.070 0.117 0.229 0.150 0.223 0.047 0.013 0.279 0.018 0.378 0.197 0.020 0.161 0.492 0.187 
 218   (0.187) 0.244 0.129 0.177 0.685 0.069 0.353 0.032 0.299 0.162 0.383 0.008 0.145 0.020 0.407 0.198 0.398 0.047 0.021 0.277 
 226   (0.068) 0.028 0.031 0.063 0.006 0.010 0.016 0.013 0.046 0.578 0.010 0.941 0.088 0.007 0.016 0.035 0.133 0.014 0.017 0.019 
 258   (0.056) 0.065 0.093 0.067 0.003 0.010 0.012 0.276 0.035 0.006 0.034 0.002 0.035 0.010 0.013 0.090 0.007 0.024 0.007 0.014 
 224   (0.046) 0.014 0.038 0.042 0.002 0.413 0.147 0.191 0.013 0.002 0.007 0.009 0.022 0.006 0.032 0.025 0.008 0.010 0.005 0.009 
 228   (0.079) 0.158 0.230 0.089 0.007 0.012 0.039 0.031 0.050 0.011 0.017 0.007 0.053 0.385 0.040 0.135 0.009 0.048 0.010 0.016 
 256   (0.019) 0.005 0.006 0.017 0.181 0.002 0.003 0.002 0.004 0.001 0.002 0.001 0.005 0.001 0.003 0.010 0.002 0.003 0.002 0.003 
 264   (0.020) 0.004 0.005 0.017 0.001 0.002 0.002 0.003 0.004 0.001 0.002 0.001 0.005 0.001 0.003 0.007 0.002 0.003 0.288 0.003 
 230   (0.029) 0.007 0.009 0.024 0.001 0.003 0.004 0.139 0.006 0.001 0.003 0.001 0.007 0.002 0.005 0.011 0.003 0.608 0.114 0.005 
 260   (0.035) 0.012 0.018 0.040 0.001 0.021 0.015 0.007 0.011 0.002 0.005 0.003 0.015 0.003 0.007 0.029 0.003 0.012 0.004 0.007 
 262   (0.022) 0.006 0.009 0.022 0.001 0.004 0.007 0.008 0.005 0.001 0.003 0.002 0.007 0.004 0.004 0.011 0.002 0.004 0.004 0.004 
 234   (0.021) 0.009 0.011 0.017 0.001 0.002 0.003 0.003 0.152 0.001 0.002 0.001 0.031 0.001 0.003 0.023 0.002 0.007 0.002 0.003 
 232   (0.027) 0.030 0.027 0.022 0.001 0.008 0.126 0.005 0.006 0.001 0.003 0.001 0.008 0.002 0.029 0.020 0.003 0.005 0.003 0.009 
 250   (0.031) 0.008 0.009 0.026 0.001 0.004 0.004 0.004 0.047 0.001 0.003 0.001 0.142 0.002 0.004 0.011 0.003 0.005 0.003 0.005 
 216   (0.020) 0.008 0.009 0.021 0.001 0.003 0.003 0.007 0.025 0.001 0.002 0.001 0.062 0.002 0.003 0.011 0.002 0.004 0.005 0.003 
 266   (0.020) 0.006 0.006 0.017 0.001 0.004 0.004 0.003 0.004 0.001 0.008 0.001 0.005 0.001 0.007 0.009 0.002 0.004 0.002 0.251 

Locus 4 : 
2 alleles
1.5% missing data
 137   (0.975) 0.890 0.994 0.979 0.999 0.997 0.997 0.997 0.993 0.999 0.997 0.999 0.994 0.998 0.984 0.964 0.998 0.997 0.998 0.995 
 139   (0.025) 0.110 0.006 0.021 0.001 0.003 0.003 0.003 0.007 0.001 0.003 0.001 0.006 0.002 0.016 0.036 0.002 0.003 0.002 0.005 

Locus 5 : 
17 alleles
11.8% missing data
 187   (0.297) 0.306 0.531 0.333 0.014 0.209 0.888 0.059 0.515 0.018 0.083 0.742 0.548 0.871 0.102 0.374 0.053 0.252 0.064 0.138 
 243   (0.044) 0.017 0.020 0.038 0.002 0.006 0.006 0.006 0.115 0.004 0.010 0.002 0.030 0.003 0.007 0.026 0.623 0.008 0.004 0.011 
 203   (0.080) 0.028 0.037 0.076 0.945 0.012 0.012 0.012 0.076 0.382 0.020 0.006 0.211 0.007 0.015 0.052 0.012 0.015 0.008 0.041 
 201   (0.103) 0.130 0.173 0.102 0.004 0.022 0.018 0.015 0.038 0.422 0.712 0.033 0.041 0.008 0.026 0.114 0.038 0.038 0.010 0.064 
 197   (0.059) 0.071 0.020 0.053 0.002 0.684 0.012 0.009 0.014 0.147 0.010 0.003 0.017 0.004 0.012 0.043 0.007 0.010 0.006 0.263 
 195   (0.057) 0.017 0.020 0.051 0.005 0.008 0.009 0.009 0.016 0.004 0.009 0.005 0.022 0.060 0.010 0.029 0.059 0.012 0.765 0.359 
 247   (0.030) 0.008 0.009 0.026 0.001 0.004 0.004 0.004 0.006 0.001 0.004 0.001 0.008 0.002 0.005 0.013 0.159 0.005 0.003 0.008 
 235   (0.031) 0.017 0.031 0.033 0.002 0.004 0.006 0.006 0.012 0.003 0.006 0.003 0.018 0.003 0.008 0.025 0.004 0.010 0.003 0.012 
 249   (0.026) 0.007 0.008 0.022 0.001 0.003 0.003 0.003 0.005 0.001 0.003 0.190 0.007 0.002 0.004 0.009 0.003 0.004 0.002 0.006 
 199   (0.051) 0.034 0.052 0.049 0.005 0.011 0.010 0.830 0.069 0.005 0.012 0.004 0.025 0.011 0.040 0.068 0.008 0.019 0.006 0.024 
 245   (0.035) 0.022 0.029 0.043 0.009 0.005 0.007 0.005 0.038 0.002 0.077 0.002 0.012 0.003 0.009 0.070 0.011 0.021 0.005 0.015 
 219   (0.043) 0.012 0.013 0.038 0.003 0.008 0.006 0.008 0.012 0.002 0.008 0.002 0.011 0.003 0.155 0.017 0.005 0.556 0.103 0.012 
 217   (0.038) 0.011 0.012 0.034 0.002 0.005 0.005 0.006 0.008 0.003 0.005 0.002 0.010 0.003 0.562 0.017 0.004 0.025 0.010 0.010 
 229   (0.017) 0.007 0.007 0.016 0.001 0.003 0.002 0.002 0.047 0.001 0.002 0.001 0.011 0.002 0.003 0.012 0.002 0.004 0.002 0.005 
 215   (0.035) 0.293 0.013 0.029 0.001 0.005 0.005 0.005 0.013 0.002 0.005 0.002 0.010 0.015 0.035 0.084 0.004 0.008 0.003 0.011 
 205   (0.028) 0.007 0.008 0.028 0.001 0.006 0.003 0.004 0.005 0.001 0.004 0.001 0.008 0.002 0.005 0.014 0.003 0.007 0.002 0.007 
 227   (0.026) 0.014 0.016 0.028 0.001 0.004 0.004 0.018 0.009 0.001 0.029 0.001 0.009 0.002 0.005 0.031 0.006 0.008 0.005 0.014 

Locus 6 : 
25 alleles
30.9% missing data
 214   (0.063) 0.109 0.028 0.064 0.116 0.024 0.024 0.020 0.021 0.005 0.014 0.004 0.023 0.007 0.022 0.065 0.343 0.018 0.012 0.024 
 222   (0.066) 0.051 0.095 0.074 0.071 0.128 0.028 0.016 0.022 0.028 0.430 0.005 0.041 0.007 0.017 0.067 0.477 0.032 0.010 0.015 
 206   (0.064) 0.081 0.080 0.062 0.378 0.016 0.017 0.051 0.240 0.008 0.015 0.007 0.079 0.021 0.016 0.083 0.011 0.028 0.011 0.015 
 218   (0.060) 0.046 0.056 0.064 0.381 0.015 0.255 0.027 0.254 0.009 0.055 0.004 0.065 0.074 0.016 0.104 0.014 0.125 0.033 0.033 
 216   (0.081) 0.064 0.041 0.079 0.004 0.018 0.061 0.023 0.108 0.408 0.017 0.008 0.278 0.031 0.020 0.055 0.013 0.115 0.025 0.027 
 208   (0.046) 0.022 0.019 0.043 0.002 0.146 0.015 0.011 0.021 0.217 0.008 0.003 0.035 0.005 0.010 0.030 0.007 0.011 0.006 0.016 
 238   (0.042) 0.019 0.028 0.040 0.002 0.008 0.010 0.106 0.014 0.165 0.006 0.552 0.017 0.004 0.017 0.024 0.006 0.012 0.007 0.009 
 204   (0.019) 0.006 0.006 0.017 0.001 0.446 0.005 0.004 0.005 0.001 0.003 0.001 0.006 0.002 0.004 0.008 0.002 0.003 0.002 0.004 
 234   (0.032) 0.037 0.093 0.038 0.002 0.007 0.015 0.013 0.031 0.006 0.006 0.002 0.079 0.126 0.009 0.042 0.005 0.022 0.004 0.008 
 242   (0.033) 0.024 0.080 0.033 0.002 0.010 0.192 0.008 0.024 0.004 0.007 0.002 0.065 0.004 0.036 0.031 0.005 0.015 0.005 0.007 
 210   (0.149) 0.274 0.244 0.144 0.011 0.068 0.111 0.613 0.093 0.045 0.034 0.391 0.072 0.677 0.045 0.211 0.057 0.128 0.449 0.539 
 246   (0.022) 0.026 0.025 0.024 0.009 0.008 0.005 0.007 0.014 0.003 0.004 0.002 0.011 0.003 0.009 0.030 0.004 0.013 0.005 0.006 
 258   (0.029) 0.032 0.063 0.038 0.001 0.006 0.015 0.008 0.012 0.027 0.005 0.002 0.025 0.004 0.008 0.036 0.006 0.015 0.004 0.007 
 240   (0.018) 0.008 0.007 0.016 0.001 0.006 0.004 0.005 0.006 0.042 0.005 0.001 0.007 0.002 0.004 0.009 0.004 0.006 0.003 0.005 
 256   (0.020) 0.006 0.006 0.017 0.001 0.004 0.003 0.005 0.005 0.002 0.219 0.001 0.006 0.002 0.004 0.008 0.003 0.004 0.002 0.004 
 254   (0.015) 0.005 0.005 0.013 0.001 0.003 0.003 0.004 0.004 0.001 0.096 0.001 0.004 0.002 0.003 0.006 0.003 0.005 0.002 0.003 
 236   (0.046) 0.025 0.025 0.049 0.004 0.017 0.014 0.021 0.035 0.004 0.038 0.003 0.062 0.005 0.010 0.049 0.011 0.394 0.390 0.013 
 248   (0.038) 0.015 0.035 0.034 0.003 0.011 0.180 0.014 0.020 0.003 0.007 0.002 0.014 0.004 0.036 0.022 0.005 0.011 0.005 0.007 
 252   (0.010) 0.008 0.008 0.014 0.001 0.002 0.003 0.003 0.013 0.001 0.008 0.001 0.004 0.001 0.004 0.020 0.002 0.006 0.002 0.003 
 224   (0.029) 0.098 0.011 0.028 0.002 0.007 0.010 0.008 0.024 0.004 0.005 0.002 0.059 0.007 0.015 0.040 0.008 0.008 0.005 0.014 
 230   (0.030) 0.009 0.012 0.031 0.001 0.008 0.005 0.007 0.008 0.004 0.004 0.002 0.009 0.003 0.373 0.018 0.004 0.008 0.004 0.006 
 228   (0.018) 0.007 0.007 0.018 0.001 0.005 0.004 0.004 0.009 0.007 0.004 0.001 0.017 0.002 0.004 0.011 0.002 0.005 0.005 0.017 
 266   (0.019) 0.007 0.008 0.016 0.001 0.004 0.004 0.004 0.005 0.002 0.003 0.001 0.007 0.002 0.005 0.008 0.003 0.004 0.002 0.072 
 212   (0.021) 0.008 0.007 0.020 0.001 0.029 0.004 0.005 0.006 0.002 0.003 0.001 0.007 0.006 0.303 0.011 0.003 0.005 0.003 0.005 
 232   (0.028) 0.014 0.011 0.024 0.001 0.006 0.011 0.011 0.007 0.002 0.005 0.002 0.008 0.003 0.008 0.013 0.004 0.007 0.003 0.138 

Locus 7 : 
7 alleles
1.5% missing data
 108   (0.639) 0.772 0.825 0.660 0.981 0.425 0.535 0.930 0.824 0.411 0.923 0.977 0.627 0.966 0.160 0.772 0.766 0.928 0.961 0.154 
 116   (0.033) 0.010 0.012 0.031 0.001 0.004 0.005 0.010 0.008 0.001 0.016 0.001 0.009 0.002 0.005 0.019 0.202 0.006 0.004 0.008 
 110   (0.149) 0.068 0.072 0.147 0.008 0.186 0.046 0.031 0.100 0.580 0.027 0.015 0.225 0.019 0.046 0.103 0.016 0.034 0.019 0.690 
 114   (0.064) 0.017 0.040 0.058 0.004 0.366 0.135 0.012 0.016 0.003 0.016 0.002 0.018 0.004 0.390 0.031 0.006 0.013 0.006 0.015 
 112   (0.066) 0.122 0.037 0.058 0.003 0.011 0.272 0.012 0.016 0.003 0.012 0.003 0.017 0.005 0.391 0.055 0.006 0.011 0.006 0.124 
 104   (0.025) 0.005 0.007 0.021 0.001 0.003 0.003 0.003 0.032 0.001 0.003 0.001 0.098 0.002 0.004 0.009 0.002 0.003 0.002 0.004 
 118   (0.024) 0.005 0.007 0.025 0.001 0.005 0.003 0.003 0.005 0.001 0.003 0.001 0.007 0.002 0.004 0.012 0.002 0.005 0.002 0.004 

Locus 8 : 
5 alleles
2.2% missing data
 160   (0.165) 0.061 0.072 0.152 0.548 0.059 0.038 0.422 0.263 0.007 0.380 0.059 0.087 0.242 0.036 0.120 0.349 0.070 0.021 0.138 
 162   (0.633) 0.601 0.798 0.650 0.444 0.430 0.911 0.317 0.615 0.983 0.595 0.922 0.647 0.734 0.916 0.682 0.630 0.866 0.141 0.809 
 164   (0.090) 0.031 0.034 0.092 0.004 0.492 0.024 0.020 0.046 0.004 0.011 0.006 0.099 0.010 0.015 0.057 0.009 0.027 0.799 0.023 
 166   (0.022) 0.007 0.009 0.022 0.001 0.003 0.008 0.006 0.007 0.001 0.003 0.003 0.008 0.002 0.004 0.013 0.002 0.008 0.003 0.004 
 158   (0.090) 0.301 0.086 0.085 0.004 0.016 0.018 0.236 0.070 0.005 0.011 0.010 0.160 0.013 0.029 0.126 0.009 0.030 0.036 0.026 

Locus 9 : 
4 alleles
0.0% missing data
 229   (0.498) 0.568 0.593 0.506 0.508 0.582 0.117 0.284 0.737 0.941 0.113 0.618 0.448 0.168 0.520 0.578 0.377 0.869 0.565 0.124 
 226   (0.355) 0.369 0.327 0.352 0.480 0.070 0.723 0.681 0.174 0.052 0.867 0.374 0.339 0.050 0.454 0.335 0.609 0.100 0.040 0.844 
 223   (0.126) 0.052 0.067 0.120 0.011 0.345 0.156 0.023 0.082 0.007 0.017 0.007 0.204 0.775 0.022 0.076 0.012 0.028 0.393 0.029 
 232   (0.022) 0.011 0.013 0.022 0.001 0.003 0.003 0.012 0.006 0.001 0.002 0.001 0.009 0.007 0.003 0.011 0.002 0.004 0.002 0.003 

Values of parameters used in structure:
DATAFILE=C:\Users\eschumacher\Documents\GitHub\Ten_Oaks\Data_Files\QUTO_wild\project_data,	OUTFILE=C:\Users\eschumacher\Documents\GitHub\Ten_Oaks\Data_Files\QUTO_wild\50-50\Results\50-50_run_91,	NUMINDS=136,	NUMLOCI=9,	MISSING=-9,	LABEL=1,	POPDATA=1,	POPFLAG=0,	PHENOTYPE=0,	EXTRACOLS=0,	MAXPOPS=19,	BURNIN=50000,	NUMREPS=50000,	USEPOPINFO=0,	INFERALPHA=1,	INFERLAMBDA=0,	POPSPECIFICLAMBDA=0,	POPALPHAS=0,	COMPUTEPROB=1,	NOADMIX=0,	ADMBURNIN=2500,	UPDATEFREQ=1,	PRINTLIKES=0,	INTERMEDSAVE=0,	PRINTKLD=0,	PRINTNET=0,	PRINTLAMBDA=0,	ANCESTDIST=0,	NUMBOXES=1000,	ANCESTPINT=0.90000,	GENSBACK=2,	MIGRPRIOR=0.05000,	PRINTQHAT=0,	PRINTQSUM=0,	ALPHA=1.0000,	FREQSCORR=1,	FPRIORMEAN=0.0100,	FPRIORSD=0.0500,	ONEFST=0,	LAMBDA=1.0000,	UNIFPRIORALPHA=1,	ALPHAMAX=10.0000,	ALPHAPRIORA=1.0000,	ALPHAPRIORB=2.0000,	ALPHAPROPSD=0.0250,	STARTATPOPINFO=0,	RANDOMIZE=1,	LINKAGE=0,	METROFREQ=10,	REPORTHITRATE=0,	MARKOVPHASE=-1,	PHASED=0,	PLOIDY=2,	PHASEINFO=0	LOCPRIOR=0, 	LOCPRIORINIT=1.000000, 	LOCDATA=0, 	LOCISPOP=0, 	LOCPRIORSTEP=0.100000, 	MAXLOCPRIOR=20.000000, 	SEED=1689805565,	
[STRAT parameters]:    NUMSIMSTATS=1000,	PHENOTYPECOL=-9,	POOLFREQ=10,	LOCUSxONLY=0,	EMERROR=0.00100,	MISSINGPHENO=-9,	