

----------------------------------------------------
STRUCTURE by Pritchard, Stephens and Donnelly (2000)
     and Falush, Stephens and Pritchard (2003)
       Code by Pritchard, Falush and Hubisz
             Version 2.3.4 (Jul 2012)
----------------------------------------------------



Command line arguments:   bin\structure -m C:\Users\eschumacher\Documents\GitHub\Ten_Oaks\Data_Files\QUTO_wild\50-50\mainparams -e C:\Users\eschumacher\Documents\GitHub\Ten_Oaks\Data_Files\QUTO_wild\50-50\extraparams 
Input File:    C:\Users\eschumacher\Documents\GitHub\Ten_Oaks\Data_Files\QUTO_wild\project_data

Run parameters:
   136 individuals
   9 loci
   15 populations assumed
   50000 Burn-in period
   50000 Reps


--------------------------------------------
Proportion of membership of each pre-defined
 population in each of the 15 clusters

Given    Inferred Clusters                                                                                           Number of
 Pop       1      2      3      4      5      6      7      8      9     10     11     12     13     14     15      Individuals

  1:     0.020  0.022  0.016  0.164  0.016  0.011  0.028  0.020  0.015  0.017  0.028  0.188  0.264  0.035  0.154        1
  2:     0.009  0.006  0.448  0.010  0.463  0.005  0.004  0.006  0.006  0.006  0.011  0.010  0.007  0.005  0.006        4
  3:     0.808  0.013  0.008  0.025  0.012  0.013  0.007  0.011  0.006  0.016  0.017  0.018  0.020  0.004  0.021        4
  4:     0.041  0.008  0.006  0.138  0.008  0.004  0.008  0.011  0.554  0.005  0.008  0.026  0.028  0.008  0.147        5
  5:     0.140  0.014  0.145  0.073  0.108  0.019  0.076  0.020  0.013  0.015  0.131  0.060  0.086  0.029  0.068       71
  6:     0.004  0.300  0.004  0.016  0.005  0.007  0.003  0.021  0.183  0.028  0.007  0.161  0.004  0.005  0.252        2
  7:     0.010  0.009  0.017  0.089  0.012  0.031  0.006  0.041  0.006  0.024  0.007  0.046  0.011  0.641  0.048        5
  8:     0.012  0.172  0.011  0.104  0.012  0.019  0.037  0.209  0.078  0.056  0.057  0.082  0.052  0.016  0.084       10
  9:     0.080  0.046  0.017  0.056  0.015  0.019  0.024  0.442  0.126  0.051  0.025  0.045  0.012  0.010  0.033        8
 10:     0.015  0.027  0.119  0.065  0.031  0.054  0.019  0.019  0.136  0.326  0.007  0.075  0.034  0.048  0.026        9
 11:     0.015  0.028  0.011  0.054  0.037  0.578  0.013  0.007  0.049  0.077  0.011  0.068  0.033  0.005  0.014        3
 12:     0.047  0.073  0.007  0.035  0.009  0.006  0.012  0.031  0.010  0.008  0.012  0.024  0.060  0.639  0.026        1
 13:     0.006  0.018  0.042  0.032  0.016  0.026  0.008  0.008  0.008  0.573  0.010  0.076  0.025  0.067  0.084        3
 14:     0.005  0.011  0.017  0.274  0.024  0.006  0.008  0.048  0.117  0.009  0.007  0.056  0.006  0.028  0.385        1
 15:     0.005  0.005  0.004  0.006  0.004  0.916  0.003  0.005  0.005  0.005  0.022  0.006  0.004  0.005  0.006        2
 16:     0.009  0.024  0.027  0.034  0.037  0.010  0.007  0.035  0.015  0.244  0.035  0.178  0.028  0.035  0.283        4
 17:     0.008  0.893  0.005  0.007  0.005  0.004  0.010  0.005  0.005  0.007  0.005  0.007  0.031  0.003  0.006        3
--------------------------------------------

Allele-freq. divergence among pops (Net nucleotide distance),
computed using point estimates of P.

      1       2       3       4       5       6       7       8       9      10      11      12      13      14      15      
 1      -    0.1190  0.2503  0.1099  0.2412  0.3027  0.2065  0.1349  0.2074  0.1707  0.1856  0.1112  0.1033  0.3680  0.1540  
 2   0.1190     -    0.2090  0.0663  0.1587  0.2143  0.1759  0.1040  0.1538  0.0958  0.2077  0.0594  0.0893  0.2968  0.0841  
 3   0.2503  0.2090     -    0.1404  0.1257  0.2330  0.2659  0.1645  0.1825  0.2104  0.2778  0.1196  0.1826  0.3247  0.1615  
 4   0.1099  0.0663  0.1404     -    0.0971  0.1348  0.1174  0.0417  0.0973  0.0836  0.1092  0.0078  0.0494  0.1592  0.0115  
 5   0.2412  0.1587  0.1257  0.0971     -    0.1893  0.2426  0.1444  0.1558  0.1374  0.2289  0.0926  0.1770  0.2310  0.1115  
 6   0.3027  0.2143  0.2330  0.1348  0.1893     -    0.2293  0.1642  0.2216  0.1547  0.1870  0.1255  0.2032  0.2608  0.1457  
 7   0.2065  0.1759  0.2659  0.1174  0.2426  0.2293     -    0.1586  0.1854  0.2097  0.2517  0.1239  0.1073  0.2787  0.1621  
 8   0.1349  0.1040  0.1645  0.0417  0.1444  0.1642  0.1586     -    0.1100  0.1012  0.1623  0.0454  0.1093  0.1754  0.0579  
 9   0.2074  0.1538  0.1825  0.0973  0.1558  0.2216  0.1854  0.1100     -    0.1496  0.2300  0.0918  0.1675  0.2467  0.1218  
10   0.1707  0.0958  0.2104  0.0836  0.1374  0.1547  0.2097  0.1012  0.1496     -    0.1803  0.0733  0.1680  0.2567  0.0817  
11   0.1856  0.2077  0.2778  0.1092  0.2289  0.1870  0.2517  0.1623  0.2300  0.1803     -    0.1083  0.1629  0.2633  0.1004  
12   0.1112  0.0594  0.1196  0.0078  0.0926  0.1255  0.1239  0.0454  0.0918  0.0733  0.1083     -    0.0446  0.1715  0.0165  
13   0.1033  0.0893  0.1826  0.0494  0.1770  0.2032  0.1073  0.1093  0.1675  0.1680  0.1629  0.0446     -    0.2523  0.0787  
14   0.3680  0.2968  0.3247  0.1592  0.2310  0.2608  0.2787  0.1754  0.2467  0.2567  0.2633  0.1715  0.2523     -    0.1680  
15   0.1540  0.0841  0.1615  0.0115  0.1115  0.1457  0.1621  0.0579  0.1218  0.0817  0.1004  0.0165  0.0787  0.1680     -    

Average distances (expected heterozygosity) between individuals in same cluster:
cluster  1  : 0.3094 
cluster  2  : 0.5033 
cluster  3  : 0.3163 
cluster  4  : 0.5333 
cluster  5  : 0.4172 
cluster  6  : 0.4318 
cluster  7  : 0.3677 
cluster  8  : 0.6142 
cluster  9  : 0.5028 
cluster 10  : 0.4817 
cluster 11  : 0.2478 
cluster 12  : 0.5518 
cluster 13  : 0.3878 
cluster 14  : 0.3450 
cluster 15  : 0.4589 

--------------------------------------------
Estimated Ln Prob of Data   = -2159.0
Mean value of ln likelihood = -1849.8
Variance of ln likelihood   = 618.2
Mean value of alpha         = 0.0358

Mean value of Fst_1         = 0.4759
Mean value of Fst_2         = 0.2961
Mean value of Fst_3         = 0.4863
Mean value of Fst_4         = 0.1448
Mean value of Fst_5         = 0.4019
Mean value of Fst_6         = 0.4019
Mean value of Fst_7         = 0.5142
Mean value of Fst_8         = 0.1715
Mean value of Fst_9         = 0.3276
Mean value of Fst_10         = 0.2981
Mean value of Fst_11         = 0.5820
Mean value of Fst_12         = 0.1791
Mean value of Fst_13         = 0.4254
Mean value of Fst_14         = 0.5279
Mean value of Fst_15         = 0.2965


Inferred ancestry of individuals:
        Label (%Miss) Pop:  Inferred clusters
  1 QTo-W-0007   (11)    1 :  0.020 0.022 0.016 0.164 0.016 0.011 0.028 0.020 0.015 0.017 0.028 0.188 0.264 0.035 0.154 
  2 QTo-W-0009    (0)    2 :  0.019 0.005 0.008 0.007 0.890 0.004 0.004 0.005 0.004 0.004 0.028 0.006 0.006 0.005 0.005 
  3 QTo-W-0010    (0)    2 :  0.005 0.009 0.844 0.020 0.032 0.006 0.004 0.010 0.009 0.010 0.005 0.020 0.008 0.007 0.010 
  4 QTo-W-0011    (0)    2 :  0.005 0.005 0.009 0.006 0.925 0.004 0.004 0.004 0.004 0.004 0.005 0.006 0.007 0.006 0.005 
  5 QTo-W-0012   (22)    2 :  0.005 0.005 0.931 0.005 0.007 0.004 0.004 0.005 0.005 0.005 0.004 0.006 0.006 0.003 0.005 
  6 QTo-W-0020   (22)    3 :  0.933 0.004 0.007 0.004 0.004 0.003 0.004 0.010 0.005 0.004 0.007 0.004 0.004 0.003 0.004 
  7 QTo-W-0021   (22)    3 :  0.860 0.012 0.005 0.013 0.006 0.006 0.012 0.010 0.006 0.008 0.016 0.010 0.017 0.005 0.013 
  8 QTo-W-0023   (22)    3 :  0.866 0.012 0.008 0.007 0.006 0.005 0.006 0.008 0.005 0.007 0.038 0.010 0.012 0.004 0.007 
  9 QTo-W-0024   (11)    3 :  0.571 0.026 0.011 0.073 0.034 0.039 0.007 0.017 0.006 0.046 0.010 0.050 0.046 0.005 0.059 
 10 QTo-W-0033    (0)    4 :  0.014 0.005 0.007 0.010 0.017 0.004 0.006 0.007 0.897 0.005 0.004 0.007 0.005 0.005 0.008 
 11 QTo-W-0035   (11)    4 :  0.005 0.005 0.006 0.006 0.006 0.004 0.007 0.006 0.920 0.005 0.005 0.006 0.005 0.006 0.006 
 12 QTo-W-0036    (0)    4 :  0.004 0.004 0.005 0.005 0.005 0.003 0.005 0.004 0.939 0.004 0.004 0.005 0.004 0.005 0.005 
 13 QTo-W-0039   (11)    4 :  0.120 0.015 0.005 0.319 0.008 0.005 0.015 0.012 0.006 0.006 0.015 0.065 0.083 0.011 0.314 
 14 QTo-W-0041    (0)    4 :  0.062 0.012 0.004 0.350 0.007 0.004 0.008 0.026 0.007 0.005 0.009 0.047 0.041 0.014 0.404 
 15 QTo-W-0044    (0)    5 :  0.014 0.005 0.006 0.019 0.587 0.007 0.104 0.008 0.005 0.117 0.046 0.009 0.005 0.054 0.015 
 16 QTo-W-0047    (0)    5 :  0.005 0.005 0.014 0.008 0.912 0.004 0.005 0.004 0.006 0.004 0.005 0.007 0.007 0.006 0.006 
 17 QTo-W-0048   (11)    5 :  0.006 0.006 0.015 0.007 0.900 0.006 0.005 0.005 0.005 0.006 0.006 0.009 0.009 0.009 0.008 
 18 QTo-W-0049    (0)    5 :  0.005 0.006 0.898 0.006 0.027 0.004 0.004 0.005 0.008 0.006 0.005 0.007 0.007 0.006 0.007 
 19 QTo-W-0050   (22)    5 :  0.019 0.013 0.032 0.040 0.030 0.074 0.007 0.025 0.148 0.016 0.483 0.049 0.012 0.006 0.047 
 20 QTo-W-0052    (0)    5 :  0.005 0.005 0.013 0.014 0.011 0.014 0.120 0.010 0.006 0.029 0.005 0.018 0.013 0.727 0.010 
 21 QTo-W-0054    (0)    5 :  0.005 0.004 0.938 0.005 0.006 0.004 0.003 0.004 0.004 0.004 0.004 0.005 0.005 0.003 0.005 
 22 QTo-W-0056    (0)    5 :  0.004 0.004 0.919 0.005 0.024 0.004 0.004 0.004 0.004 0.004 0.004 0.005 0.005 0.006 0.005 
 23 QTo-W-0057    (0)    5 :  0.004 0.005 0.774 0.009 0.149 0.005 0.003 0.005 0.007 0.006 0.004 0.007 0.005 0.009 0.008 
 24 QTo-W-0058    (0)    5 :  0.004 0.004 0.938 0.005 0.006 0.004 0.003 0.004 0.004 0.004 0.004 0.005 0.005 0.003 0.005 
 25 QTo-W-0059    (0)    5 :  0.029 0.005 0.560 0.027 0.046 0.012 0.077 0.012 0.006 0.051 0.088 0.025 0.012 0.038 0.012 
 26 QTo-W-0060    (0)    5 :  0.005 0.005 0.857 0.009 0.071 0.004 0.004 0.005 0.006 0.005 0.004 0.007 0.005 0.007 0.008 
 27 QTo-W-0061    (0)    5 :  0.042 0.039 0.475 0.117 0.005 0.009 0.012 0.018 0.006 0.011 0.009 0.091 0.066 0.011 0.088 
 28 QTo-W-0062   (11)    5 :  0.006 0.005 0.924 0.005 0.009 0.005 0.004 0.005 0.005 0.005 0.006 0.006 0.006 0.004 0.006 
 29 QTo-W-0065   (11)    5 :  0.057 0.030 0.715 0.020 0.008 0.006 0.023 0.011 0.005 0.011 0.011 0.031 0.049 0.004 0.019 
 30 QTo-W-0067    (0)    5 :  0.034 0.013 0.752 0.031 0.036 0.004 0.012 0.008 0.007 0.006 0.009 0.027 0.027 0.009 0.024 
 31 QTo-W-0071    (0)    5 :  0.014 0.009 0.005 0.382 0.009 0.012 0.006 0.008 0.005 0.007 0.010 0.030 0.019 0.008 0.473 
 32 QTo-W-0072    (0)    5 :  0.204 0.010 0.003 0.018 0.004 0.004 0.008 0.013 0.007 0.023 0.644 0.016 0.020 0.009 0.017 
 33 QTo-W-0075    (0)    5 :  0.811 0.006 0.004 0.013 0.006 0.012 0.015 0.006 0.004 0.010 0.062 0.012 0.018 0.011 0.010 
 34 QTo-W-0076   (11)    5 :  0.808 0.015 0.008 0.021 0.011 0.011 0.007 0.011 0.011 0.034 0.018 0.014 0.010 0.004 0.018 
 35 QTo-W-0077   (11)    5 :  0.345 0.012 0.030 0.031 0.335 0.006 0.010 0.014 0.012 0.008 0.048 0.057 0.069 0.005 0.019 
 36 QTo-W-0079    (0)    5 :  0.945 0.004 0.005 0.004 0.003 0.003 0.003 0.006 0.004 0.004 0.005 0.004 0.004 0.003 0.004 
 37 QTo-W-0080   (11)    5 :  0.155 0.020 0.144 0.197 0.008 0.007 0.009 0.115 0.010 0.036 0.008 0.133 0.034 0.012 0.111 
 38 QTo-W-0081   (11)    5 :  0.872 0.011 0.008 0.011 0.007 0.005 0.009 0.006 0.011 0.014 0.006 0.014 0.015 0.004 0.008 
 39 QTo-W-0082    (0)    5 :  0.766 0.009 0.015 0.050 0.006 0.009 0.006 0.018 0.005 0.014 0.011 0.014 0.007 0.004 0.067 
 40 QTo-W-0087    (0)    5 :  0.914 0.006 0.008 0.005 0.005 0.004 0.004 0.005 0.004 0.005 0.019 0.006 0.007 0.003 0.005 
 41 QTo-W-0088   (11)    5 :  0.907 0.008 0.012 0.007 0.007 0.004 0.005 0.005 0.004 0.006 0.008 0.008 0.010 0.004 0.006 
 42 QTo-W-0089   (11)    5 :  0.900 0.008 0.004 0.008 0.005 0.004 0.008 0.006 0.010 0.009 0.010 0.007 0.010 0.004 0.008 
 43 QTo-W-0090    (0)    5 :  0.773 0.009 0.008 0.044 0.027 0.004 0.007 0.009 0.030 0.012 0.007 0.026 0.012 0.004 0.028 
 44 QTo-W-0093   (11)    5 :  0.262 0.018 0.037 0.119 0.022 0.044 0.006 0.031 0.006 0.039 0.216 0.055 0.017 0.015 0.111 
 45 QTo-W-0098    (0)    5 :  0.008 0.007 0.013 0.011 0.010 0.012 0.005 0.006 0.004 0.008 0.873 0.012 0.013 0.007 0.010 
 46 QTo-W-0101   (11)    5 :  0.011 0.008 0.017 0.016 0.012 0.015 0.007 0.008 0.006 0.012 0.820 0.019 0.022 0.009 0.016 
 47 QTo-W-0114    (0)    5 :  0.012 0.005 0.004 0.008 0.004 0.005 0.007 0.005 0.004 0.005 0.908 0.008 0.012 0.005 0.008 
 48 QTo-W-0116   (11)    5 :  0.006 0.005 0.005 0.006 0.006 0.010 0.005 0.004 0.004 0.007 0.920 0.006 0.006 0.004 0.006 
 49 QTo-W-0117   (22)    5 :  0.009 0.006 0.007 0.008 0.008 0.011 0.005 0.006 0.005 0.008 0.896 0.008 0.007 0.005 0.011 
 50 QTo-W-0118    (0)    5 :  0.005 0.004 0.004 0.005 0.004 0.006 0.004 0.003 0.003 0.005 0.940 0.004 0.004 0.004 0.005 
 51 QTo-W-0121   (11)    5 :  0.040 0.006 0.005 0.012 0.026 0.009 0.005 0.006 0.005 0.010 0.844 0.011 0.008 0.004 0.010 
 52 QTo-W-0124   (11)    5 :  0.004 0.005 0.040 0.008 0.880 0.006 0.004 0.006 0.009 0.007 0.005 0.008 0.005 0.005 0.008 
 53 QTo-W-0128    (0)    5 :  0.005 0.004 0.019 0.006 0.919 0.005 0.003 0.004 0.006 0.005 0.004 0.005 0.004 0.004 0.005 
 54 QTo-W-0129    (0)    5 :  0.006 0.005 0.017 0.008 0.899 0.006 0.003 0.008 0.008 0.007 0.005 0.011 0.005 0.004 0.007 
 55 QTo-W-0131   (11)    5 :  0.043 0.042 0.064 0.271 0.023 0.017 0.039 0.046 0.074 0.028 0.006 0.235 0.052 0.004 0.056 
 56 QTo-W-0133   (11)    5 :  0.020 0.033 0.023 0.083 0.037 0.233 0.024 0.008 0.014 0.013 0.010 0.145 0.141 0.153 0.064 
 57 QTo-W-0137    (0)    5 :  0.026 0.017 0.006 0.351 0.014 0.016 0.006 0.015 0.007 0.012 0.077 0.055 0.010 0.006 0.382 
 58 QTo-W-0138    (0)    5 :  0.004 0.007 0.240 0.062 0.297 0.020 0.024 0.016 0.008 0.021 0.005 0.130 0.057 0.014 0.095 
 59 QTo-W-0139    (0)    5 :  0.004 0.004 0.005 0.007 0.008 0.004 0.907 0.005 0.005 0.005 0.004 0.006 0.006 0.024 0.006 
 60 QTo-W-0140   (22)    5 :  0.005 0.004 0.005 0.006 0.004 0.005 0.926 0.005 0.007 0.005 0.005 0.006 0.005 0.006 0.006 
 61 QTo-W-0142    (0)    5 :  0.005 0.004 0.003 0.005 0.003 0.004 0.938 0.004 0.005 0.005 0.004 0.005 0.007 0.004 0.005 
 62 QTo-W-0144    (0)    5 :  0.009 0.043 0.265 0.117 0.013 0.087 0.009 0.023 0.054 0.010 0.009 0.171 0.097 0.008 0.085 
 63 QTo-W-0149   (22)    5 :  0.009 0.092 0.005 0.009 0.005 0.006 0.347 0.005 0.005 0.005 0.006 0.010 0.486 0.004 0.006 
 64 QTo-W-0151   (11)    5 :  0.033 0.008 0.014 0.008 0.004 0.006 0.347 0.016 0.004 0.006 0.005 0.020 0.510 0.006 0.014 
 65 QTo-W-0153   (22)    5 :  0.007 0.006 0.005 0.005 0.005 0.005 0.396 0.004 0.005 0.004 0.005 0.006 0.536 0.004 0.005 
 66 QTo-W-0154    (0)    5 :  0.012 0.012 0.004 0.040 0.005 0.009 0.343 0.011 0.006 0.012 0.029 0.018 0.446 0.013 0.040 
 67 QTo-W-0159   (11)    5 :  0.008 0.009 0.017 0.317 0.007 0.021 0.012 0.011 0.007 0.017 0.038 0.065 0.057 0.040 0.374 
 68 QTo-W-0161   (11)    5 :  0.009 0.009 0.005 0.074 0.005 0.010 0.284 0.024 0.009 0.009 0.035 0.018 0.417 0.016 0.076 
 69 QTo-W-0162    (0)    5 :  0.022 0.007 0.004 0.223 0.004 0.052 0.019 0.085 0.026 0.027 0.208 0.173 0.031 0.012 0.105 
 70 QTo-W-0163   (11)    5 :  0.215 0.056 0.030 0.082 0.006 0.012 0.038 0.226 0.016 0.023 0.006 0.119 0.118 0.014 0.038 
 71 QTo-W-0167   (11)    5 :  0.018 0.017 0.013 0.092 0.069 0.026 0.011 0.033 0.068 0.009 0.321 0.046 0.013 0.134 0.131 
 72 QTo-W-0170    (0)    5 :  0.007 0.009 0.006 0.283 0.021 0.022 0.007 0.023 0.010 0.024 0.032 0.058 0.011 0.084 0.403 
 73 QTo-W-0171   (22)    5 :  0.014 0.016 0.101 0.202 0.048 0.091 0.015 0.045 0.044 0.025 0.013 0.079 0.023 0.007 0.277 
 74 QTo-W-0172   (22)    5 :  0.006 0.010 0.008 0.248 0.009 0.132 0.031 0.025 0.045 0.028 0.076 0.202 0.011 0.099 0.069 
 75 QTo-W-0173   (11)    5 :  0.009 0.011 0.008 0.374 0.012 0.006 0.009 0.009 0.006 0.008 0.014 0.033 0.018 0.036 0.446 
 76 QTo-W-0174    (0)    5 :  0.045 0.016 0.016 0.094 0.010 0.008 0.011 0.014 0.012 0.010 0.297 0.152 0.191 0.038 0.086 
 77 QTo-W-0175    (0)    5 :  0.016 0.018 0.102 0.195 0.037 0.023 0.017 0.012 0.010 0.012 0.007 0.261 0.159 0.005 0.125 
 78 QTo-W-0182   (22)    5 :  0.008 0.009 0.008 0.008 0.895 0.006 0.004 0.006 0.005 0.011 0.008 0.010 0.007 0.006 0.009 
 79 QTo-W-0184    (0)    5 :  0.044 0.016 0.011 0.125 0.015 0.010 0.011 0.230 0.064 0.117 0.038 0.108 0.086 0.043 0.082 
 80 QTo-W-0188    (0)    5 :  0.005 0.010 0.016 0.249 0.013 0.076 0.009 0.016 0.005 0.010 0.012 0.058 0.055 0.202 0.263 
 81 QTo-W-0192   (11)    5 :  0.010 0.008 0.012 0.016 0.034 0.006 0.009 0.007 0.006 0.007 0.011 0.323 0.503 0.006 0.043 
 82 QTo-W-0193    (0)    5 :  0.007 0.008 0.029 0.020 0.006 0.005 0.007 0.006 0.004 0.006 0.007 0.335 0.512 0.005 0.042 
 83 QTo-W-0194    (0)    5 :  0.007 0.007 0.024 0.013 0.021 0.004 0.005 0.005 0.004 0.005 0.006 0.333 0.515 0.006 0.045 
 84 QTo-W-0196   (11)    5 :  0.053 0.089 0.011 0.148 0.008 0.033 0.048 0.013 0.006 0.017 0.021 0.163 0.254 0.028 0.107 
 85 QTo-W-0197    (0)    5 :  0.205 0.067 0.007 0.147 0.013 0.033 0.027 0.009 0.005 0.017 0.014 0.132 0.202 0.022 0.100 
 86 QTo-W-0200   (11)    6 :  0.004 0.300 0.004 0.016 0.005 0.007 0.003 0.021 0.183 0.028 0.008 0.160 0.004 0.005 0.252 
 87 QTo-W-0201   (22)    6 :  0.004 0.299 0.004 0.015 0.005 0.007 0.003 0.022 0.183 0.028 0.007 0.161 0.005 0.006 0.251 
 88 QTo-W-0205    (0)    7 :  0.003 0.003 0.003 0.004 0.003 0.006 0.004 0.004 0.003 0.003 0.004 0.004 0.004 0.947 0.004 
 89 QTo-W-0208    (0)    7 :  0.037 0.028 0.065 0.161 0.045 0.017 0.014 0.161 0.012 0.103 0.011 0.086 0.020 0.194 0.046 
 90 QTo-W-0211    (0)    7 :  0.004 0.008 0.008 0.262 0.005 0.126 0.005 0.029 0.007 0.006 0.014 0.131 0.024 0.194 0.175 
 91 QTo-W-0212   (11)    7 :  0.003 0.003 0.005 0.005 0.005 0.004 0.003 0.004 0.004 0.004 0.004 0.004 0.004 0.943 0.005 
 92 QTo-W-0213    (0)    7 :  0.003 0.003 0.004 0.011 0.004 0.005 0.003 0.007 0.004 0.004 0.004 0.005 0.004 0.929 0.011 
 93 QTo-W-0216   (11)    8 :  0.008 0.724 0.008 0.008 0.008 0.006 0.006 0.007 0.005 0.010 0.006 0.012 0.178 0.006 0.008 
 94 QTo-W-0220    (0)    8 :  0.006 0.700 0.011 0.016 0.021 0.005 0.005 0.017 0.005 0.010 0.005 0.014 0.172 0.005 0.009 
 95 QTo-W-0224   (11)    8 :  0.009 0.021 0.033 0.082 0.032 0.070 0.034 0.045 0.053 0.317 0.014 0.135 0.012 0.008 0.137 
 96 QTo-W-0225   (11)    8 :  0.010 0.007 0.017 0.014 0.008 0.005 0.004 0.868 0.005 0.008 0.005 0.012 0.005 0.018 0.015 
 97 QTo-W-0227   (11)    8 :  0.018 0.195 0.007 0.082 0.013 0.049 0.019 0.055 0.142 0.137 0.009 0.128 0.099 0.006 0.039 
 98 QTo-W-0229    (0)    8 :  0.040 0.011 0.008 0.011 0.003 0.003 0.005 0.868 0.005 0.010 0.003 0.009 0.005 0.004 0.014 
 99 QTo-W-0231    (0)    8 :  0.007 0.015 0.006 0.393 0.012 0.005 0.006 0.044 0.108 0.007 0.003 0.340 0.004 0.029 0.020 
100 QTo-W-0238   (22)    8 :  0.008 0.015 0.008 0.231 0.009 0.011 0.031 0.072 0.025 0.036 0.024 0.060 0.015 0.039 0.414 
101 QTo-W-0240    (0)    8 :  0.006 0.017 0.007 0.175 0.013 0.010 0.014 0.031 0.403 0.015 0.021 0.086 0.011 0.028 0.164 
102 QTo-W-0242    (0)    8 :  0.008 0.013 0.004 0.033 0.004 0.025 0.240 0.083 0.025 0.008 0.479 0.023 0.016 0.014 0.024 
103 QTo-W-0244    (0)    9 :  0.009 0.008 0.003 0.022 0.004 0.016 0.010 0.020 0.681 0.068 0.035 0.032 0.005 0.008 0.078 
104 QTo-W-0245   (11)    9 :  0.012 0.012 0.006 0.065 0.012 0.015 0.021 0.449 0.219 0.032 0.010 0.072 0.012 0.011 0.053 
105 QTo-W-0251    (0)    9 :  0.352 0.308 0.004 0.055 0.004 0.053 0.007 0.010 0.005 0.009 0.082 0.053 0.024 0.012 0.021 
106 QTo-W-0253    (0)    9 :  0.016 0.010 0.004 0.029 0.004 0.005 0.007 0.818 0.006 0.032 0.020 0.018 0.008 0.008 0.017 
107 QTo-W-0256   (11)    9 :  0.089 0.012 0.073 0.061 0.080 0.007 0.006 0.469 0.041 0.048 0.006 0.058 0.009 0.006 0.034 
108 QTo-W-0258    (0)    9 :  0.137 0.010 0.032 0.088 0.010 0.007 0.028 0.337 0.024 0.212 0.005 0.064 0.007 0.004 0.037 
109 QTo-W-0259    (0)    9 :  0.016 0.005 0.005 0.036 0.004 0.011 0.062 0.760 0.014 0.004 0.028 0.017 0.018 0.010 0.009 
110 QTo-W-0260   (22)    9 :  0.005 0.006 0.005 0.095 0.004 0.033 0.048 0.671 0.020 0.005 0.010 0.047 0.011 0.024 0.014 
111 QTo-W-0274   (11)   10 :  0.012 0.013 0.005 0.027 0.005 0.007 0.005 0.026 0.005 0.849 0.006 0.016 0.008 0.004 0.010 
112 QTo-W-0275    (0)   10 :  0.004 0.106 0.261 0.094 0.037 0.125 0.015 0.008 0.108 0.031 0.007 0.095 0.078 0.011 0.022 
113 QTo-W-0278    (0)   10 :  0.057 0.044 0.011 0.063 0.008 0.144 0.036 0.025 0.029 0.123 0.008 0.159 0.143 0.104 0.046 
114 QTo-W-0283   (11)   10 :  0.015 0.008 0.043 0.056 0.030 0.008 0.009 0.022 0.558 0.019 0.006 0.068 0.016 0.129 0.013 
115 QTo-W-0284    (0)   10 :  0.010 0.042 0.022 0.089 0.016 0.011 0.011 0.017 0.461 0.026 0.007 0.111 0.014 0.149 0.015 
116 QTo-W-0287   (22)   10 :  0.013 0.008 0.006 0.010 0.008 0.004 0.008 0.006 0.011 0.894 0.005 0.009 0.005 0.004 0.008 
117 QTo-W-0289   (22)   10 :  0.010 0.010 0.006 0.007 0.008 0.007 0.005 0.006 0.005 0.901 0.008 0.009 0.006 0.005 0.008 
118 QTo-W-0293    (0)   10 :  0.004 0.006 0.017 0.216 0.156 0.164 0.026 0.034 0.018 0.080 0.007 0.162 0.013 0.006 0.092 
119 QTo-W-0295   (11)   10 :  0.007 0.008 0.697 0.029 0.008 0.011 0.052 0.025 0.030 0.010 0.005 0.048 0.027 0.019 0.024 
120 QTo-W-0296   (11)   11 :  0.006 0.006 0.010 0.009 0.007 0.847 0.016 0.006 0.006 0.008 0.010 0.008 0.047 0.004 0.009 
121 QTo-W-0298    (0)   11 :  0.005 0.004 0.008 0.007 0.006 0.869 0.017 0.004 0.004 0.008 0.009 0.008 0.039 0.005 0.007 
122 QTo-W-0300   (11)   11 :  0.034 0.073 0.014 0.147 0.097 0.016 0.005 0.011 0.138 0.215 0.013 0.188 0.015 0.006 0.027 
123 QTo-W-0302    (0)   12 :  0.047 0.073 0.007 0.035 0.009 0.006 0.012 0.031 0.010 0.008 0.012 0.024 0.060 0.639 0.026 
124 QTo-W-0305    (0)   13 :  0.007 0.016 0.006 0.016 0.007 0.023 0.013 0.005 0.009 0.844 0.006 0.018 0.008 0.006 0.017 
125 QTo-W-0308   (11)   13 :  0.008 0.028 0.007 0.018 0.009 0.035 0.007 0.008 0.006 0.799 0.008 0.028 0.010 0.007 0.023 
126 QTo-W-0309   (11)   13 :  0.005 0.010 0.114 0.062 0.031 0.019 0.005 0.011 0.008 0.077 0.017 0.182 0.057 0.188 0.214 
127 QTo-W-0311    (0)   14 :  0.005 0.011 0.017 0.274 0.024 0.006 0.008 0.048 0.117 0.009 0.007 0.056 0.006 0.028 0.385 
128 QTo-W-0312    (0)   15 :  0.006 0.004 0.003 0.006 0.004 0.902 0.003 0.004 0.004 0.005 0.036 0.006 0.004 0.005 0.006 
129 QTo-W-0315   (11)   15 :  0.004 0.005 0.004 0.005 0.004 0.930 0.003 0.005 0.005 0.005 0.007 0.006 0.004 0.005 0.007 
130 QTo-W-0318    (0)   16 :  0.004 0.016 0.016 0.016 0.006 0.013 0.009 0.011 0.010 0.349 0.032 0.178 0.013 0.037 0.289 
131 QTo-W-0322   (11)   16 :  0.005 0.029 0.009 0.016 0.009 0.009 0.007 0.017 0.023 0.330 0.036 0.185 0.008 0.019 0.297 
132 QTo-W-0326   (22)   16 :  0.007 0.032 0.034 0.063 0.093 0.010 0.007 0.027 0.016 0.159 0.048 0.155 0.033 0.037 0.280 
133 QTo-W-0327   (11)   16 :  0.021 0.020 0.048 0.041 0.040 0.008 0.006 0.085 0.011 0.138 0.022 0.194 0.058 0.046 0.265 
134 QTo-W-0328    (0)   17 :  0.006 0.840 0.005 0.008 0.004 0.004 0.018 0.004 0.006 0.007 0.004 0.006 0.079 0.003 0.006 
135 QTo-W-0329    (0)   17 :  0.008 0.931 0.004 0.006 0.004 0.004 0.005 0.004 0.004 0.006 0.004 0.006 0.006 0.003 0.005 
136 QTo-W-0330   (11)   17 :  0.011 0.907 0.006 0.008 0.005 0.004 0.006 0.005 0.006 0.009 0.006 0.008 0.008 0.003 0.008 


Estimated Allele Frequencies in each cluster
First column gives estimated ancestral frequencies


Locus 1 : 
4 alleles
0.7% missing data
 149   (0.831) 0.993 0.970 0.993 0.897 0.987 0.626 0.973 0.469 0.922 0.972 0.993 0.910 0.982 0.241 0.968 
 147   (0.069) 0.003 0.012 0.003 0.040 0.005 0.353 0.016 0.093 0.014 0.010 0.003 0.036 0.007 0.229 0.011 
 155   (0.059) 0.002 0.011 0.003 0.038 0.005 0.014 0.005 0.019 0.053 0.010 0.003 0.033 0.007 0.526 0.014 
 161   (0.041) 0.002 0.007 0.002 0.025 0.003 0.007 0.005 0.419 0.011 0.007 0.002 0.021 0.004 0.003 0.008 

Locus 2 : 
6 alleles
12.5% missing data
 179   (0.351) 0.966 0.852 0.065 0.468 0.034 0.080 0.773 0.360 0.068 0.347 0.247 0.457 0.882 0.031 0.387 
 176   (0.150) 0.007 0.032 0.158 0.162 0.544 0.036 0.146 0.072 0.061 0.049 0.013 0.092 0.027 0.926 0.130 
 173   (0.256) 0.015 0.063 0.744 0.202 0.399 0.076 0.045 0.295 0.761 0.120 0.016 0.187 0.053 0.019 0.182 
 164   (0.030) 0.001 0.007 0.024 0.017 0.004 0.005 0.004 0.013 0.006 0.008 0.001 0.017 0.004 0.002 0.007 
 182   (0.155) 0.008 0.035 0.007 0.112 0.014 0.795 0.024 0.074 0.090 0.374 0.719 0.213 0.021 0.016 0.272 
 170   (0.059) 0.003 0.012 0.003 0.039 0.005 0.009 0.008 0.186 0.015 0.103 0.003 0.035 0.012 0.005 0.022 

Locus 3 : 
17 alleles
0.0% missing data
 220   (0.158) 0.008 0.158 0.109 0.115 0.435 0.056 0.026 0.112 0.333 0.219 0.010 0.165 0.100 0.531 0.117 
 222   (0.185) 0.217 0.247 0.022 0.292 0.018 0.229 0.439 0.285 0.095 0.195 0.014 0.137 0.120 0.021 0.301 
 218   (0.156) 0.184 0.369 0.668 0.109 0.441 0.029 0.020 0.117 0.075 0.294 0.008 0.262 0.198 0.020 0.168 
 226   (0.064) 0.547 0.015 0.006 0.039 0.064 0.012 0.020 0.099 0.011 0.017 0.930 0.038 0.013 0.009 0.016 
 258   (0.065) 0.010 0.016 0.005 0.088 0.010 0.277 0.010 0.026 0.013 0.018 0.003 0.051 0.024 0.017 0.090 
 224   (0.050) 0.002 0.050 0.002 0.027 0.005 0.188 0.005 0.032 0.366 0.010 0.014 0.051 0.006 0.008 0.050 
 228   (0.070) 0.021 0.045 0.007 0.178 0.006 0.039 0.012 0.025 0.013 0.015 0.008 0.083 0.056 0.372 0.169 
 256   (0.020) 0.001 0.004 0.171 0.012 0.002 0.003 0.002 0.006 0.003 0.003 0.001 0.011 0.002 0.001 0.003 
 264   (0.022) 0.001 0.004 0.001 0.011 0.002 0.003 0.245 0.006 0.003 0.003 0.001 0.011 0.002 0.001 0.003 
 230   (0.027) 0.001 0.005 0.001 0.015 0.002 0.123 0.194 0.007 0.004 0.004 0.001 0.014 0.364 0.002 0.005 
 260   (0.035) 0.002 0.007 0.001 0.029 0.003 0.008 0.004 0.018 0.032 0.006 0.004 0.023 0.005 0.004 0.016 
 262   (0.019) 0.001 0.004 0.001 0.013 0.002 0.011 0.003 0.006 0.005 0.004 0.002 0.011 0.002 0.005 0.005 
 234   (0.025) 0.001 0.004 0.001 0.013 0.002 0.003 0.002 0.007 0.003 0.004 0.001 0.065 0.091 0.002 0.010 
 232   (0.031) 0.001 0.058 0.001 0.018 0.002 0.006 0.003 0.012 0.030 0.011 0.001 0.039 0.007 0.002 0.037 
 250   (0.021) 0.001 0.004 0.001 0.011 0.002 0.003 0.002 0.154 0.003 0.003 0.001 0.011 0.002 0.001 0.003 
 216   (0.021) 0.001 0.004 0.001 0.012 0.002 0.006 0.009 0.080 0.004 0.003 0.001 0.012 0.003 0.002 0.004 
 266   (0.029) 0.001 0.007 0.001 0.016 0.003 0.004 0.003 0.008 0.007 0.190 0.001 0.016 0.003 0.002 0.005 

Locus 4 : 
2 alleles
1.5% missing data
 137   (0.975) 0.999 0.899 0.999 0.987 0.998 0.997 0.998 0.993 0.997 0.996 0.999 0.987 0.979 0.998 0.996 
 139   (0.025) 0.001 0.101 0.001 0.013 0.002 0.003 0.002 0.007 0.003 0.004 0.001 0.013 0.021 0.002 0.004 

Locus 5 : 
17 alleles
11.8% missing data
 187   (0.269) 0.016 0.143 0.015 0.496 0.030 0.053 0.076 0.527 0.284 0.268 0.742 0.454 0.314 0.836 0.747 
 243   (0.042) 0.003 0.007 0.002 0.023 0.418 0.005 0.004 0.012 0.007 0.010 0.002 0.061 0.066 0.003 0.011 
 203   (0.084) 0.359 0.017 0.929 0.051 0.010 0.012 0.008 0.236 0.014 0.039 0.006 0.048 0.012 0.008 0.020 
 201   (0.121) 0.451 0.035 0.006 0.117 0.335 0.019 0.013 0.057 0.035 0.069 0.044 0.088 0.050 0.010 0.063 
 197   (0.069) 0.142 0.024 0.003 0.038 0.006 0.011 0.007 0.022 0.576 0.219 0.004 0.040 0.017 0.006 0.013 
 195   (0.064) 0.004 0.012 0.006 0.036 0.028 0.010 0.674 0.031 0.011 0.276 0.005 0.034 0.009 0.080 0.015 
 247   (0.027) 0.001 0.005 0.001 0.014 0.103 0.003 0.003 0.008 0.004 0.006 0.001 0.014 0.004 0.002 0.005 
 235   (0.032) 0.004 0.007 0.002 0.039 0.003 0.005 0.003 0.016 0.006 0.011 0.004 0.021 0.005 0.003 0.028 
 249   (0.024) 0.001 0.004 0.001 0.016 0.002 0.003 0.002 0.006 0.004 0.005 0.177 0.011 0.003 0.002 0.003 
 199   (0.047) 0.006 0.040 0.005 0.034 0.005 0.818 0.009 0.015 0.013 0.025 0.003 0.060 0.043 0.016 0.014 
 245   (0.040) 0.002 0.008 0.020 0.026 0.030 0.009 0.009 0.013 0.007 0.013 0.002 0.055 0.030 0.004 0.038 
 219   (0.047) 0.002 0.109 0.003 0.025 0.005 0.010 0.169 0.014 0.012 0.013 0.002 0.027 0.333 0.004 0.008 
 217   (0.032) 0.003 0.345 0.001 0.019 0.003 0.005 0.013 0.009 0.005 0.008 0.002 0.017 0.023 0.002 0.005 
 229   (0.021) 0.001 0.004 0.001 0.014 0.002 0.003 0.002 0.006 0.003 0.005 0.001 0.026 0.030 0.002 0.005 
 215   (0.030) 0.002 0.231 0.001 0.020 0.003 0.004 0.003 0.011 0.005 0.007 0.002 0.014 0.055 0.019 0.005 
 205   (0.022) 0.001 0.004 0.001 0.015 0.002 0.003 0.002 0.007 0.007 0.005 0.001 0.011 0.002 0.002 0.004 
 227   (0.029) 0.001 0.005 0.001 0.019 0.015 0.025 0.005 0.011 0.006 0.021 0.001 0.017 0.004 0.002 0.016 

Locus 6 : 
25 alleles
30.9% missing data
 214   (0.065) 0.006 0.078 0.121 0.039 0.209 0.020 0.011 0.027 0.027 0.030 0.004 0.043 0.024 0.007 0.024 
 222   (0.062) 0.029 0.018 0.082 0.118 0.483 0.015 0.009 0.023 0.143 0.015 0.005 0.036 0.012 0.007 0.110 
 206   (0.063) 0.009 0.022 0.368 0.085 0.008 0.048 0.011 0.031 0.020 0.015 0.010 0.124 0.152 0.027 0.074 
 218   (0.076) 0.011 0.025 0.368 0.053 0.019 0.036 0.047 0.036 0.020 0.085 0.005 0.207 0.212 0.094 0.147 
 216   (0.063) 0.399 0.026 0.003 0.040 0.007 0.018 0.030 0.317 0.016 0.027 0.008 0.051 0.079 0.035 0.040 
 208   (0.045) 0.205 0.012 0.002 0.027 0.005 0.011 0.006 0.050 0.121 0.014 0.003 0.029 0.012 0.005 0.015 
 238   (0.045) 0.161 0.017 0.002 0.036 0.005 0.112 0.007 0.016 0.010 0.009 0.528 0.027 0.009 0.004 0.022 
 204   (0.015) 0.001 0.004 0.001 0.009 0.002 0.003 0.002 0.005 0.357 0.004 0.001 0.009 0.003 0.001 0.004 
 234   (0.043) 0.008 0.012 0.003 0.086 0.004 0.015 0.006 0.076 0.010 0.010 0.003 0.028 0.010 0.121 0.083 
 242   (0.039) 0.004 0.061 0.002 0.058 0.004 0.009 0.005 0.069 0.039 0.010 0.002 0.053 0.008 0.004 0.104 
 210   (0.127) 0.063 0.063 0.010 0.157 0.027 0.592 0.423 0.061 0.076 0.485 0.408 0.141 0.163 0.646 0.132 
 246   (0.024) 0.005 0.013 0.013 0.023 0.003 0.008 0.007 0.011 0.010 0.007 0.002 0.020 0.014 0.003 0.015 
 258   (0.027) 0.028 0.007 0.001 0.065 0.003 0.009 0.004 0.011 0.006 0.007 0.002 0.018 0.006 0.005 0.078 
 240   (0.018) 0.040 0.006 0.001 0.012 0.003 0.004 0.003 0.007 0.008 0.005 0.001 0.011 0.004 0.002 0.006 
 256   (0.019) 0.001 0.004 0.002 0.011 0.120 0.004 0.002 0.006 0.004 0.004 0.001 0.010 0.003 0.002 0.003 
 254   (0.019) 0.002 0.005 0.001 0.011 0.052 0.005 0.002 0.007 0.005 0.004 0.001 0.010 0.004 0.002 0.005 
 236   (0.055) 0.005 0.014 0.006 0.040 0.022 0.029 0.397 0.091 0.022 0.017 0.004 0.034 0.225 0.006 0.033 
 248   (0.025) 0.002 0.065 0.003 0.018 0.003 0.013 0.003 0.010 0.035 0.007 0.002 0.049 0.008 0.002 0.057 
 252   (0.021) 0.002 0.006 0.003 0.014 0.003 0.007 0.004 0.007 0.005 0.005 0.001 0.020 0.012 0.002 0.012 
 224   (0.034) 0.004 0.074 0.002 0.024 0.005 0.008 0.005 0.077 0.008 0.016 0.002 0.018 0.019 0.009 0.009 
 230   (0.029) 0.005 0.256 0.001 0.020 0.003 0.008 0.003 0.011 0.010 0.006 0.002 0.017 0.006 0.003 0.006 
 228   (0.022) 0.005 0.006 0.001 0.013 0.003 0.005 0.005 0.027 0.006 0.018 0.001 0.012 0.004 0.002 0.006 
 266   (0.021) 0.002 0.006 0.001 0.012 0.002 0.006 0.003 0.008 0.004 0.061 0.001 0.011 0.004 0.002 0.004 
 212   (0.024) 0.002 0.196 0.001 0.017 0.003 0.006 0.003 0.008 0.035 0.006 0.001 0.010 0.005 0.007 0.005 
 232   (0.021) 0.002 0.006 0.001 0.012 0.002 0.008 0.002 0.007 0.004 0.134 0.001 0.011 0.004 0.002 0.005 

Locus 7 : 
7 alleles
1.5% missing data
 108   (0.637) 0.441 0.289 0.981 0.787 0.831 0.930 0.963 0.569 0.437 0.218 0.976 0.722 0.928 0.964 0.805 
 116   (0.034) 0.001 0.006 0.002 0.020 0.141 0.011 0.004 0.010 0.005 0.010 0.001 0.017 0.004 0.003 0.009 
 110   (0.156) 0.550 0.049 0.009 0.095 0.013 0.031 0.019 0.271 0.174 0.583 0.016 0.099 0.030 0.021 0.047 
 114   (0.060) 0.003 0.277 0.004 0.036 0.006 0.012 0.005 0.018 0.345 0.017 0.002 0.055 0.008 0.004 0.047 
 112   (0.064) 0.003 0.370 0.003 0.034 0.005 0.010 0.005 0.019 0.028 0.164 0.003 0.081 0.025 0.005 0.085 
 104   (0.026) 0.001 0.004 0.001 0.015 0.002 0.003 0.002 0.104 0.004 0.004 0.001 0.013 0.003 0.002 0.004 
 118   (0.023) 0.001 0.004 0.001 0.013 0.002 0.003 0.002 0.008 0.007 0.004 0.001 0.013 0.002 0.002 0.004 

Locus 8 : 
5 alleles
2.2% missing data
 160   (0.169) 0.007 0.037 0.534 0.105 0.384 0.401 0.024 0.055 0.071 0.145 0.066 0.178 0.178 0.235 0.057 
 162   (0.619) 0.980 0.784 0.456 0.738 0.600 0.339 0.193 0.616 0.484 0.796 0.913 0.681 0.718 0.733 0.870 
 164   (0.096) 0.004 0.019 0.004 0.057 0.008 0.022 0.730 0.129 0.418 0.027 0.006 0.057 0.015 0.011 0.025 
 166   (0.023) 0.001 0.004 0.001 0.015 0.002 0.006 0.003 0.011 0.005 0.004 0.004 0.014 0.006 0.002 0.007 
 158   (0.093) 0.008 0.157 0.004 0.084 0.007 0.231 0.050 0.189 0.022 0.027 0.011 0.070 0.083 0.019 0.041 

Locus 9 : 
4 alleles
0.0% missing data
 229   (0.501) 0.932 0.479 0.508 0.533 0.243 0.299 0.624 0.405 0.555 0.124 0.616 0.542 0.890 0.211 0.381 
 226   (0.347) 0.060 0.489 0.479 0.356 0.746 0.666 0.040 0.369 0.125 0.817 0.375 0.346 0.085 0.065 0.511 
 223   (0.128) 0.007 0.028 0.012 0.094 0.010 0.023 0.334 0.218 0.316 0.055 0.008 0.100 0.022 0.714 0.098 
 232   (0.023) 0.001 0.004 0.001 0.018 0.002 0.011 0.002 0.008 0.004 0.004 0.001 0.013 0.003 0.010 0.009 

Values of parameters used in structure:
DATAFILE=C:\Users\eschumacher\Documents\GitHub\Ten_Oaks\Data_Files\QUTO_wild\project_data,	OUTFILE=C:\Users\eschumacher\Documents\GitHub\Ten_Oaks\Data_Files\QUTO_wild\50-50\Results\50-50_run_72,	NUMINDS=136,	NUMLOCI=9,	MISSING=-9,	LABEL=1,	POPDATA=1,	POPFLAG=0,	PHENOTYPE=0,	EXTRACOLS=0,	MAXPOPS=15,	BURNIN=50000,	NUMREPS=50000,	USEPOPINFO=0,	INFERALPHA=1,	INFERLAMBDA=0,	POPSPECIFICLAMBDA=0,	POPALPHAS=0,	COMPUTEPROB=1,	NOADMIX=0,	ADMBURNIN=2500,	UPDATEFREQ=1,	PRINTLIKES=0,	INTERMEDSAVE=0,	PRINTKLD=0,	PRINTNET=0,	PRINTLAMBDA=0,	ANCESTDIST=0,	NUMBOXES=1000,	ANCESTPINT=0.90000,	GENSBACK=2,	MIGRPRIOR=0.05000,	PRINTQHAT=0,	PRINTQSUM=0,	ALPHA=1.0000,	FREQSCORR=1,	FPRIORMEAN=0.0100,	FPRIORSD=0.0500,	ONEFST=0,	LAMBDA=1.0000,	UNIFPRIORALPHA=1,	ALPHAMAX=10.0000,	ALPHAPRIORA=1.0000,	ALPHAPRIORB=2.0000,	ALPHAPROPSD=0.0250,	STARTATPOPINFO=0,	RANDOMIZE=1,	LINKAGE=0,	METROFREQ=10,	REPORTHITRATE=0,	MARKOVPHASE=-1,	PHASED=0,	PLOIDY=2,	PHASEINFO=0	LOCPRIOR=0, 	LOCPRIORINIT=1.000000, 	LOCDATA=0, 	LOCISPOP=0, 	LOCPRIORSTEP=0.100000, 	MAXLOCPRIOR=20.000000, 	SEED=1689804082,	
[STRAT parameters]:    NUMSIMSTATS=1000,	PHENOTYPECOL=-9,	POOLFREQ=10,	LOCUSxONLY=0,	EMERROR=0.00100,	MISSINGPHENO=-9,	