

----------------------------------------------------
STRUCTURE by Pritchard, Stephens and Donnelly (2000)
     and Falush, Stephens and Pritchard (2003)
       Code by Pritchard, Falush and Hubisz
             Version 2.3.4 (Jul 2012)
----------------------------------------------------



Command line arguments:   bin\structure -m C:\Users\eschumacher\Documents\GitHub\Ten_Oaks\Data_Files\QUTO_wild\50-50\mainparams -e C:\Users\eschumacher\Documents\GitHub\Ten_Oaks\Data_Files\QUTO_wild\50-50\extraparams 
Input File:    C:\Users\eschumacher\Documents\GitHub\Ten_Oaks\Data_Files\QUTO_wild\project_data

Run parameters:
   136 individuals
   9 loci
   20 populations assumed
   50000 Burn-in period
   50000 Reps


--------------------------------------------
Proportion of membership of each pre-defined
 population in each of the 20 clusters

Given    Inferred Clusters                                                                                                                              Number of
 Pop       1      2      3      4      5      6      7      8      9     10     11     12     13     14     15     16     17     18     19     20      Individuals

  1:     0.010  0.186  0.161  0.018  0.011  0.016  0.013  0.069  0.011  0.070  0.028  0.115  0.016  0.021  0.021  0.041  0.017  0.127  0.033  0.014        1
  2:     0.004  0.007  0.006  0.004  0.422  0.011  0.006  0.004  0.005  0.010  0.009  0.007  0.005  0.007  0.004  0.007  0.005  0.007  0.011  0.459        4
  3:     0.010  0.019  0.025  0.007  0.008  0.023  0.240  0.012  0.005  0.022  0.015  0.507  0.015  0.017  0.004  0.022  0.008  0.019  0.017  0.007        4
  4:     0.004  0.082  0.078  0.007  0.005  0.011  0.016  0.018  0.536  0.037  0.017  0.045  0.009  0.007  0.009  0.026  0.011  0.062  0.016  0.006        5
  5:     0.014  0.060  0.048  0.051  0.133  0.059  0.047  0.064  0.010  0.038  0.027  0.109  0.011  0.120  0.025  0.032  0.016  0.042  0.033  0.061       71
  6:     0.005  0.104  0.005  0.003  0.003  0.005  0.006  0.004  0.012  0.009  0.360  0.004  0.066  0.006  0.004  0.005  0.378  0.006  0.012  0.004        2
  7:     0.026  0.044  0.027  0.006  0.014  0.006  0.021  0.004  0.005  0.039  0.033  0.011  0.005  0.007  0.612  0.039  0.015  0.021  0.047  0.019        5
  8:     0.016  0.069  0.055  0.039  0.009  0.011  0.125  0.007  0.046  0.060  0.064  0.013  0.029  0.052  0.016  0.100  0.107  0.104  0.067  0.011       10
  9:     0.017  0.036  0.022  0.023  0.012  0.035  0.252  0.010  0.107  0.047  0.046  0.054  0.043  0.025  0.010  0.035  0.148  0.021  0.051  0.006        8
 10:     0.032  0.036  0.116  0.017  0.103  0.032  0.012  0.013  0.107  0.064  0.055  0.017  0.022  0.006  0.042  0.128  0.015  0.100  0.070  0.014        9
 11:     0.535  0.017  0.024  0.007  0.010  0.055  0.007  0.049  0.024  0.046  0.044  0.012  0.024  0.010  0.005  0.029  0.016  0.023  0.054  0.008        3
 12:     0.005  0.032  0.034  0.008  0.006  0.007  0.028  0.023  0.008  0.030  0.021  0.025  0.016  0.010  0.563  0.063  0.017  0.061  0.029  0.013        1
 13:     0.029  0.041  0.164  0.009  0.029  0.037  0.007  0.007  0.007  0.036  0.060  0.025  0.021  0.010  0.051  0.189  0.074  0.164  0.029  0.012        3
 14:     0.005  0.242  0.067  0.010  0.013  0.078  0.037  0.006  0.045  0.041  0.116  0.006  0.008  0.007  0.038  0.053  0.105  0.084  0.030  0.009        1
 15:     0.894  0.006  0.005  0.003  0.003  0.005  0.005  0.004  0.005  0.005  0.006  0.005  0.004  0.020  0.005  0.006  0.007  0.005  0.006  0.004        2
 16:     0.010  0.037  0.045  0.007  0.021  0.066  0.018  0.010  0.009  0.024  0.182  0.021  0.012  0.027  0.029  0.029  0.346  0.063  0.021  0.023        4
 17:     0.004  0.006  0.005  0.004  0.005  0.005  0.005  0.040  0.004  0.006  0.006  0.006  0.871  0.004  0.003  0.006  0.005  0.006  0.006  0.004        3
--------------------------------------------

Allele-freq. divergence among pops (Net nucleotide distance),
computed using point estimates of P.

      1       2       3       4       5       6       7       8       9      10      11      12      13      14      15      16      17      18      19      20      
 1      -    0.1623  0.1554  0.2730  0.2565  0.2254  0.2124  0.3106  0.2659  0.1356  0.1332  0.2698  0.2828  0.2014  0.2849  0.1381  0.1519  0.1528  0.1311  0.2320  
 2   0.1623     -    0.0131  0.1634  0.1494  0.1342  0.0532  0.1274  0.1353  0.0098  0.0185  0.0693  0.1068  0.1182  0.1855  0.0228  0.0387  0.0146  0.0131  0.1248  
 3   0.1554  0.0131     -    0.1550  0.1576  0.1395  0.0508  0.1300  0.1426  0.0094  0.0238  0.0517  0.0899  0.1303  0.2103  0.0067  0.0517  0.0019  0.0135  0.1297  
 4   0.2730  0.1634  0.1550     -    0.3112  0.3174  0.1977  0.2374  0.2248  0.1466  0.1876  0.2135  0.2586  0.3018  0.3122  0.1585  0.2308  0.1569  0.1488  0.2792  
 5   0.2565  0.1494  0.1576  0.3112     -    0.1386  0.1836  0.2999  0.2122  0.1273  0.1460  0.2124  0.2650  0.2934  0.3556  0.1558  0.1780  0.1586  0.1244  0.1852  
 6   0.2254  0.1342  0.1395  0.3174  0.1386     -    0.1956  0.3191  0.1851  0.1128  0.1139  0.2316  0.2490  0.2702  0.3261  0.1214  0.1444  0.1384  0.1076  0.1499  
 7   0.2124  0.0532  0.0508  0.1977  0.1836  0.1956     -    0.1606  0.1523  0.0398  0.0568  0.0412  0.1193  0.1552  0.2400  0.0495  0.0666  0.0533  0.0388  0.1859  
 8   0.3106  0.1274  0.1300  0.2374  0.2999  0.3191  0.1606     -    0.2794  0.1266  0.1704  0.1259  0.1919  0.2467  0.3700  0.1531  0.2142  0.1350  0.1354  0.2835  
 9   0.2659  0.1353  0.1426  0.2248  0.2122  0.1851  0.1523  0.2794     -    0.1059  0.1145  0.1930  0.2192  0.2674  0.2907  0.1261  0.1511  0.1419  0.0986  0.2235  
10   0.1356  0.0098  0.0094  0.1466  0.1273  0.1128  0.0398  0.1266  0.1059     -    0.0145  0.0559  0.0925  0.1241  0.1898  0.0104  0.0424  0.0107  0.0009  0.1091  
11   0.1332  0.0185  0.0238  0.1876  0.1460  0.1139  0.0568  0.1704  0.1145  0.0145     -    0.0950  0.1000  0.1112  0.1907  0.0179  0.0117  0.0230  0.0117  0.1176  
12   0.2698  0.0693  0.0517  0.2135  0.2124  0.2316  0.0412  0.1259  0.1930  0.0559  0.0950     -    0.1135  0.1596  0.3261  0.0681  0.1357  0.0589  0.0625  0.2089  
13   0.2828  0.1068  0.0899  0.2586  0.2650  0.2490  0.1193  0.1919  0.2192  0.0925  0.1000  0.1135     -    0.2585  0.3731  0.0872  0.1348  0.0879  0.0935  0.2240  
14   0.2014  0.1182  0.1303  0.3018  0.2934  0.2702  0.1552  0.2467  0.2674  0.1241  0.1112  0.1596  0.2585     -    0.2850  0.1382  0.1201  0.1336  0.1247  0.2434  
15   0.2849  0.1855  0.2103  0.3122  0.3556  0.3261  0.2400  0.3700  0.2907  0.1898  0.1907  0.3261  0.3731  0.2850     -    0.2095  0.1894  0.2135  0.1880  0.2308  
16   0.1381  0.0228  0.0067  0.1585  0.1558  0.1214  0.0495  0.1531  0.1261  0.0104  0.0179  0.0681  0.0872  0.1382  0.2095     -    0.0438  0.0051  0.0104  0.1169  
17   0.1519  0.0387  0.0517  0.2308  0.1780  0.1444  0.0666  0.2142  0.1511  0.0424  0.0117  0.1357  0.1348  0.1201  0.1894  0.0438     -    0.0491  0.0379  0.1526  
18   0.1528  0.0146  0.0019  0.1569  0.1586  0.1384  0.0533  0.1350  0.1419  0.0107  0.0230  0.0589  0.0879  0.1336  0.2135  0.0051  0.0491     -    0.0141  0.1272  
19   0.1311  0.0131  0.0135  0.1488  0.1244  0.1076  0.0388  0.1354  0.0986  0.0009  0.0117  0.0625  0.0935  0.1247  0.1880  0.0104  0.0379  0.0141     -    0.1039  
20   0.2320  0.1248  0.1297  0.2792  0.1852  0.1499  0.1859  0.2835  0.2235  0.1091  0.1176  0.2089  0.2240  0.2434  0.2308  0.1169  0.1526  0.1272  0.1039     -    

Average distances (expected heterozygosity) between individuals in same cluster:
cluster  1  : 0.4144 
cluster  2  : 0.5003 
cluster  3  : 0.5065 
cluster  4  : 0.3185 
cluster  5  : 0.2996 
cluster  6  : 0.3283 
cluster  7  : 0.5561 
cluster  8  : 0.2029 
cluster  9  : 0.4636 
cluster 10  : 0.5796 
cluster 11  : 0.5674 
cluster 12  : 0.3788 
cluster 13  : 0.4039 
cluster 14  : 0.2370 
cluster 15  : 0.3230 
cluster 16  : 0.5634 
cluster 17  : 0.5330 
cluster 18  : 0.5237 
cluster 19  : 0.6003 
cluster 20  : 0.3840 

--------------------------------------------
Estimated Ln Prob of Data   = -2398.2
Mean value of ln likelihood = -1811.2
Variance of ln likelihood   = 1174.0
Mean value of alpha         = 0.0355

Mean value of Fst_1         = 0.4297
Mean value of Fst_2         = 0.2470
Mean value of Fst_3         = 0.3524
Mean value of Fst_4         = 0.5635
Mean value of Fst_5         = 0.5236
Mean value of Fst_6         = 0.4854
Mean value of Fst_7         = 0.3380
Mean value of Fst_8         = 0.6792
Mean value of Fst_9         = 0.3889
Mean value of Fst_10         = 0.0627
Mean value of Fst_11         = 0.1448
Mean value of Fst_12         = 0.4494
Mean value of Fst_13         = 0.4504
Mean value of Fst_14         = 0.5913
Mean value of Fst_15         = 0.5579
Mean value of Fst_16         = 0.2241
Mean value of Fst_17         = 0.3338
Mean value of Fst_18         = 0.3285
Mean value of Fst_19         = 0.0001
Mean value of Fst_20         = 0.4580


Inferred ancestry of individuals:
        Label (%Miss) Pop:  Inferred clusters
  1 QTo-W-0007   (11)    1 :  0.010 0.186 0.161 0.018 0.011 0.016 0.013 0.069 0.011 0.070 0.028 0.115 0.016 0.021 0.021 0.041 0.017 0.127 0.033 0.014 
  2 QTo-W-0009    (0)    2 :  0.004 0.005 0.005 0.003 0.006 0.007 0.007 0.004 0.003 0.005 0.005 0.010 0.004 0.017 0.004 0.004 0.004 0.005 0.006 0.892 
  3 QTo-W-0010    (0)    2 :  0.006 0.013 0.010 0.004 0.764 0.019 0.007 0.004 0.008 0.025 0.020 0.007 0.006 0.004 0.006 0.015 0.007 0.012 0.027 0.034 
  4 QTo-W-0011    (0)    2 :  0.004 0.005 0.005 0.004 0.009 0.008 0.004 0.005 0.004 0.005 0.005 0.005 0.004 0.004 0.005 0.005 0.004 0.005 0.005 0.905 
  5 QTo-W-0012   (22)    2 :  0.004 0.005 0.006 0.003 0.908 0.008 0.005 0.004 0.004 0.005 0.005 0.005 0.005 0.004 0.003 0.005 0.005 0.005 0.005 0.005 
  6 QTo-W-0020   (22)    3 :  0.003 0.004 0.004 0.003 0.006 0.003 0.349 0.004 0.004 0.004 0.004 0.577 0.004 0.007 0.003 0.004 0.004 0.004 0.004 0.004 
  7 QTo-W-0021   (22)    3 :  0.006 0.015 0.017 0.012 0.006 0.005 0.235 0.024 0.006 0.013 0.010 0.561 0.016 0.017 0.005 0.012 0.008 0.016 0.012 0.006 
  8 QTo-W-0023   (22)    3 :  0.005 0.008 0.011 0.005 0.008 0.006 0.252 0.010 0.005 0.010 0.008 0.576 0.016 0.035 0.004 0.008 0.007 0.012 0.009 0.007 
  9 QTo-W-0024   (11)    3 :  0.028 0.047 0.068 0.006 0.011 0.076 0.125 0.011 0.006 0.060 0.039 0.314 0.023 0.008 0.004 0.065 0.013 0.043 0.043 0.011 
 10 QTo-W-0033    (0)    4 :  0.004 0.008 0.005 0.005 0.006 0.021 0.010 0.005 0.856 0.008 0.009 0.010 0.005 0.004 0.005 0.007 0.006 0.006 0.008 0.011 
 11 QTo-W-0035   (11)    4 :  0.004 0.006 0.005 0.006 0.005 0.007 0.005 0.005 0.895 0.006 0.006 0.005 0.005 0.005 0.006 0.005 0.005 0.005 0.006 0.005 
 12 QTo-W-0036    (0)    4 :  0.004 0.004 0.004 0.005 0.005 0.005 0.004 0.004 0.918 0.005 0.005 0.004 0.004 0.004 0.005 0.004 0.004 0.004 0.005 0.004 
 13 QTo-W-0039   (11)    4 :  0.005 0.170 0.196 0.011 0.005 0.011 0.024 0.047 0.006 0.081 0.019 0.126 0.016 0.014 0.010 0.056 0.010 0.168 0.021 0.005 
 14 QTo-W-0041    (0)    4 :  0.005 0.223 0.179 0.009 0.004 0.009 0.038 0.027 0.004 0.084 0.044 0.080 0.014 0.009 0.017 0.056 0.028 0.126 0.040 0.005 
 15 QTo-W-0044    (0)    5 :  0.006 0.007 0.039 0.094 0.004 0.015 0.007 0.004 0.004 0.012 0.011 0.009 0.004 0.031 0.025 0.038 0.007 0.028 0.011 0.644 
 16 QTo-W-0047    (0)    5 :  0.004 0.007 0.006 0.004 0.011 0.011 0.004 0.005 0.004 0.008 0.005 0.005 0.005 0.004 0.006 0.010 0.004 0.006 0.007 0.883 
 17 QTo-W-0048   (11)    5 :  0.005 0.007 0.008 0.004 0.011 0.011 0.004 0.006 0.005 0.007 0.006 0.007 0.005 0.006 0.007 0.006 0.005 0.007 0.006 0.875 
 18 QTo-W-0049    (0)    5 :  0.004 0.007 0.007 0.004 0.845 0.020 0.005 0.004 0.008 0.007 0.007 0.006 0.004 0.005 0.006 0.008 0.006 0.007 0.008 0.032 
 19 QTo-W-0050   (22)    5 :  0.059 0.035 0.015 0.006 0.025 0.035 0.018 0.010 0.101 0.042 0.061 0.021 0.011 0.390 0.005 0.022 0.065 0.017 0.046 0.015 
 20 QTo-W-0052    (0)    5 :  0.017 0.010 0.015 0.124 0.013 0.006 0.006 0.010 0.006 0.013 0.009 0.007 0.004 0.005 0.688 0.012 0.011 0.013 0.011 0.019 
 21 QTo-W-0054    (0)    5 :  0.004 0.005 0.005 0.003 0.914 0.008 0.004 0.004 0.004 0.005 0.004 0.005 0.004 0.004 0.003 0.004 0.004 0.005 0.005 0.004 
 22 QTo-W-0056    (0)    5 :  0.004 0.005 0.005 0.004 0.879 0.007 0.004 0.004 0.004 0.006 0.005 0.004 0.003 0.003 0.006 0.005 0.004 0.004 0.005 0.038 
 23 QTo-W-0057    (0)    5 :  0.005 0.008 0.006 0.004 0.701 0.082 0.004 0.004 0.006 0.007 0.007 0.005 0.004 0.004 0.010 0.007 0.007 0.007 0.007 0.115 
 24 QTo-W-0058    (0)    5 :  0.004 0.005 0.005 0.003 0.917 0.007 0.004 0.005 0.004 0.005 0.005 0.005 0.004 0.004 0.003 0.004 0.005 0.005 0.004 0.005 
 25 QTo-W-0059    (0)    5 :  0.010 0.013 0.023 0.076 0.525 0.012 0.014 0.006 0.005 0.026 0.021 0.021 0.005 0.069 0.025 0.025 0.009 0.018 0.031 0.069 
 26 QTo-W-0060    (0)    5 :  0.004 0.008 0.007 0.004 0.805 0.029 0.005 0.005 0.006 0.007 0.007 0.005 0.005 0.004 0.006 0.006 0.005 0.006 0.007 0.071 
 27 QTo-W-0061    (0)    5 :  0.006 0.071 0.057 0.007 0.407 0.006 0.021 0.027 0.004 0.091 0.042 0.046 0.021 0.008 0.009 0.044 0.013 0.048 0.065 0.005 
 28 QTo-W-0062   (11)    5 :  0.005 0.006 0.006 0.004 0.899 0.009 0.005 0.005 0.005 0.006 0.006 0.005 0.005 0.006 0.004 0.005 0.005 0.005 0.006 0.005 
 29 QTo-W-0065   (11)    5 :  0.006 0.023 0.027 0.014 0.673 0.009 0.022 0.036 0.004 0.019 0.011 0.046 0.027 0.009 0.004 0.016 0.009 0.025 0.015 0.008 
 30 QTo-W-0067    (0)    5 :  0.004 0.027 0.025 0.009 0.669 0.014 0.015 0.027 0.007 0.021 0.014 0.028 0.012 0.009 0.007 0.014 0.007 0.014 0.016 0.058 
 31 QTo-W-0071    (0)    5 :  0.012 0.342 0.144 0.009 0.005 0.016 0.012 0.016 0.006 0.033 0.036 0.020 0.012 0.011 0.005 0.141 0.014 0.123 0.033 0.011 
 32 QTo-W-0072    (0)    5 :  0.005 0.016 0.024 0.007 0.003 0.004 0.075 0.015 0.006 0.014 0.010 0.153 0.009 0.589 0.008 0.016 0.010 0.020 0.010 0.004 
 33 QTo-W-0075    (0)    5 :  0.009 0.009 0.033 0.012 0.005 0.007 0.214 0.017 0.004 0.014 0.008 0.550 0.005 0.050 0.010 0.020 0.005 0.015 0.008 0.005 
 34 QTo-W-0076   (11)    5 :  0.009 0.016 0.029 0.007 0.008 0.014 0.200 0.009 0.010 0.018 0.014 0.542 0.016 0.015 0.004 0.029 0.012 0.022 0.018 0.008 
 35 QTo-W-0077   (11)    5 :  0.005 0.054 0.071 0.008 0.035 0.069 0.076 0.016 0.013 0.058 0.040 0.244 0.013 0.044 0.005 0.027 0.009 0.045 0.048 0.121 
 36 QTo-W-0079    (0)    5 :  0.003 0.004 0.004 0.003 0.004 0.003 0.352 0.004 0.003 0.004 0.004 0.584 0.004 0.005 0.003 0.004 0.004 0.004 0.004 0.003 
 37 QTo-W-0080   (11)    5 :  0.006 0.083 0.062 0.007 0.108 0.009 0.075 0.015 0.008 0.119 0.096 0.111 0.019 0.007 0.008 0.057 0.026 0.034 0.140 0.008 
 38 QTo-W-0081   (11)    5 :  0.004 0.016 0.031 0.008 0.007 0.009 0.201 0.011 0.011 0.017 0.015 0.571 0.018 0.005 0.004 0.024 0.006 0.019 0.015 0.006 
 39 QTo-W-0082    (0)    5 :  0.008 0.060 0.026 0.006 0.012 0.008 0.266 0.006 0.004 0.016 0.016 0.456 0.012 0.009 0.003 0.029 0.012 0.025 0.018 0.007 
 40 QTo-W-0087    (0)    5 :  0.004 0.006 0.007 0.004 0.009 0.007 0.272 0.007 0.003 0.006 0.006 0.610 0.007 0.018 0.003 0.006 0.005 0.007 0.006 0.005 
 41 QTo-W-0088   (11)    5 :  0.004 0.008 0.013 0.005 0.013 0.008 0.264 0.008 0.004 0.007 0.007 0.599 0.009 0.007 0.004 0.009 0.006 0.010 0.008 0.007 
 42 QTo-W-0089   (11)    5 :  0.004 0.009 0.013 0.008 0.005 0.006 0.226 0.010 0.011 0.009 0.007 0.633 0.008 0.009 0.004 0.009 0.005 0.011 0.010 0.005 
 43 QTo-W-0090    (0)    5 :  0.005 0.024 0.017 0.007 0.005 0.020 0.184 0.008 0.023 0.033 0.026 0.519 0.009 0.008 0.003 0.026 0.007 0.015 0.040 0.019 
 44 QTo-W-0093   (11)    5 :  0.032 0.055 0.053 0.006 0.034 0.043 0.076 0.008 0.005 0.074 0.054 0.140 0.014 0.185 0.011 0.055 0.041 0.041 0.062 0.013 
 45 QTo-W-0098    (0)    5 :  0.013 0.012 0.011 0.005 0.011 0.010 0.007 0.009 0.004 0.010 0.009 0.014 0.006 0.830 0.006 0.008 0.006 0.011 0.008 0.009 
 46 QTo-W-0101   (11)    5 :  0.015 0.022 0.017 0.006 0.015 0.014 0.008 0.012 0.004 0.016 0.012 0.018 0.008 0.757 0.009 0.012 0.012 0.017 0.013 0.012 
 47 QTo-W-0114    (0)    5 :  0.005 0.009 0.009 0.007 0.004 0.003 0.008 0.013 0.004 0.007 0.005 0.012 0.005 0.872 0.005 0.007 0.005 0.009 0.006 0.004 
 48 QTo-W-0116   (11)    5 :  0.011 0.005 0.006 0.005 0.005 0.005 0.005 0.006 0.004 0.006 0.006 0.006 0.004 0.893 0.004 0.006 0.006 0.006 0.005 0.005 
 49 QTo-W-0117   (22)    5 :  0.010 0.007 0.007 0.005 0.007 0.007 0.007 0.007 0.005 0.007 0.009 0.009 0.007 0.863 0.004 0.006 0.010 0.007 0.008 0.009 
 50 QTo-W-0118    (0)    5 :  0.006 0.004 0.004 0.003 0.004 0.004 0.004 0.004 0.003 0.004 0.005 0.005 0.004 0.920 0.004 0.005 0.005 0.004 0.004 0.004 
 51 QTo-W-0121   (11)    5 :  0.009 0.008 0.012 0.004 0.005 0.038 0.012 0.005 0.005 0.012 0.009 0.028 0.005 0.800 0.004 0.009 0.010 0.008 0.010 0.007 
 52 QTo-W-0124   (11)    5 :  0.005 0.006 0.005 0.004 0.017 0.881 0.004 0.004 0.005 0.006 0.007 0.004 0.005 0.005 0.004 0.006 0.006 0.006 0.006 0.014 
 53 QTo-W-0128    (0)    5 :  0.004 0.005 0.005 0.003 0.009 0.913 0.004 0.003 0.004 0.005 0.004 0.004 0.004 0.004 0.003 0.004 0.005 0.005 0.005 0.007 
 54 QTo-W-0129    (0)    5 :  0.005 0.005 0.005 0.003 0.013 0.882 0.004 0.004 0.005 0.011 0.008 0.004 0.004 0.004 0.004 0.007 0.005 0.006 0.011 0.010 
 55 QTo-W-0131   (11)    5 :  0.009 0.074 0.032 0.022 0.035 0.012 0.020 0.014 0.060 0.175 0.134 0.029 0.013 0.005 0.004 0.077 0.013 0.027 0.224 0.019 
 56 QTo-W-0133   (11)    5 :  0.158 0.081 0.086 0.011 0.016 0.014 0.010 0.039 0.009 0.089 0.037 0.057 0.026 0.009 0.101 0.064 0.009 0.073 0.054 0.058 
 57 QTo-W-0137    (0)    5 :  0.012 0.246 0.105 0.007 0.006 0.023 0.014 0.010 0.005 0.087 0.063 0.029 0.023 0.063 0.006 0.098 0.017 0.100 0.073 0.013 
 58 QTo-W-0138    (0)    5 :  0.009 0.070 0.038 0.018 0.166 0.266 0.009 0.021 0.009 0.086 0.028 0.017 0.006 0.004 0.016 0.044 0.031 0.024 0.048 0.089 
 59 QTo-W-0139    (0)    5 :  0.004 0.006 0.006 0.893 0.005 0.003 0.004 0.007 0.005 0.006 0.004 0.004 0.004 0.004 0.015 0.005 0.004 0.005 0.006 0.012 
 60 QTo-W-0140   (22)    5 :  0.004 0.005 0.005 0.904 0.005 0.004 0.005 0.007 0.007 0.005 0.005 0.005 0.004 0.005 0.005 0.005 0.005 0.005 0.005 0.005 
 61 QTo-W-0142    (0)    5 :  0.004 0.005 0.006 0.917 0.003 0.003 0.004 0.010 0.004 0.005 0.004 0.005 0.004 0.004 0.004 0.004 0.003 0.005 0.004 0.003 
 62 QTo-W-0144    (0)    5 :  0.052 0.087 0.078 0.007 0.221 0.033 0.013 0.012 0.017 0.098 0.085 0.045 0.016 0.008 0.006 0.028 0.055 0.055 0.078 0.007 
 63 QTo-W-0149   (22)    5 :  0.005 0.007 0.007 0.008 0.005 0.005 0.006 0.774 0.005 0.009 0.007 0.008 0.110 0.005 0.004 0.008 0.004 0.008 0.009 0.005 
 64 QTo-W-0151   (11)    5 :  0.005 0.014 0.013 0.006 0.014 0.006 0.021 0.808 0.004 0.009 0.009 0.029 0.006 0.005 0.005 0.008 0.015 0.011 0.009 0.004 
 65 QTo-W-0153   (22)    5 :  0.004 0.006 0.006 0.006 0.005 0.004 0.005 0.903 0.004 0.005 0.005 0.007 0.006 0.005 0.004 0.005 0.004 0.006 0.005 0.004 
 66 QTo-W-0154    (0)    5 :  0.010 0.032 0.037 0.053 0.004 0.004 0.009 0.683 0.005 0.016 0.011 0.014 0.009 0.021 0.013 0.015 0.012 0.035 0.013 0.004 
 67 QTo-W-0159   (11)    5 :  0.017 0.276 0.171 0.011 0.016 0.008 0.011 0.011 0.007 0.056 0.030 0.033 0.010 0.034 0.039 0.075 0.026 0.137 0.025 0.007 
 68 QTo-W-0161   (11)    5 :  0.007 0.070 0.041 0.045 0.005 0.005 0.014 0.614 0.007 0.022 0.016 0.011 0.008 0.024 0.011 0.016 0.025 0.036 0.016 0.005 
 69 QTo-W-0162    (0)    5 :  0.042 0.076 0.029 0.011 0.004 0.004 0.033 0.020 0.013 0.098 0.125 0.022 0.007 0.187 0.010 0.045 0.065 0.032 0.172 0.005 
 70 QTo-W-0163   (11)    5 :  0.010 0.061 0.063 0.040 0.022 0.007 0.159 0.017 0.012 0.084 0.056 0.169 0.021 0.006 0.011 0.048 0.065 0.072 0.070 0.006 
 71 QTo-W-0167   (11)    5 :  0.018 0.095 0.026 0.009 0.009 0.008 0.019 0.009 0.033 0.032 0.072 0.019 0.008 0.234 0.091 0.037 0.074 0.026 0.043 0.137 
 72 QTo-W-0170    (0)    5 :  0.019 0.263 0.100 0.008 0.007 0.012 0.016 0.008 0.009 0.044 0.053 0.010 0.007 0.035 0.075 0.115 0.056 0.080 0.057 0.025 
 73 QTo-W-0171   (22)    5 :  0.044 0.180 0.067 0.012 0.058 0.144 0.019 0.016 0.028 0.087 0.062 0.020 0.017 0.013 0.005 0.082 0.024 0.046 0.065 0.011 
 74 QTo-W-0172   (22)    5 :  0.068 0.048 0.026 0.025 0.007 0.008 0.015 0.007 0.030 0.155 0.147 0.009 0.007 0.059 0.062 0.051 0.047 0.014 0.209 0.007 
 75 QTo-W-0173   (11)    5 :  0.007 0.318 0.159 0.010 0.008 0.007 0.011 0.014 0.005 0.048 0.027 0.016 0.014 0.015 0.047 0.099 0.022 0.132 0.023 0.018 
 76 QTo-W-0174    (0)    5 :  0.006 0.108 0.135 0.010 0.011 0.008 0.020 0.024 0.008 0.063 0.021 0.115 0.009 0.216 0.028 0.044 0.013 0.128 0.022 0.012 
 77 QTo-W-0175    (0)    5 :  0.011 0.124 0.083 0.006 0.044 0.091 0.007 0.023 0.008 0.151 0.082 0.045 0.009 0.006 0.005 0.092 0.016 0.042 0.145 0.009 
 78 QTo-W-0182   (22)    5 :  0.006 0.012 0.014 0.004 0.010 0.191 0.009 0.006 0.005 0.015 0.016 0.016 0.009 0.008 0.005 0.014 0.011 0.013 0.017 0.619 
 79 QTo-W-0184    (0)    5 :  0.009 0.078 0.083 0.009 0.010 0.015 0.097 0.015 0.042 0.093 0.066 0.039 0.011 0.036 0.034 0.080 0.086 0.088 0.092 0.016 
 80 QTo-W-0188    (0)    5 :  0.074 0.202 0.116 0.008 0.015 0.007 0.011 0.006 0.005 0.038 0.030 0.027 0.006 0.013 0.170 0.095 0.018 0.094 0.045 0.021 
 81 QTo-W-0192   (11)    5 :  0.005 0.174 0.219 0.006 0.009 0.007 0.007 0.011 0.005 0.059 0.012 0.216 0.007 0.008 0.006 0.008 0.006 0.196 0.012 0.028 
 82 QTo-W-0193    (0)    5 :  0.005 0.175 0.216 0.004 0.021 0.005 0.006 0.009 0.004 0.072 0.017 0.210 0.007 0.006 0.004 0.008 0.007 0.197 0.020 0.005 
 83 QTo-W-0194    (0)    5 :  0.004 0.183 0.223 0.004 0.017 0.005 0.005 0.009 0.003 0.059 0.008 0.219 0.005 0.006 0.004 0.007 0.005 0.207 0.007 0.018 
 84 QTo-W-0196   (11)    5 :  0.016 0.066 0.193 0.019 0.009 0.007 0.011 0.049 0.005 0.088 0.015 0.091 0.018 0.012 0.014 0.132 0.009 0.219 0.021 0.007 
 85 QTo-W-0197    (0)    5 :  0.011 0.062 0.186 0.011 0.007 0.022 0.020 0.033 0.004 0.090 0.019 0.141 0.012 0.009 0.011 0.128 0.006 0.200 0.024 0.005 
 86 QTo-W-0200   (11)    6 :  0.005 0.104 0.005 0.003 0.003 0.005 0.005 0.004 0.012 0.008 0.361 0.004 0.066 0.005 0.004 0.005 0.378 0.006 0.013 0.004 
 87 QTo-W-0201   (22)    6 :  0.006 0.104 0.005 0.003 0.004 0.005 0.006 0.004 0.012 0.010 0.360 0.004 0.066 0.006 0.004 0.005 0.378 0.005 0.010 0.004 
 88 QTo-W-0205    (0)    7 :  0.006 0.004 0.004 0.004 0.003 0.003 0.004 0.003 0.003 0.004 0.004 0.003 0.003 0.004 0.931 0.003 0.004 0.004 0.003 0.003 
 89 QTo-W-0208    (0)    7 :  0.015 0.048 0.050 0.014 0.051 0.012 0.078 0.007 0.009 0.093 0.069 0.027 0.010 0.010 0.145 0.091 0.042 0.049 0.107 0.073 
 90 QTo-W-0211    (0)    7 :  0.099 0.155 0.071 0.004 0.008 0.005 0.017 0.005 0.005 0.087 0.086 0.017 0.004 0.014 0.149 0.094 0.019 0.041 0.116 0.006 
 91 QTo-W-0212   (11)    7 :  0.004 0.005 0.004 0.003 0.005 0.005 0.004 0.004 0.004 0.004 0.004 0.003 0.003 0.004 0.923 0.004 0.004 0.004 0.004 0.006 
 92 QTo-W-0213    (0)    7 :  0.004 0.009 0.006 0.003 0.004 0.004 0.005 0.003 0.004 0.006 0.005 0.003 0.003 0.004 0.910 0.005 0.005 0.005 0.006 0.005 
 93 QTo-W-0216   (11)    8 :  0.006 0.071 0.111 0.005 0.006 0.008 0.007 0.008 0.005 0.033 0.018 0.018 0.107 0.006 0.004 0.257 0.010 0.294 0.019 0.007 
 94 QTo-W-0220    (0)    8 :  0.005 0.070 0.111 0.004 0.010 0.006 0.012 0.006 0.004 0.033 0.020 0.015 0.096 0.004 0.004 0.255 0.010 0.284 0.032 0.020 
 95 QTo-W-0224   (11)    8 :  0.063 0.039 0.068 0.035 0.020 0.018 0.017 0.006 0.044 0.085 0.107 0.013 0.009 0.015 0.006 0.101 0.145 0.070 0.103 0.034 
 96 QTo-W-0225   (11)    8 :  0.005 0.013 0.008 0.004 0.016 0.008 0.534 0.004 0.004 0.011 0.013 0.008 0.007 0.005 0.019 0.008 0.309 0.007 0.010 0.007 
 97 QTo-W-0227   (11)    8 :  0.028 0.078 0.103 0.010 0.006 0.014 0.015 0.009 0.054 0.060 0.058 0.012 0.015 0.006 0.005 0.178 0.038 0.221 0.081 0.009 
 98 QTo-W-0229    (0)    8 :  0.004 0.010 0.007 0.006 0.007 0.004 0.557 0.005 0.004 0.009 0.016 0.027 0.008 0.003 0.004 0.007 0.304 0.008 0.009 0.003 
 99 QTo-W-0231    (0)    8 :  0.006 0.053 0.006 0.008 0.006 0.014 0.012 0.003 0.078 0.231 0.168 0.006 0.012 0.003 0.036 0.054 0.012 0.006 0.281 0.006 
100 QTo-W-0238   (22)    8 :  0.012 0.207 0.093 0.040 0.008 0.013 0.046 0.014 0.016 0.026 0.091 0.011 0.017 0.022 0.042 0.062 0.158 0.087 0.028 0.009 
101 QTo-W-0240    (0)    8 :  0.008 0.121 0.030 0.017 0.007 0.027 0.022 0.009 0.235 0.088 0.124 0.008 0.016 0.015 0.031 0.057 0.050 0.039 0.085 0.008 
102 QTo-W-0242    (0)    8 :  0.026 0.027 0.017 0.256 0.003 0.004 0.033 0.008 0.016 0.024 0.020 0.010 0.006 0.438 0.013 0.020 0.031 0.022 0.022 0.004 
103 QTo-W-0244    (0)    9 :  0.016 0.017 0.017 0.012 0.003 0.004 0.016 0.005 0.612 0.013 0.059 0.010 0.008 0.044 0.011 0.019 0.088 0.023 0.017 0.004 
104 QTo-W-0245   (11)    9 :  0.015 0.047 0.016 0.025 0.005 0.020 0.199 0.013 0.159 0.070 0.087 0.011 0.006 0.009 0.011 0.037 0.163 0.018 0.078 0.010 
105 QTo-W-0251    (0)    9 :  0.034 0.032 0.028 0.005 0.004 0.004 0.086 0.011 0.005 0.048 0.026 0.217 0.299 0.079 0.009 0.029 0.006 0.024 0.049 0.005 
106 QTo-W-0253    (0)    9 :  0.007 0.036 0.023 0.009 0.003 0.004 0.473 0.004 0.007 0.019 0.016 0.014 0.005 0.020 0.009 0.041 0.260 0.026 0.016 0.005 
107 QTo-W-0256   (11)    9 :  0.006 0.030 0.018 0.006 0.044 0.216 0.230 0.007 0.024 0.062 0.043 0.051 0.008 0.006 0.006 0.031 0.116 0.015 0.072 0.009 
108 QTo-W-0258    (0)    9 :  0.005 0.043 0.058 0.031 0.028 0.023 0.192 0.006 0.018 0.099 0.068 0.111 0.011 0.004 0.003 0.082 0.074 0.038 0.099 0.006 
109 QTo-W-0259    (0)    9 :  0.017 0.034 0.008 0.057 0.005 0.005 0.441 0.025 0.013 0.023 0.018 0.013 0.004 0.023 0.010 0.012 0.250 0.009 0.028 0.004 
110 QTo-W-0260   (22)    9 :  0.035 0.053 0.010 0.041 0.005 0.005 0.376 0.007 0.018 0.042 0.051 0.007 0.004 0.012 0.020 0.027 0.223 0.014 0.046 0.005 
111 QTo-W-0274   (11)   10 :  0.006 0.015 0.261 0.005 0.005 0.007 0.018 0.006 0.005 0.023 0.043 0.009 0.014 0.005 0.004 0.288 0.018 0.233 0.027 0.006 
112 QTo-W-0275    (0)   10 :  0.081 0.033 0.028 0.005 0.195 0.084 0.005 0.043 0.062 0.089 0.077 0.018 0.071 0.007 0.009 0.034 0.013 0.020 0.114 0.010 
113 QTo-W-0278    (0)   10 :  0.090 0.067 0.108 0.023 0.008 0.011 0.021 0.032 0.031 0.097 0.052 0.062 0.028 0.007 0.076 0.092 0.029 0.075 0.083 0.009 
114 QTo-W-0283   (11)   10 :  0.007 0.028 0.017 0.009 0.037 0.013 0.014 0.006 0.451 0.053 0.053 0.014 0.007 0.006 0.121 0.027 0.011 0.014 0.084 0.028 
115 QTo-W-0284    (0)   10 :  0.010 0.029 0.017 0.012 0.019 0.010 0.009 0.005 0.358 0.095 0.074 0.011 0.036 0.007 0.135 0.037 0.009 0.015 0.095 0.017 
116 QTo-W-0287   (22)   10 :  0.005 0.008 0.273 0.009 0.007 0.008 0.008 0.005 0.011 0.013 0.043 0.009 0.012 0.005 0.004 0.297 0.009 0.251 0.015 0.009 
117 QTo-W-0289   (22)   10 :  0.008 0.008 0.278 0.005 0.007 0.009 0.007 0.005 0.005 0.009 0.047 0.008 0.011 0.007 0.005 0.294 0.011 0.256 0.011 0.008 
118 QTo-W-0293    (0)   10 :  0.072 0.094 0.023 0.025 0.016 0.121 0.011 0.011 0.011 0.180 0.092 0.007 0.007 0.006 0.005 0.071 0.017 0.016 0.184 0.032 
119 QTo-W-0295   (11)   10 :  0.009 0.037 0.035 0.058 0.634 0.025 0.015 0.007 0.025 0.017 0.017 0.018 0.009 0.004 0.017 0.012 0.017 0.019 0.018 0.006 
120 QTo-W-0296   (11)   11 :  0.783 0.010 0.009 0.008 0.010 0.008 0.006 0.075 0.005 0.009 0.008 0.009 0.006 0.009 0.004 0.008 0.007 0.008 0.010 0.008 
121 QTo-W-0298    (0)   11 :  0.812 0.008 0.008 0.010 0.007 0.007 0.005 0.065 0.004 0.007 0.007 0.007 0.005 0.011 0.004 0.007 0.005 0.007 0.008 0.006 
122 QTo-W-0300   (11)   11 :  0.011 0.033 0.056 0.004 0.011 0.152 0.010 0.007 0.064 0.120 0.117 0.020 0.060 0.012 0.005 0.072 0.034 0.055 0.145 0.010 
123 QTo-W-0302    (0)   12 :  0.005 0.032 0.034 0.008 0.006 0.007 0.028 0.023 0.008 0.030 0.021 0.025 0.016 0.010 0.563 0.063 0.017 0.061 0.029 0.013 
124 QTo-W-0305    (0)   13 :  0.026 0.014 0.222 0.015 0.005 0.009 0.006 0.005 0.009 0.036 0.063 0.007 0.020 0.006 0.006 0.275 0.020 0.219 0.030 0.008 
125 QTo-W-0308   (11)   13 :  0.044 0.014 0.202 0.007 0.006 0.012 0.007 0.006 0.005 0.029 0.064 0.009 0.036 0.009 0.007 0.259 0.033 0.205 0.036 0.009 
126 QTo-W-0309   (11)   13 :  0.016 0.095 0.068 0.005 0.075 0.088 0.007 0.011 0.006 0.044 0.054 0.058 0.008 0.014 0.139 0.033 0.170 0.067 0.023 0.020 
127 QTo-W-0311    (0)   14 :  0.005 0.242 0.067 0.010 0.013 0.078 0.037 0.006 0.045 0.041 0.116 0.006 0.008 0.007 0.038 0.053 0.105 0.084 0.030 0.009 
128 QTo-W-0312    (0)   15 :  0.881 0.006 0.005 0.003 0.003 0.004 0.005 0.003 0.004 0.005 0.006 0.006 0.004 0.035 0.004 0.005 0.006 0.005 0.006 0.004 
129 QTo-W-0315   (11)   15 :  0.906 0.006 0.005 0.003 0.004 0.005 0.005 0.004 0.005 0.005 0.007 0.004 0.004 0.006 0.005 0.006 0.008 0.005 0.005 0.004 
130 QTo-W-0318    (0)   16 :  0.015 0.015 0.045 0.010 0.017 0.008 0.007 0.007 0.008 0.014 0.251 0.009 0.011 0.023 0.035 0.026 0.411 0.066 0.016 0.006 
131 QTo-W-0322   (11)   16 :  0.008 0.014 0.038 0.008 0.009 0.009 0.010 0.005 0.010 0.011 0.278 0.006 0.015 0.024 0.016 0.020 0.437 0.060 0.012 0.008 
132 QTo-W-0326   (22)   16 :  0.009 0.061 0.047 0.005 0.023 0.152 0.016 0.009 0.010 0.029 0.096 0.022 0.013 0.041 0.032 0.036 0.261 0.060 0.023 0.055 
133 QTo-W-0327   (11)   16 :  0.008 0.059 0.052 0.005 0.034 0.094 0.040 0.018 0.008 0.040 0.104 0.047 0.009 0.020 0.031 0.034 0.273 0.067 0.032 0.024 
134 QTo-W-0328    (0)   17 :  0.004 0.006 0.005 0.004 0.004 0.005 0.005 0.109 0.004 0.005 0.006 0.005 0.806 0.004 0.003 0.006 0.005 0.006 0.006 0.004 
135 QTo-W-0329    (0)   17 :  0.003 0.005 0.005 0.004 0.004 0.004 0.004 0.005 0.004 0.005 0.005 0.005 0.917 0.004 0.003 0.005 0.004 0.005 0.005 0.004 
136 QTo-W-0330   (11)   17 :  0.004 0.007 0.006 0.005 0.005 0.005 0.006 0.006 0.004 0.007 0.007 0.007 0.890 0.005 0.003 0.007 0.007 0.006 0.006 0.005 


Estimated Allele Frequencies in each cluster
First column gives estimated ancestral frequencies


Locus 1 : 
4 alleles
0.7% missing data
 149   (0.859) 0.574 0.933 0.974 0.974 0.994 0.982 0.619 0.993 0.936 0.882 0.905 0.988 0.979 0.994 0.192 0.940 0.771 0.974 0.859 0.986 
 147   (0.052) 0.409 0.023 0.008 0.015 0.002 0.005 0.058 0.003 0.010 0.044 0.034 0.004 0.008 0.002 0.248 0.020 0.040 0.009 0.052 0.005 
 155   (0.053) 0.011 0.024 0.012 0.006 0.002 0.006 0.010 0.003 0.045 0.044 0.037 0.004 0.008 0.002 0.558 0.025 0.012 0.010 0.053 0.005 
 161   (0.036) 0.007 0.021 0.006 0.006 0.001 0.006 0.313 0.002 0.010 0.031 0.025 0.003 0.005 0.001 0.003 0.014 0.177 0.007 0.036 0.003 

Locus 2 : 
6 alleles
12.5% missing data
 179   (0.397) 0.074 0.543 0.653 0.720 0.054 0.058 0.611 0.954 0.066 0.464 0.297 0.928 0.890 0.215 0.030 0.527 0.229 0.666 0.397 0.047 
 176   (0.132) 0.028 0.136 0.071 0.183 0.147 0.032 0.042 0.009 0.044 0.114 0.103 0.015 0.022 0.010 0.931 0.101 0.069 0.063 0.132 0.892 
 173   (0.254) 0.052 0.197 0.103 0.054 0.773 0.877 0.173 0.017 0.798 0.235 0.231 0.036 0.048 0.014 0.019 0.150 0.184 0.091 0.254 0.035 
 164   (0.023) 0.004 0.009 0.005 0.004 0.019 0.004 0.007 0.002 0.004 0.018 0.017 0.002 0.004 0.001 0.002 0.011 0.008 0.007 0.023 0.005 
 182   (0.149) 0.835 0.080 0.111 0.031 0.006 0.022 0.047 0.015 0.077 0.125 0.321 0.014 0.027 0.757 0.013 0.147 0.426 0.129 0.149 0.016 
 170   (0.046) 0.007 0.035 0.056 0.008 0.002 0.006 0.120 0.003 0.010 0.044 0.032 0.006 0.008 0.002 0.004 0.064 0.084 0.045 0.046 0.005 

Locus 3 : 
17 alleles
0.0% missing data
 220   (0.156) 0.049 0.122 0.152 0.026 0.080 0.466 0.055 0.014 0.373 0.156 0.122 0.046 0.050 0.009 0.534 0.203 0.132 0.195 0.156 0.405 
 222   (0.184) 0.225 0.269 0.194 0.553 0.017 0.047 0.247 0.124 0.082 0.183 0.168 0.192 0.397 0.012 0.020 0.188 0.180 0.176 0.184 0.021 
 218   (0.180) 0.032 0.157 0.258 0.022 0.695 0.395 0.124 0.016 0.065 0.189 0.230 0.216 0.414 0.008 0.020 0.220 0.260 0.274 0.180 0.399 
 226   (0.066) 0.013 0.032 0.025 0.020 0.005 0.010 0.307 0.005 0.010 0.057 0.047 0.413 0.016 0.940 0.007 0.033 0.048 0.021 0.066 0.128 
 258   (0.066) 0.284 0.089 0.047 0.009 0.004 0.032 0.017 0.005 0.012 0.065 0.046 0.016 0.013 0.003 0.013 0.064 0.018 0.035 0.066 0.008 
 224   (0.059) 0.207 0.043 0.011 0.007 0.003 0.008 0.017 0.003 0.396 0.050 0.108 0.005 0.020 0.009 0.007 0.027 0.105 0.012 0.059 0.009 
 228   (0.075) 0.027 0.142 0.139 0.010 0.006 0.015 0.021 0.014 0.012 0.108 0.058 0.042 0.043 0.007 0.382 0.099 0.035 0.121 0.075 0.009 
 256   (0.025) 0.004 0.007 0.005 0.003 0.183 0.003 0.005 0.002 0.003 0.020 0.019 0.002 0.004 0.001 0.002 0.009 0.005 0.004 0.025 0.002 
 264   (0.017) 0.002 0.005 0.003 0.326 0.001 0.002 0.003 0.001 0.002 0.015 0.010 0.001 0.002 0.001 0.001 0.006 0.003 0.003 0.017 0.002 
 230   (0.024) 0.125 0.008 0.004 0.003 0.001 0.003 0.004 0.807 0.003 0.019 0.016 0.002 0.004 0.001 0.002 0.009 0.004 0.004 0.024 0.002 
 260   (0.033) 0.007 0.019 0.008 0.004 0.001 0.005 0.009 0.002 0.020 0.030 0.026 0.003 0.006 0.003 0.004 0.016 0.013 0.009 0.033 0.003 
 262   (0.019) 0.006 0.007 0.004 0.003 0.001 0.002 0.004 0.001 0.004 0.017 0.011 0.002 0.003 0.001 0.003 0.009 0.006 0.004 0.019 0.002 
 234   (0.018) 0.002 0.048 0.056 0.002 0.001 0.002 0.004 0.001 0.002 0.026 0.013 0.053 0.003 0.001 0.001 0.006 0.003 0.052 0.018 0.002 
 232   (0.020) 0.004 0.025 0.009 0.002 0.001 0.002 0.004 0.001 0.005 0.017 0.076 0.002 0.013 0.001 0.001 0.014 0.078 0.017 0.020 0.002 
 250   (0.013) 0.002 0.005 0.002 0.001 0.001 0.001 0.120 0.001 0.002 0.011 0.009 0.001 0.002 0.001 0.001 0.005 0.068 0.002 0.013 0.001 
 216   (0.020) 0.007 0.013 0.004 0.008 0.001 0.002 0.055 0.001 0.004 0.016 0.014 0.002 0.003 0.001 0.002 0.009 0.035 0.005 0.020 0.002 
 266   (0.025) 0.004 0.009 0.080 0.003 0.001 0.006 0.005 0.001 0.004 0.021 0.024 0.002 0.006 0.001 0.002 0.083 0.007 0.067 0.025 0.002 

Locus 4 : 
2 alleles
1.5% missing data
 137   (0.979) 0.997 0.984 0.979 0.998 0.999 0.998 0.996 0.999 0.997 0.980 0.986 0.997 0.983 0.999 0.999 0.953 0.996 0.945 0.979 0.998 
 139   (0.021) 0.003 0.016 0.021 0.002 0.001 0.002 0.004 0.001 0.003 0.020 0.014 0.003 0.017 0.001 0.001 0.047 0.004 0.055 0.021 0.002 

Locus 5 : 
17 alleles
11.8% missing data
 187   (0.270) 0.056 0.587 0.375 0.060 0.012 0.087 0.347 0.166 0.202 0.288 0.508 0.153 0.069 0.738 0.868 0.258 0.751 0.369 0.270 0.045 
 243   (0.034) 0.005 0.044 0.047 0.003 0.002 0.009 0.007 0.002 0.005 0.038 0.022 0.042 0.006 0.002 0.002 0.014 0.007 0.042 0.034 0.619 
 203   (0.087) 0.012 0.035 0.029 0.009 0.948 0.021 0.364 0.006 0.014 0.077 0.056 0.259 0.016 0.006 0.008 0.050 0.099 0.026 0.087 0.013 
 201   (0.125) 0.019 0.067 0.137 0.013 0.005 0.707 0.147 0.014 0.025 0.143 0.093 0.353 0.028 0.037 0.010 0.112 0.030 0.092 0.125 0.042 
 197   (0.074) 0.011 0.034 0.102 0.008 0.003 0.011 0.049 0.004 0.680 0.063 0.053 0.113 0.014 0.004 0.006 0.132 0.017 0.115 0.074 0.009 
 195   (0.060) 0.009 0.020 0.111 0.868 0.005 0.011 0.016 0.004 0.010 0.051 0.042 0.006 0.010 0.005 0.061 0.125 0.016 0.090 0.060 0.063 
 247   (0.023) 0.003 0.007 0.005 0.002 0.001 0.004 0.004 0.001 0.003 0.021 0.014 0.002 0.004 0.001 0.002 0.010 0.004 0.005 0.023 0.156 
 235   (0.029) 0.004 0.024 0.016 0.003 0.002 0.005 0.008 0.002 0.005 0.027 0.019 0.005 0.008 0.003 0.002 0.019 0.007 0.013 0.029 0.004 
 249   (0.020) 0.003 0.006 0.004 0.002 0.001 0.003 0.004 0.001 0.003 0.017 0.014 0.002 0.003 0.190 0.001 0.008 0.004 0.004 0.020 0.002 
 199   (0.067) 0.838 0.042 0.048 0.008 0.005 0.015 0.014 0.019 0.014 0.076 0.044 0.023 0.050 0.004 0.013 0.051 0.017 0.036 0.068 0.010 
 245   (0.038) 0.006 0.035 0.027 0.005 0.010 0.081 0.007 0.005 0.007 0.043 0.023 0.010 0.006 0.002 0.003 0.028 0.013 0.016 0.038 0.015 
 219   (0.038) 0.007 0.011 0.008 0.004 0.002 0.007 0.007 0.746 0.008 0.030 0.026 0.003 0.137 0.002 0.003 0.016 0.007 0.008 0.038 0.004 
 217   (0.029) 0.004 0.010 0.006 0.003 0.001 0.004 0.005 0.021 0.005 0.026 0.017 0.003 0.596 0.001 0.002 0.013 0.006 0.007 0.029 0.003 
 229   (0.023) 0.003 0.020 0.019 0.002 0.001 0.003 0.004 0.001 0.004 0.022 0.015 0.015 0.004 0.001 0.002 0.010 0.005 0.018 0.023 0.002 
 215   (0.030) 0.004 0.036 0.055 0.003 0.001 0.004 0.006 0.002 0.005 0.029 0.018 0.006 0.041 0.002 0.014 0.125 0.006 0.145 0.030 0.003 
 205   (0.025) 0.003 0.008 0.005 0.002 0.001 0.004 0.005 0.001 0.006 0.019 0.017 0.002 0.004 0.001 0.002 0.011 0.005 0.005 0.025 0.003 
 227   (0.028) 0.013 0.015 0.008 0.005 0.001 0.025 0.006 0.002 0.005 0.030 0.018 0.003 0.005 0.001 0.002 0.019 0.007 0.007 0.028 0.005 

Locus 6 : 
25 alleles
30.9% missing data
 214   (0.057) 0.019 0.034 0.031 0.011 0.114 0.010 0.015 0.006 0.023 0.052 0.042 0.009 0.019 0.004 0.006 0.059 0.023 0.052 0.057 0.347 
 222   (0.068) 0.017 0.096 0.042 0.011 0.066 0.440 0.024 0.010 0.132 0.061 0.061 0.027 0.019 0.005 0.008 0.054 0.027 0.048 0.068 0.479 
 206   (0.059) 0.044 0.133 0.127 0.012 0.390 0.016 0.020 0.012 0.016 0.076 0.043 0.089 0.016 0.006 0.020 0.046 0.022 0.113 0.059 0.010 
 218   (0.080) 0.036 0.120 0.125 0.025 0.382 0.062 0.023 0.149 0.020 0.096 0.098 0.093 0.022 0.005 0.090 0.060 0.192 0.108 0.080 0.018 
 216   (0.064) 0.019 0.041 0.028 0.011 0.003 0.014 0.388 0.137 0.015 0.057 0.051 0.296 0.017 0.007 0.028 0.042 0.160 0.039 0.064 0.010 
 208   (0.043) 0.011 0.021 0.014 0.007 0.002 0.008 0.126 0.005 0.130 0.038 0.033 0.141 0.010 0.003 0.005 0.022 0.026 0.016 0.043 0.007 
 238   (0.042) 0.116 0.026 0.014 0.007 0.002 0.007 0.058 0.006 0.009 0.037 0.028 0.126 0.019 0.546 0.004 0.023 0.011 0.017 0.042 0.006 
 204   (0.018) 0.004 0.006 0.004 0.002 0.001 0.002 0.004 0.002 0.455 0.014 0.013 0.002 0.003 0.001 0.002 0.008 0.005 0.004 0.018 0.002 
 234   (0.050) 0.017 0.072 0.042 0.008 0.003 0.009 0.059 0.007 0.011 0.047 0.037 0.014 0.012 0.003 0.128 0.040 0.041 0.032 0.050 0.008 
 242   (0.033) 0.008 0.065 0.021 0.005 0.002 0.007 0.048 0.006 0.009 0.033 0.127 0.007 0.019 0.002 0.004 0.018 0.147 0.023 0.033 0.004 
 210   (0.146) 0.611 0.124 0.347 0.486 0.010 0.032 0.051 0.124 0.067 0.181 0.137 0.096 0.043 0.396 0.663 0.324 0.089 0.314 0.146 0.054 
 246   (0.028) 0.007 0.019 0.013 0.005 0.008 0.005 0.009 0.007 0.009 0.030 0.019 0.008 0.009 0.002 0.003 0.017 0.008 0.014 0.028 0.004 
 258   (0.025) 0.010 0.070 0.030 0.004 0.001 0.005 0.014 0.004 0.006 0.021 0.020 0.019 0.007 0.002 0.004 0.035 0.010 0.029 0.025 0.004 
 240   (0.019) 0.005 0.009 0.005 0.003 0.001 0.004 0.012 0.002 0.007 0.016 0.012 0.028 0.005 0.001 0.002 0.010 0.006 0.006 0.019 0.004 
 256   (0.023) 0.005 0.007 0.005 0.003 0.001 0.226 0.005 0.002 0.005 0.021 0.015 0.003 0.005 0.001 0.002 0.010 0.005 0.006 0.023 0.003 
 254   (0.016) 0.004 0.007 0.003 0.002 0.001 0.089 0.003 0.002 0.004 0.013 0.011 0.002 0.003 0.001 0.002 0.007 0.004 0.005 0.016 0.002 
 236   (0.050) 0.018 0.038 0.017 0.372 0.004 0.031 0.050 0.497 0.019 0.048 0.032 0.008 0.010 0.003 0.006 0.030 0.044 0.020 0.050 0.011 
 248   (0.025) 0.009 0.033 0.009 0.003 0.003 0.005 0.006 0.003 0.007 0.023 0.108 0.005 0.019 0.002 0.002 0.012 0.112 0.008 0.025 0.003 
 252   (0.019) 0.005 0.015 0.010 0.002 0.001 0.008 0.004 0.003 0.004 0.020 0.012 0.005 0.004 0.001 0.002 0.012 0.005 0.006 0.019 0.003 
 224   (0.026) 0.007 0.023 0.025 0.004 0.001 0.004 0.046 0.003 0.006 0.023 0.018 0.005 0.014 0.002 0.006 0.049 0.029 0.052 0.026 0.006 
 230   (0.026) 0.006 0.010 0.006 0.003 0.001 0.004 0.006 0.003 0.008 0.023 0.018 0.004 0.402 0.002 0.003 0.012 0.007 0.007 0.026 0.003 
 228   (0.018) 0.004 0.007 0.008 0.004 0.001 0.004 0.014 0.002 0.005 0.014 0.013 0.006 0.004 0.001 0.002 0.011 0.009 0.007 0.018 0.002 
 266   (0.019) 0.005 0.007 0.025 0.003 0.001 0.003 0.005 0.002 0.004 0.018 0.015 0.002 0.005 0.001 0.002 0.029 0.006 0.023 0.019 0.003 
 212   (0.025) 0.006 0.010 0.007 0.003 0.001 0.004 0.005 0.003 0.027 0.021 0.017 0.003 0.306 0.001 0.007 0.012 0.006 0.007 0.025 0.004 
 232   (0.019) 0.009 0.006 0.042 0.003 0.001 0.003 0.005 0.002 0.004 0.016 0.020 0.002 0.007 0.001 0.002 0.057 0.007 0.044 0.019 0.002 

Locus 7 : 
7 alleles
1.5% missing data
 108   (0.654) 0.937 0.823 0.670 0.959 0.984 0.935 0.472 0.980 0.430 0.692 0.570 0.564 0.162 0.977 0.967 0.559 0.562 0.663 0.654 0.766 
 116   (0.030) 0.006 0.011 0.006 0.004 0.001 0.014 0.005 0.002 0.004 0.028 0.019 0.003 0.005 0.001 0.002 0.013 0.007 0.006 0.030 0.202 
 110   (0.159) 0.032 0.074 0.248 0.021 0.008 0.026 0.415 0.010 0.175 0.145 0.122 0.420 0.051 0.016 0.019 0.288 0.124 0.212 0.159 0.017 
 114   (0.059) 0.010 0.036 0.011 0.006 0.003 0.013 0.011 0.004 0.373 0.050 0.106 0.005 0.383 0.002 0.004 0.025 0.089 0.013 0.059 0.005 
 112   (0.058) 0.010 0.041 0.059 0.006 0.002 0.009 0.011 0.003 0.010 0.052 0.157 0.006 0.392 0.002 0.004 0.099 0.167 0.099 0.058 0.006 
 104   (0.019) 0.002 0.006 0.003 0.002 0.001 0.002 0.082 0.001 0.003 0.016 0.013 0.001 0.003 0.001 0.001 0.008 0.048 0.003 0.019 0.002 
 118   (0.020) 0.003 0.008 0.003 0.002 0.001 0.002 0.004 0.001 0.005 0.017 0.013 0.001 0.003 0.001 0.002 0.008 0.004 0.004 0.020 0.002 

Locus 8 : 
5 alleles
2.2% missing data
 160   (0.159) 0.410 0.125 0.145 0.021 0.557 0.380 0.034 0.060 0.053 0.159 0.115 0.090 0.033 0.057 0.233 0.109 0.044 0.127 0.159 0.349 
 162   (0.653) 0.321 0.743 0.741 0.102 0.436 0.598 0.761 0.906 0.443 0.665 0.754 0.879 0.922 0.924 0.744 0.703 0.808 0.688 0.653 0.631 
 164   (0.085) 0.019 0.038 0.018 0.835 0.003 0.010 0.078 0.011 0.485 0.071 0.061 0.007 0.013 0.005 0.009 0.038 0.062 0.019 0.085 0.009 
 166   (0.020) 0.004 0.009 0.004 0.002 0.001 0.002 0.005 0.004 0.003 0.016 0.014 0.002 0.003 0.003 0.002 0.009 0.006 0.004 0.020 0.002 
 158   (0.084) 0.246 0.085 0.092 0.039 0.003 0.010 0.122 0.020 0.016 0.089 0.056 0.022 0.029 0.010 0.013 0.142 0.081 0.162 0.084 0.009 

Locus 9 : 
4 alleles
0.0% missing data
 229   (0.515) 0.269 0.556 0.548 0.491 0.510 0.107 0.594 0.969 0.571 0.557 0.364 0.913 0.536 0.623 0.171 0.411 0.221 0.504 0.515 0.375 
 226   (0.364) 0.704 0.369 0.414 0.047 0.481 0.878 0.247 0.025 0.073 0.337 0.505 0.073 0.442 0.371 0.055 0.526 0.598 0.451 0.364 0.613 
 223   (0.102) 0.018 0.064 0.034 0.460 0.009 0.014 0.155 0.006 0.353 0.090 0.118 0.012 0.019 0.006 0.767 0.053 0.176 0.039 0.101 0.010 
 232   (0.019) 0.009 0.011 0.005 0.002 0.001 0.002 0.004 0.001 0.003 0.016 0.012 0.002 0.003 0.001 0.007 0.010 0.005 0.005 0.019 0.002 

Values of parameters used in structure:
DATAFILE=C:\Users\eschumacher\Documents\GitHub\Ten_Oaks\Data_Files\QUTO_wild\project_data,	OUTFILE=C:\Users\eschumacher\Documents\GitHub\Ten_Oaks\Data_Files\QUTO_wild\50-50\Results\50-50_run_100,	NUMINDS=136,	NUMLOCI=9,	MISSING=-9,	LABEL=1,	POPDATA=1,	POPFLAG=0,	PHENOTYPE=0,	EXTRACOLS=0,	MAXPOPS=20,	BURNIN=50000,	NUMREPS=50000,	USEPOPINFO=0,	INFERALPHA=1,	INFERLAMBDA=0,	POPSPECIFICLAMBDA=0,	POPALPHAS=0,	COMPUTEPROB=1,	NOADMIX=0,	ADMBURNIN=2500,	UPDATEFREQ=1,	PRINTLIKES=0,	INTERMEDSAVE=0,	PRINTKLD=0,	PRINTNET=0,	PRINTLAMBDA=0,	ANCESTDIST=0,	NUMBOXES=1000,	ANCESTPINT=0.90000,	GENSBACK=2,	MIGRPRIOR=0.05000,	PRINTQHAT=0,	PRINTQSUM=0,	ALPHA=1.0000,	FREQSCORR=1,	FPRIORMEAN=0.0100,	FPRIORSD=0.0500,	ONEFST=0,	LAMBDA=1.0000,	UNIFPRIORALPHA=1,	ALPHAMAX=10.0000,	ALPHAPRIORA=1.0000,	ALPHAPRIORB=2.0000,	ALPHAPROPSD=0.0250,	STARTATPOPINFO=0,	RANDOMIZE=1,	LINKAGE=0,	METROFREQ=10,	REPORTHITRATE=0,	MARKOVPHASE=-1,	PHASED=0,	PLOIDY=2,	PHASEINFO=0	LOCPRIOR=0, 	LOCPRIORINIT=1.000000, 	LOCDATA=0, 	LOCISPOP=0, 	LOCPRIORSTEP=0.100000, 	MAXLOCPRIOR=20.000000, 	SEED=1689806386,	
[STRAT parameters]:    NUMSIMSTATS=1000,	PHENOTYPECOL=-9,	POOLFREQ=10,	LOCUSxONLY=0,	EMERROR=0.00100,	MISSINGPHENO=-9,	