

----------------------------------------------------
STRUCTURE by Pritchard, Stephens and Donnelly (2000)
     and Falush, Stephens and Pritchard (2003)
       Code by Pritchard, Falush and Hubisz
             Version 2.3.4 (Jul 2012)
----------------------------------------------------



Command line arguments:   bin\structure -m C:\Users\eschumacher\Documents\GitHub\Ten_Oaks\Data_Files\QUTO_wild\50-50\mainparams -e C:\Users\eschumacher\Documents\GitHub\Ten_Oaks\Data_Files\QUTO_wild\50-50\extraparams 
Input File:    C:\Users\eschumacher\Documents\GitHub\Ten_Oaks\Data_Files\QUTO_wild\project_data

Run parameters:
   136 individuals
   9 loci
   19 populations assumed
   50000 Burn-in period
   50000 Reps


--------------------------------------------
Proportion of membership of each pre-defined
 population in each of the 19 clusters

Given    Inferred Clusters                                                                                                                       Number of
 Pop       1      2      3      4      5      6      7      8      9     10     11     12     13     14     15     16     17     18     19      Individuals

  1:     0.013  0.071  0.026  0.014  0.020  0.037  0.018  0.160  0.061  0.025  0.388  0.009  0.052  0.017  0.025  0.015  0.013  0.014  0.021        1
  2:     0.431  0.006  0.006  0.009  0.005  0.010  0.004  0.006  0.004  0.008  0.008  0.004  0.010  0.006  0.005  0.004  0.005  0.460  0.008        4
  3:     0.008  0.020  0.013  0.025  0.009  0.017  0.006  0.021  0.013  0.022  0.019  0.011  0.020  0.750  0.004  0.013  0.005  0.008  0.017        4
  4:     0.005  0.080  0.021  0.010  0.010  0.012  0.007  0.157  0.013  0.012  0.035  0.004  0.030  0.032  0.008  0.009  0.539  0.007  0.007        5
  5:     0.135  0.042  0.022  0.052  0.015  0.033  0.051  0.062  0.065  0.023  0.080  0.014  0.038  0.129  0.024  0.010  0.010  0.071  0.123       71
  6:     0.004  0.075  0.183  0.005  0.006  0.009  0.003  0.083  0.004  0.056  0.005  0.006  0.008  0.003  0.005  0.509  0.026  0.004  0.007        2
  7:     0.015  0.040  0.020  0.010  0.028  0.061  0.005  0.042  0.004  0.016  0.012  0.028  0.054  0.010  0.619  0.005  0.005  0.019  0.007        5
  8:     0.009  0.059  0.057  0.015  0.190  0.081  0.038  0.116  0.007  0.182  0.010  0.012  0.070  0.011  0.014  0.017  0.050  0.010  0.053       10
  9:     0.014  0.035  0.041  0.040  0.383  0.060  0.018  0.023  0.010  0.023  0.014  0.016  0.056  0.074  0.010  0.041  0.112  0.007  0.024        8
 10:     0.106  0.074  0.156  0.078  0.020  0.075  0.017  0.021  0.013  0.041  0.054  0.036  0.068  0.012  0.043  0.050  0.115  0.017  0.006        9
 11:     0.009  0.045  0.036  0.059  0.006  0.066  0.008  0.013  0.038  0.018  0.015  0.530  0.051  0.010  0.005  0.034  0.033  0.014  0.011        3
 12:     0.007  0.025  0.015  0.008  0.022  0.029  0.009  0.065  0.022  0.113  0.016  0.005  0.031  0.035  0.559  0.006  0.008  0.015  0.011        1
 13:     0.024  0.178  0.272  0.078  0.007  0.029  0.008  0.047  0.006  0.106  0.041  0.023  0.030  0.006  0.042  0.071  0.007  0.013  0.009        3
 14:     0.013  0.169  0.072  0.065  0.046  0.032  0.009  0.358  0.005  0.029  0.007  0.005  0.074  0.004  0.028  0.017  0.050  0.011  0.007        1
 15:     0.004  0.006  0.006  0.005  0.005  0.006  0.003  0.005  0.003  0.006  0.004  0.900  0.005  0.005  0.005  0.004  0.004  0.004  0.021        2
 16:     0.016  0.254  0.260  0.035  0.016  0.017  0.006  0.021  0.008  0.222  0.024  0.008  0.017  0.008  0.022  0.016  0.007  0.020  0.022        4
 17:     0.005  0.006  0.006  0.005  0.004  0.005  0.004  0.006  0.046  0.006  0.006  0.003  0.006  0.007  0.003  0.868  0.004  0.004  0.004        3
--------------------------------------------

Allele-freq. divergence among pops (Net nucleotide distance),
computed using point estimates of P.

      1       2       3       4       5       6       7       8       9      10      11      12      13      14      15      16      17      18      19      
 1      -    0.1596  0.1798  0.1228  0.1810  0.1210  0.3064  0.1715  0.2969  0.1531  0.1496  0.2586  0.1232  0.2625  0.3549  0.2514  0.2071  0.1662  0.2874  
 2   0.1596     -    0.0131  0.0833  0.0638  0.0203  0.1855  0.0191  0.1710  0.0209  0.0681  0.1364  0.0182  0.1472  0.1861  0.0869  0.1427  0.1167  0.1010  
 3   0.1798  0.0131     -    0.0837  0.0766  0.0366  0.2151  0.0513  0.2191  0.0328  0.1144  0.1501  0.0369  0.1662  0.2225  0.0793  0.1479  0.1275  0.1323  
 4   0.1228  0.0833  0.0837     -    0.1338  0.0692  0.2647  0.1040  0.2730  0.0856  0.1569  0.1909  0.0699  0.2286  0.2899  0.1687  0.1502  0.1014  0.2241  
 5   0.1810  0.0638  0.0766  0.1338     -    0.0419  0.1965  0.0650  0.1998  0.0701  0.1103  0.1879  0.0427  0.1423  0.1945  0.1281  0.1442  0.1722  0.1741  
 6   0.1210  0.0203  0.0366  0.0692  0.0419     -    0.1466  0.0216  0.1390  0.0207  0.0500  0.1347  0.0003  0.1090  0.1861  0.0800  0.0936  0.0936  0.1243  
 7   0.3064  0.1855  0.2151  0.2647  0.1965  0.1466     -    0.1645  0.2395  0.1776  0.1801  0.2753  0.1469  0.2652  0.3115  0.2538  0.2234  0.2708  0.2974  
 8   0.1715  0.0191  0.0513  0.1040  0.0650  0.0216  0.1645     -    0.1313  0.0249  0.0444  0.1742  0.0172  0.1227  0.1940  0.0858  0.1490  0.1268  0.1214  
 9   0.2969  0.1710  0.2191  0.2730  0.1998  0.1390  0.2395  0.1313     -    0.1602  0.1189  0.3181  0.1354  0.1676  0.3762  0.1959  0.2778  0.2789  0.2457  
10   0.1531  0.0209  0.0328  0.0856  0.0701  0.0207  0.1776  0.0249  0.1602     -    0.0612  0.1480  0.0205  0.1359  0.2182  0.0801  0.1399  0.1132  0.1337  
11   0.1496  0.0681  0.1144  0.1569  0.1103  0.0500  0.1801  0.0444  0.1189  0.0612     -    0.2164  0.0467  0.1238  0.2502  0.1318  0.1776  0.1594  0.1591  
12   0.2586  0.1364  0.1501  0.1909  0.1879  0.1347  0.2753  0.1742  0.3181  0.1480  0.2164     -    0.1382  0.3364  0.2885  0.2628  0.2672  0.2250  0.2044  
13   0.1232  0.0182  0.0369  0.0699  0.0427  0.0003  0.1469  0.0172  0.1354  0.0205  0.0467  0.1382     -    0.1080  0.1858  0.0800  0.0971  0.0956  0.1218  
14   0.2625  0.1472  0.1662  0.2286  0.1423  0.1090  0.2652  0.1227  0.1676  0.1359  0.1238  0.3364  0.1080     -    0.4000  0.1428  0.2301  0.2551  0.1927  
15   0.3549  0.1861  0.2225  0.2899  0.1945  0.1861  0.3115  0.1940  0.3762  0.2182  0.2502  0.2885  0.1858  0.4000     -    0.3444  0.2914  0.2332  0.2854  
16   0.2514  0.0869  0.0793  0.1687  0.1281  0.0800  0.2538  0.0858  0.1959  0.0801  0.1318  0.2628  0.0800  0.1428  0.3444     -    0.1975  0.1983  0.2284  
17   0.2071  0.1427  0.1479  0.1502  0.1442  0.0936  0.2234  0.1490  0.2778  0.1399  0.1776  0.2672  0.0971  0.2301  0.2914  0.1975     -    0.2071  0.2626  
18   0.1662  0.1167  0.1275  0.1014  0.1722  0.0936  0.2708  0.1268  0.2789  0.1132  0.1594  0.2250  0.0956  0.2551  0.2332  0.1983  0.2071     -    0.2346  
19   0.2874  0.1010  0.1323  0.2241  0.1741  0.1243  0.2974  0.1214  0.2457  0.1337  0.1591  0.2044  0.1218  0.1927  0.2854  0.2284  0.2626  0.2346     -    

Average distances (expected heterozygosity) between individuals in same cluster:
cluster  1  : 0.3053 
cluster  2  : 0.4970 
cluster  3  : 0.5076 
cluster  4  : 0.4223 
cluster  5  : 0.6106 
cluster  6  : 0.6101 
cluster  7  : 0.3213 
cluster  8  : 0.4760 
cluster  9  : 0.2026 
cluster 10  : 0.5464 
cluster 11  : 0.3967 
cluster 12  : 0.4096 
cluster 13  : 0.5948 
cluster 14  : 0.3014 
cluster 15  : 0.3207 
cluster 16  : 0.4398 
cluster 17  : 0.4690 
cluster 18  : 0.4021 
cluster 19  : 0.2422 

--------------------------------------------
Estimated Ln Prob of Data   = -2245.9
Mean value of ln likelihood = -1796.5
Variance of ln likelihood   = 898.8
Mean value of alpha         = 0.0347

Mean value of Fst_1         = 0.5107
Mean value of Fst_2         = 0.3455
Mean value of Fst_3         = 0.3603
Mean value of Fst_4         = 0.4401
Mean value of Fst_5         = 0.1986
Mean value of Fst_6         = 0.0025
Mean value of Fst_7         = 0.5589
Mean value of Fst_8         = 0.2941
Mean value of Fst_9         = 0.6615
Mean value of Fst_10         = 0.3112
Mean value of Fst_11         = 0.3390
Mean value of Fst_12         = 0.4510
Mean value of Fst_13         = 0.0440
Mean value of Fst_14         = 0.4963
Mean value of Fst_15         = 0.5633
Mean value of Fst_16         = 0.3905
Mean value of Fst_17         = 0.3826
Mean value of Fst_18         = 0.4461
Mean value of Fst_19         = 0.5877


Inferred ancestry of individuals:
        Label (%Miss) Pop:  Inferred clusters
  1 QTo-W-0007   (11)    1 :  0.013 0.071 0.026 0.014 0.020 0.037 0.018 0.160 0.061 0.025 0.388 0.009 0.052 0.017 0.025 0.015 0.013 0.014 0.021 
  2 QTo-W-0009    (0)    2 :  0.007 0.004 0.004 0.006 0.004 0.005 0.003 0.005 0.004 0.005 0.006 0.004 0.005 0.012 0.004 0.004 0.004 0.896 0.018 
  3 QTo-W-0010    (0)    2 :  0.793 0.010 0.011 0.015 0.008 0.026 0.004 0.009 0.005 0.017 0.010 0.005 0.027 0.004 0.006 0.005 0.009 0.030 0.005 
  4 QTo-W-0011    (0)    2 :  0.010 0.005 0.005 0.007 0.003 0.005 0.004 0.005 0.005 0.005 0.007 0.004 0.004 0.004 0.005 0.004 0.004 0.909 0.004 
  5 QTo-W-0012   (22)    2 :  0.912 0.005 0.005 0.007 0.004 0.005 0.003 0.005 0.004 0.005 0.008 0.004 0.005 0.005 0.003 0.005 0.004 0.005 0.004 
  6 QTo-W-0020   (22)    3 :  0.007 0.004 0.004 0.004 0.006 0.004 0.003 0.004 0.004 0.004 0.004 0.003 0.004 0.926 0.003 0.004 0.004 0.004 0.006 
  7 QTo-W-0021   (22)    3 :  0.006 0.012 0.010 0.007 0.010 0.012 0.011 0.018 0.022 0.009 0.015 0.005 0.015 0.797 0.005 0.015 0.006 0.006 0.020 
  8 QTo-W-0023   (22)    3 :  0.007 0.008 0.006 0.006 0.007 0.008 0.005 0.009 0.013 0.009 0.016 0.005 0.007 0.832 0.003 0.013 0.005 0.007 0.034 
  9 QTo-W-0024   (11)    3 :  0.011 0.057 0.031 0.082 0.014 0.042 0.006 0.054 0.012 0.064 0.040 0.032 0.054 0.443 0.004 0.022 0.006 0.015 0.009 
 10 QTo-W-0033    (0)    4 :  0.006 0.007 0.006 0.016 0.006 0.008 0.006 0.009 0.004 0.005 0.006 0.004 0.009 0.013 0.004 0.004 0.866 0.014 0.004 
 11 QTo-W-0035   (11)    4 :  0.006 0.006 0.005 0.007 0.005 0.006 0.007 0.005 0.006 0.006 0.006 0.004 0.006 0.006 0.006 0.005 0.899 0.005 0.005 
 12 QTo-W-0036    (0)    4 :  0.005 0.004 0.004 0.005 0.004 0.004 0.005 0.005 0.005 0.004 0.004 0.004 0.005 0.004 0.004 0.004 0.923 0.004 0.004 
 13 QTo-W-0039   (11)    4 :  0.005 0.188 0.038 0.012 0.009 0.015 0.010 0.353 0.035 0.025 0.112 0.005 0.059 0.088 0.010 0.012 0.005 0.006 0.013 
 14 QTo-W-0041    (0)    4 :  0.004 0.194 0.052 0.011 0.026 0.029 0.008 0.414 0.017 0.020 0.049 0.004 0.070 0.051 0.013 0.022 0.005 0.005 0.008 
 15 QTo-W-0044    (0)    5 :  0.005 0.024 0.057 0.035 0.007 0.011 0.102 0.011 0.004 0.008 0.005 0.007 0.009 0.009 0.018 0.008 0.004 0.642 0.035 
 16 QTo-W-0047    (0)    5 :  0.009 0.006 0.005 0.010 0.004 0.009 0.004 0.005 0.005 0.005 0.007 0.004 0.007 0.004 0.007 0.004 0.005 0.894 0.005 
 17 QTo-W-0048   (11)    5 :  0.013 0.007 0.006 0.010 0.004 0.006 0.005 0.006 0.006 0.007 0.011 0.006 0.006 0.005 0.007 0.005 0.005 0.879 0.006 
 18 QTo-W-0049    (0)    5 :  0.861 0.007 0.006 0.016 0.004 0.008 0.003 0.007 0.004 0.010 0.007 0.004 0.009 0.004 0.006 0.004 0.008 0.027 0.004 
 19 QTo-W-0050   (22)    5 :  0.031 0.030 0.036 0.033 0.016 0.048 0.006 0.020 0.011 0.026 0.015 0.060 0.042 0.022 0.006 0.017 0.129 0.017 0.437 
 20 QTo-W-0052    (0)    5 :  0.013 0.015 0.019 0.014 0.007 0.016 0.142 0.012 0.009 0.012 0.016 0.020 0.013 0.004 0.658 0.004 0.005 0.017 0.005 
 21 QTo-W-0054    (0)    5 :  0.917 0.005 0.005 0.007 0.004 0.005 0.003 0.005 0.004 0.004 0.008 0.004 0.004 0.005 0.003 0.004 0.004 0.006 0.004 
 22 QTo-W-0056    (0)    5 :  0.894 0.005 0.004 0.006 0.004 0.005 0.004 0.005 0.003 0.005 0.006 0.004 0.005 0.003 0.006 0.003 0.004 0.031 0.003 
 23 QTo-W-0057    (0)    5 :  0.727 0.008 0.007 0.056 0.005 0.007 0.003 0.008 0.003 0.007 0.006 0.005 0.007 0.004 0.009 0.005 0.006 0.123 0.004 
 24 QTo-W-0058    (0)    5 :  0.921 0.005 0.005 0.006 0.004 0.005 0.003 0.005 0.005 0.005 0.007 0.004 0.004 0.004 0.003 0.004 0.004 0.004 0.004 
 25 QTo-W-0059    (0)    5 :  0.533 0.018 0.028 0.019 0.010 0.029 0.079 0.016 0.005 0.009 0.018 0.009 0.024 0.023 0.023 0.007 0.005 0.072 0.073 
 26 QTo-W-0060    (0)    5 :  0.816 0.007 0.005 0.024 0.004 0.008 0.004 0.008 0.004 0.006 0.006 0.004 0.007 0.005 0.006 0.004 0.005 0.072 0.005 
 27 QTo-W-0061    (0)    5 :  0.438 0.060 0.018 0.011 0.014 0.061 0.008 0.086 0.029 0.054 0.065 0.005 0.073 0.031 0.009 0.020 0.005 0.005 0.008 
 28 QTo-W-0062   (11)    5 :  0.903 0.005 0.005 0.009 0.005 0.005 0.004 0.005 0.005 0.005 0.006 0.005 0.006 0.006 0.003 0.005 0.005 0.006 0.005 
 29 QTo-W-0065   (11)    5 :  0.690 0.015 0.010 0.009 0.011 0.014 0.013 0.023 0.034 0.020 0.048 0.006 0.015 0.047 0.004 0.022 0.004 0.008 0.009 
 30 QTo-W-0067    (0)    5 :  0.701 0.019 0.010 0.011 0.007 0.013 0.008 0.030 0.025 0.011 0.030 0.003 0.018 0.029 0.007 0.011 0.006 0.051 0.008 
 31 QTo-W-0071    (0)    5 :  0.005 0.204 0.066 0.013 0.011 0.021 0.007 0.484 0.014 0.016 0.020 0.011 0.077 0.012 0.005 0.011 0.005 0.009 0.009 
 32 QTo-W-0072    (0)    5 :  0.003 0.017 0.015 0.007 0.013 0.010 0.006 0.019 0.015 0.010 0.022 0.005 0.011 0.190 0.008 0.010 0.006 0.004 0.627 
 33 QTo-W-0075    (0)    5 :  0.004 0.019 0.007 0.008 0.006 0.008 0.014 0.015 0.016 0.015 0.017 0.010 0.010 0.767 0.010 0.005 0.004 0.006 0.059 
 34 QTo-W-0076   (11)    5 :  0.008 0.019 0.022 0.020 0.010 0.013 0.007 0.017 0.009 0.016 0.008 0.009 0.015 0.773 0.004 0.016 0.009 0.009 0.017 
 35 QTo-W-0077   (11)    5 :  0.030 0.025 0.009 0.059 0.013 0.048 0.007 0.023 0.015 0.017 0.208 0.005 0.047 0.270 0.005 0.010 0.012 0.153 0.046 
 36 QTo-W-0079    (0)    5 :  0.005 0.004 0.004 0.003 0.004 0.004 0.003 0.003 0.004 0.003 0.004 0.003 0.003 0.936 0.002 0.003 0.003 0.003 0.005 
 37 QTo-W-0080   (11)    5 :  0.125 0.066 0.035 0.014 0.067 0.132 0.007 0.094 0.016 0.033 0.051 0.006 0.164 0.146 0.008 0.014 0.008 0.007 0.006 
 38 QTo-W-0081   (11)    5 :  0.008 0.012 0.009 0.010 0.006 0.010 0.008 0.017 0.012 0.019 0.015 0.004 0.011 0.819 0.004 0.014 0.011 0.006 0.006 
 39 QTo-W-0082    (0)    5 :  0.015 0.034 0.019 0.008 0.017 0.016 0.006 0.067 0.006 0.010 0.007 0.007 0.024 0.730 0.003 0.011 0.005 0.006 0.008 
 40 QTo-W-0087    (0)    5 :  0.008 0.006 0.005 0.006 0.005 0.005 0.004 0.006 0.006 0.006 0.009 0.004 0.006 0.893 0.003 0.006 0.004 0.005 0.017 
 41 QTo-W-0088   (11)    5 :  0.012 0.009 0.006 0.007 0.005 0.007 0.004 0.007 0.009 0.007 0.012 0.004 0.006 0.874 0.003 0.008 0.004 0.006 0.008 
 42 QTo-W-0089   (11)    5 :  0.004 0.008 0.006 0.005 0.006 0.008 0.007 0.009 0.010 0.008 0.009 0.004 0.009 0.873 0.004 0.007 0.008 0.004 0.007 
 43 QTo-W-0090    (0)    5 :  0.006 0.018 0.014 0.024 0.009 0.034 0.007 0.028 0.009 0.012 0.009 0.005 0.033 0.729 0.003 0.008 0.023 0.023 0.007 
 44 QTo-W-0093   (11)    5 :  0.032 0.082 0.043 0.042 0.027 0.050 0.005 0.099 0.007 0.047 0.018 0.036 0.059 0.218 0.011 0.014 0.004 0.015 0.190 
 45 QTo-W-0098    (0)    5 :  0.011 0.008 0.007 0.009 0.005 0.009 0.005 0.009 0.008 0.007 0.021 0.011 0.008 0.008 0.007 0.006 0.004 0.009 0.847 
 46 QTo-W-0101   (11)    5 :  0.014 0.016 0.012 0.011 0.008 0.012 0.006 0.015 0.011 0.012 0.033 0.015 0.012 0.010 0.008 0.009 0.005 0.013 0.778 
 47 QTo-W-0114    (0)    5 :  0.004 0.008 0.007 0.004 0.005 0.005 0.007 0.009 0.010 0.006 0.011 0.004 0.007 0.010 0.005 0.006 0.004 0.004 0.885 
 48 QTo-W-0116   (11)    5 :  0.005 0.007 0.006 0.006 0.004 0.005 0.004 0.006 0.005 0.006 0.005 0.009 0.005 0.006 0.005 0.005 0.004 0.005 0.901 
 49 QTo-W-0117   (22)    5 :  0.006 0.010 0.009 0.007 0.005 0.007 0.005 0.008 0.008 0.008 0.007 0.010 0.007 0.012 0.004 0.006 0.005 0.009 0.868 
 50 QTo-W-0118    (0)    5 :  0.004 0.005 0.005 0.005 0.003 0.004 0.004 0.004 0.004 0.004 0.004 0.006 0.004 0.004 0.004 0.004 0.003 0.004 0.925 
 51 QTo-W-0121   (11)    5 :  0.005 0.012 0.009 0.034 0.005 0.009 0.004 0.009 0.005 0.008 0.007 0.007 0.011 0.032 0.004 0.005 0.005 0.012 0.817 
 52 QTo-W-0124   (11)    5 :  0.024 0.006 0.006 0.690 0.004 0.006 0.004 0.006 0.004 0.006 0.007 0.005 0.006 0.004 0.005 0.004 0.007 0.204 0.004 
 53 QTo-W-0128    (0)    5 :  0.011 0.005 0.005 0.715 0.003 0.005 0.003 0.005 0.003 0.005 0.004 0.004 0.005 0.004 0.004 0.003 0.004 0.207 0.004 
 54 QTo-W-0129    (0)    5 :  0.013 0.007 0.009 0.693 0.005 0.013 0.003 0.007 0.003 0.006 0.006 0.005 0.010 0.004 0.004 0.004 0.006 0.197 0.005 
 55 QTo-W-0131   (11)    5 :  0.042 0.042 0.031 0.022 0.030 0.256 0.024 0.042 0.013 0.082 0.048 0.011 0.227 0.032 0.004 0.012 0.059 0.018 0.006 
 56 QTo-W-0133   (11)    5 :  0.016 0.069 0.012 0.012 0.007 0.057 0.011 0.093 0.028 0.042 0.244 0.161 0.048 0.012 0.100 0.014 0.009 0.058 0.009 
 57 QTo-W-0137    (0)    5 :  0.006 0.164 0.054 0.024 0.012 0.064 0.006 0.392 0.008 0.019 0.015 0.011 0.097 0.026 0.006 0.016 0.005 0.012 0.063 
 58 QTo-W-0138    (0)    5 :  0.143 0.036 0.046 0.258 0.013 0.047 0.013 0.022 0.037 0.053 0.081 0.007 0.076 0.004 0.016 0.005 0.006 0.133 0.005 
 59 QTo-W-0139    (0)    5 :  0.005 0.005 0.004 0.004 0.004 0.005 0.902 0.006 0.007 0.005 0.005 0.003 0.005 0.004 0.015 0.003 0.005 0.010 0.004 
 60 QTo-W-0140   (22)    5 :  0.005 0.005 0.004 0.005 0.004 0.005 0.911 0.006 0.006 0.005 0.005 0.004 0.005 0.005 0.005 0.004 0.006 0.004 0.005 
 61 QTo-W-0142    (0)    5 :  0.003 0.004 0.004 0.003 0.004 0.004 0.923 0.004 0.010 0.004 0.005 0.004 0.004 0.005 0.004 0.004 0.004 0.003 0.004 
 62 QTo-W-0144    (0)    5 :  0.215 0.049 0.032 0.026 0.012 0.079 0.008 0.043 0.010 0.018 0.267 0.051 0.091 0.007 0.005 0.056 0.016 0.008 0.007 
 63 QTo-W-0149   (22)    5 :  0.006 0.007 0.005 0.005 0.005 0.009 0.007 0.008 0.804 0.007 0.010 0.005 0.009 0.007 0.004 0.089 0.005 0.004 0.006 
 64 QTo-W-0151   (11)    5 :  0.013 0.014 0.011 0.005 0.015 0.010 0.006 0.008 0.812 0.013 0.027 0.005 0.010 0.029 0.005 0.005 0.004 0.004 0.004 
 65 QTo-W-0153   (22)    5 :  0.005 0.005 0.004 0.004 0.004 0.005 0.006 0.006 0.911 0.005 0.007 0.004 0.005 0.006 0.004 0.005 0.004 0.004 0.005 
 66 QTo-W-0154    (0)    5 :  0.004 0.029 0.017 0.006 0.012 0.013 0.042 0.044 0.700 0.012 0.025 0.010 0.014 0.011 0.016 0.011 0.005 0.004 0.026 
 67 QTo-W-0159   (11)    5 :  0.016 0.208 0.067 0.008 0.010 0.023 0.011 0.341 0.011 0.020 0.114 0.016 0.049 0.007 0.045 0.011 0.006 0.006 0.031 
 68 QTo-W-0161   (11)    5 :  0.004 0.033 0.034 0.006 0.025 0.013 0.031 0.084 0.633 0.013 0.027 0.007 0.023 0.007 0.013 0.010 0.007 0.005 0.023 
 69 QTo-W-0162    (0)    5 :  0.004 0.099 0.082 0.010 0.053 0.161 0.013 0.066 0.023 0.051 0.020 0.036 0.167 0.018 0.009 0.007 0.013 0.004 0.164 
 70 QTo-W-0163   (11)    5 :  0.026 0.036 0.022 0.011 0.165 0.084 0.045 0.065 0.019 0.071 0.138 0.010 0.062 0.196 0.012 0.017 0.012 0.006 0.005 
 71 QTo-W-0167   (11)    5 :  0.010 0.078 0.060 0.014 0.022 0.043 0.008 0.084 0.008 0.027 0.018 0.022 0.049 0.016 0.098 0.025 0.044 0.124 0.248 
 72 QTo-W-0170    (0)    5 :  0.007 0.209 0.089 0.012 0.018 0.052 0.006 0.320 0.007 0.048 0.012 0.016 0.073 0.007 0.058 0.008 0.009 0.022 0.029 
 73 QTo-W-0171   (22)    5 :  0.066 0.113 0.062 0.148 0.022 0.061 0.013 0.203 0.015 0.029 0.031 0.041 0.107 0.014 0.005 0.014 0.028 0.014 0.012 
 74 QTo-W-0172   (22)    5 :  0.008 0.069 0.051 0.016 0.015 0.248 0.028 0.032 0.008 0.042 0.012 0.074 0.211 0.006 0.070 0.007 0.034 0.007 0.061 
 75 QTo-W-0173   (11)    5 :  0.007 0.217 0.062 0.009 0.011 0.018 0.010 0.466 0.011 0.017 0.023 0.006 0.049 0.009 0.033 0.016 0.005 0.016 0.014 
 76 QTo-W-0174    (0)    5 :  0.012 0.062 0.020 0.009 0.011 0.023 0.009 0.097 0.023 0.028 0.334 0.006 0.034 0.040 0.028 0.009 0.008 0.011 0.235 
 77 QTo-W-0175    (0)    5 :  0.044 0.042 0.040 0.129 0.012 0.123 0.007 0.049 0.046 0.060 0.211 0.010 0.171 0.012 0.004 0.008 0.008 0.016 0.007 
 78 QTo-W-0182   (22)    5 :  0.009 0.013 0.013 0.164 0.006 0.016 0.004 0.012 0.005 0.013 0.011 0.006 0.015 0.014 0.005 0.010 0.006 0.669 0.008 
 79 QTo-W-0184    (0)    5 :  0.009 0.076 0.088 0.037 0.166 0.090 0.008 0.046 0.017 0.059 0.132 0.008 0.103 0.031 0.034 0.010 0.038 0.013 0.034 
 80 QTo-W-0188    (0)    5 :  0.015 0.163 0.040 0.011 0.012 0.041 0.010 0.253 0.006 0.034 0.076 0.071 0.036 0.005 0.184 0.006 0.005 0.021 0.012 
 81 QTo-W-0192   (11)    5 :  0.009 0.008 0.006 0.006 0.005 0.009 0.005 0.009 0.011 0.008 0.850 0.005 0.010 0.009 0.005 0.006 0.005 0.024 0.008 
 82 QTo-W-0193    (0)    5 :  0.019 0.009 0.006 0.006 0.005 0.016 0.005 0.009 0.009 0.007 0.858 0.005 0.013 0.006 0.004 0.006 0.004 0.005 0.006 
 83 QTo-W-0194    (0)    5 :  0.013 0.007 0.006 0.005 0.004 0.006 0.004 0.007 0.008 0.006 0.884 0.004 0.007 0.006 0.004 0.005 0.003 0.016 0.005 
 84 QTo-W-0196   (11)    5 :  0.009 0.124 0.010 0.012 0.011 0.017 0.022 0.183 0.036 0.191 0.246 0.021 0.046 0.016 0.019 0.011 0.005 0.006 0.015 
 85 QTo-W-0197    (0)    5 :  0.006 0.132 0.010 0.026 0.006 0.021 0.016 0.189 0.018 0.188 0.202 0.016 0.046 0.078 0.013 0.008 0.004 0.008 0.013 
 86 QTo-W-0200   (11)    6 :  0.004 0.075 0.184 0.005 0.005 0.008 0.003 0.083 0.004 0.056 0.005 0.006 0.008 0.003 0.005 0.509 0.025 0.005 0.007 
 87 QTo-W-0201   (22)    6 :  0.004 0.075 0.181 0.005 0.006 0.010 0.003 0.083 0.004 0.056 0.005 0.006 0.008 0.004 0.006 0.508 0.027 0.004 0.007 
 88 QTo-W-0205    (0)    7 :  0.003 0.004 0.004 0.003 0.004 0.004 0.004 0.004 0.003 0.004 0.004 0.007 0.004 0.003 0.932 0.003 0.003 0.004 0.004 
 89 QTo-W-0208    (0)    7 :  0.056 0.048 0.054 0.031 0.107 0.149 0.012 0.045 0.007 0.050 0.017 0.012 0.122 0.036 0.148 0.010 0.010 0.074 0.010 
 90 QTo-W-0211    (0)    7 :  0.008 0.134 0.034 0.008 0.016 0.143 0.005 0.146 0.005 0.017 0.032 0.115 0.133 0.004 0.172 0.004 0.006 0.005 0.014 
 91 QTo-W-0212   (11)    7 :  0.005 0.004 0.004 0.004 0.004 0.004 0.003 0.004 0.004 0.004 0.005 0.004 0.004 0.003 0.929 0.003 0.003 0.006 0.004 
 92 QTo-W-0213    (0)    7 :  0.004 0.008 0.005 0.004 0.006 0.005 0.003 0.010 0.003 0.004 0.005 0.004 0.006 0.003 0.916 0.003 0.004 0.005 0.004 
 93 QTo-W-0216   (11)    8 :  0.007 0.010 0.036 0.007 0.006 0.024 0.005 0.230 0.007 0.585 0.011 0.005 0.021 0.007 0.004 0.017 0.004 0.008 0.005 
 94 QTo-W-0220    (0)    8 :  0.010 0.009 0.029 0.006 0.009 0.032 0.004 0.225 0.006 0.578 0.008 0.004 0.027 0.006 0.004 0.014 0.004 0.019 0.004 
 95 QTo-W-0224   (11)    8 :  0.021 0.180 0.186 0.032 0.025 0.095 0.037 0.025 0.006 0.156 0.011 0.035 0.074 0.010 0.005 0.014 0.042 0.032 0.013 
 96 QTo-W-0225   (11)    8 :  0.017 0.014 0.011 0.008 0.835 0.011 0.004 0.012 0.004 0.010 0.007 0.004 0.012 0.009 0.019 0.007 0.004 0.007 0.005 
 97 QTo-W-0227   (11)    8 :  0.006 0.028 0.060 0.023 0.027 0.064 0.008 0.174 0.009 0.365 0.014 0.023 0.063 0.010 0.005 0.048 0.058 0.009 0.007 
 98 QTo-W-0229    (0)    8 :  0.008 0.009 0.010 0.005 0.845 0.009 0.006 0.012 0.005 0.006 0.005 0.003 0.008 0.037 0.004 0.018 0.004 0.003 0.003 
 99 QTo-W-0231    (0)    8 :  0.006 0.010 0.026 0.019 0.014 0.427 0.008 0.008 0.003 0.010 0.004 0.005 0.338 0.006 0.029 0.008 0.071 0.007 0.003 
100 QTo-W-0238   (22)    8 :  0.006 0.208 0.133 0.013 0.051 0.022 0.028 0.290 0.011 0.070 0.013 0.009 0.055 0.007 0.029 0.017 0.014 0.007 0.017 
101 QTo-W-0240    (0)    8 :  0.009 0.100 0.064 0.030 0.029 0.107 0.018 0.154 0.008 0.018 0.018 0.008 0.078 0.006 0.027 0.017 0.285 0.009 0.017 
102 QTo-W-0242    (0)    8 :  0.003 0.022 0.011 0.005 0.063 0.021 0.260 0.027 0.008 0.022 0.014 0.025 0.022 0.009 0.012 0.006 0.016 0.003 0.454 
103 QTo-W-0244    (0)    9 :  0.003 0.080 0.075 0.007 0.018 0.018 0.010 0.016 0.005 0.051 0.007 0.013 0.017 0.009 0.009 0.012 0.615 0.004 0.035 
104 QTo-W-0245   (11)    9 :  0.005 0.035 0.044 0.026 0.355 0.106 0.018 0.026 0.012 0.031 0.008 0.013 0.077 0.011 0.010 0.011 0.194 0.009 0.009 
105 QTo-W-0251    (0)    9 :  0.004 0.030 0.011 0.006 0.008 0.047 0.005 0.042 0.016 0.020 0.048 0.039 0.051 0.307 0.010 0.264 0.006 0.004 0.081 
106 QTo-W-0253    (0)    9 :  0.003 0.016 0.033 0.023 0.746 0.026 0.007 0.019 0.004 0.026 0.006 0.005 0.026 0.016 0.008 0.005 0.006 0.005 0.020 
107 QTo-W-0256   (11)    9 :  0.052 0.032 0.037 0.178 0.342 0.069 0.006 0.023 0.006 0.015 0.009 0.006 0.082 0.075 0.006 0.009 0.028 0.021 0.006 
108 QTo-W-0258    (0)    9 :  0.035 0.062 0.113 0.056 0.235 0.106 0.030 0.024 0.007 0.016 0.007 0.004 0.101 0.155 0.003 0.017 0.019 0.006 0.004 
109 QTo-W-0259    (0)    9 :  0.005 0.010 0.005 0.012 0.723 0.037 0.040 0.014 0.023 0.009 0.012 0.012 0.029 0.015 0.009 0.004 0.013 0.004 0.024 
110 QTo-W-0260   (22)    9 :  0.005 0.019 0.007 0.015 0.638 0.068 0.027 0.018 0.009 0.018 0.017 0.030 0.064 0.005 0.023 0.004 0.018 0.004 0.011 
111 QTo-W-0274   (11)   10 :  0.005 0.144 0.379 0.135 0.044 0.036 0.005 0.009 0.006 0.068 0.010 0.005 0.029 0.011 0.004 0.092 0.004 0.006 0.005 
112 QTo-W-0275    (0)   10 :  0.227 0.029 0.026 0.071 0.007 0.085 0.006 0.023 0.048 0.017 0.091 0.097 0.081 0.004 0.010 0.074 0.078 0.018 0.007 
113 QTo-W-0278    (0)   10 :  0.008 0.062 0.057 0.018 0.017 0.075 0.023 0.066 0.027 0.080 0.213 0.097 0.077 0.039 0.072 0.022 0.033 0.009 0.007 
114 QTo-W-0283   (11)   10 :  0.034 0.019 0.016 0.016 0.017 0.101 0.009 0.015 0.005 0.012 0.027 0.007 0.080 0.013 0.121 0.008 0.469 0.026 0.006 
115 QTo-W-0284    (0)   10 :  0.018 0.019 0.019 0.014 0.015 0.114 0.012 0.017 0.005 0.012 0.020 0.010 0.109 0.009 0.145 0.038 0.399 0.017 0.007 
116 QTo-W-0287   (22)   10 :  0.007 0.159 0.409 0.141 0.023 0.013 0.008 0.008 0.004 0.069 0.005 0.004 0.011 0.014 0.004 0.096 0.012 0.008 0.005 
117 QTo-W-0289   (22)   10 :  0.006 0.161 0.421 0.139 0.024 0.008 0.005 0.006 0.005 0.068 0.006 0.007 0.009 0.008 0.006 0.101 0.005 0.008 0.008 
118 QTo-W-0293    (0)   10 :  0.016 0.056 0.060 0.154 0.017 0.216 0.026 0.029 0.012 0.030 0.014 0.085 0.194 0.004 0.005 0.009 0.010 0.058 0.006 
119 QTo-W-0295   (11)   10 :  0.629 0.018 0.013 0.015 0.018 0.024 0.055 0.016 0.007 0.010 0.100 0.009 0.020 0.006 0.017 0.008 0.025 0.007 0.004 
120 QTo-W-0296   (11)   11 :  0.010 0.042 0.008 0.008 0.006 0.010 0.009 0.008 0.058 0.006 0.016 0.772 0.009 0.006 0.004 0.006 0.005 0.007 0.010 
121 QTo-W-0298    (0)   11 :  0.007 0.041 0.007 0.005 0.004 0.007 0.010 0.008 0.049 0.006 0.010 0.806 0.007 0.005 0.005 0.005 0.004 0.006 0.009 
122 QTo-W-0300   (11)   11 :  0.012 0.053 0.094 0.163 0.007 0.180 0.004 0.024 0.007 0.042 0.017 0.012 0.136 0.019 0.005 0.092 0.090 0.029 0.013 
123 QTo-W-0302    (0)   12 :  0.007 0.025 0.015 0.008 0.022 0.029 0.009 0.065 0.022 0.113 0.016 0.005 0.031 0.035 0.559 0.006 0.008 0.015 0.011 
124 QTo-W-0305    (0)   13 :  0.005 0.174 0.353 0.089 0.007 0.037 0.014 0.038 0.004 0.085 0.007 0.020 0.030 0.007 0.006 0.099 0.010 0.008 0.007 
125 QTo-W-0308   (11)   13 :  0.007 0.184 0.333 0.079 0.007 0.029 0.007 0.043 0.005 0.087 0.009 0.032 0.033 0.007 0.007 0.107 0.006 0.009 0.009 
126 QTo-W-0309   (11)   13 :  0.062 0.176 0.132 0.068 0.007 0.021 0.004 0.061 0.009 0.145 0.107 0.015 0.028 0.004 0.113 0.007 0.006 0.023 0.012 
127 QTo-W-0311    (0)   14 :  0.013 0.169 0.072 0.065 0.046 0.032 0.009 0.358 0.005 0.029 0.007 0.005 0.074 0.004 0.028 0.017 0.050 0.011 0.007 
128 QTo-W-0312    (0)   15 :  0.003 0.005 0.005 0.004 0.004 0.006 0.003 0.006 0.003 0.006 0.003 0.886 0.005 0.006 0.005 0.004 0.004 0.003 0.036 
129 QTo-W-0315   (11)   15 :  0.004 0.006 0.006 0.005 0.005 0.005 0.003 0.005 0.004 0.006 0.004 0.914 0.005 0.004 0.005 0.004 0.005 0.004 0.005 
130 QTo-W-0318    (0)   16 :  0.011 0.271 0.312 0.012 0.006 0.011 0.009 0.010 0.005 0.235 0.014 0.012 0.011 0.004 0.029 0.016 0.006 0.005 0.021 
131 QTo-W-0322   (11)   16 :  0.008 0.276 0.320 0.011 0.009 0.012 0.006 0.011 0.004 0.236 0.009 0.006 0.012 0.004 0.015 0.024 0.008 0.007 0.021 
132 QTo-W-0326   (22)   16 :  0.021 0.232 0.199 0.071 0.015 0.022 0.005 0.035 0.008 0.199 0.033 0.008 0.021 0.006 0.020 0.015 0.008 0.048 0.032 
133 QTo-W-0327   (11)   16 :  0.025 0.237 0.210 0.047 0.034 0.023 0.004 0.029 0.013 0.217 0.041 0.007 0.025 0.017 0.022 0.010 0.007 0.019 0.013 
134 QTo-W-0328    (0)   17 :  0.005 0.005 0.006 0.004 0.004 0.006 0.004 0.006 0.124 0.006 0.006 0.003 0.006 0.006 0.003 0.793 0.004 0.004 0.004 
135 QTo-W-0329    (0)   17 :  0.004 0.005 0.005 0.004 0.004 0.005 0.004 0.006 0.005 0.006 0.005 0.003 0.005 0.007 0.003 0.918 0.004 0.004 0.004 
136 QTo-W-0330   (11)   17 :  0.005 0.007 0.008 0.005 0.005 0.006 0.005 0.007 0.008 0.007 0.007 0.004 0.006 0.009 0.003 0.893 0.005 0.005 0.005 


Estimated Allele Frequencies in each cluster
First column gives estimated ancestral frequencies


Locus 1 : 
4 alleles
0.7% missing data
 149   (0.844) 0.994 0.963 0.967 0.970 0.416 0.844 0.972 0.964 0.991 0.960 0.976 0.562 0.860 0.993 0.181 0.975 0.933 0.985 0.993 
 147   (0.066) 0.003 0.012 0.012 0.011 0.098 0.065 0.017 0.014 0.004 0.015 0.010 0.421 0.057 0.003 0.240 0.010 0.012 0.006 0.003 
 155   (0.054) 0.002 0.016 0.013 0.009 0.016 0.055 0.007 0.014 0.003 0.014 0.009 0.012 0.050 0.002 0.575 0.009 0.045 0.005 0.003 
 161   (0.036) 0.002 0.008 0.008 0.010 0.470 0.036 0.005 0.008 0.002 0.010 0.005 0.006 0.033 0.002 0.003 0.006 0.010 0.003 0.001 

Locus 2 : 
6 alleles
12.5% missing data
 179   (0.378) 0.059 0.360 0.294 0.122 0.394 0.375 0.704 0.628 0.951 0.549 0.795 0.068 0.395 0.967 0.028 0.840 0.063 0.043 0.233 
 176   (0.137) 0.150 0.103 0.083 0.046 0.063 0.136 0.197 0.133 0.010 0.056 0.039 0.028 0.131 0.006 0.933 0.029 0.047 0.817 0.010 
 173   (0.260) 0.761 0.134 0.157 0.731 0.269 0.263 0.055 0.149 0.020 0.101 0.117 0.054 0.264 0.016 0.019 0.063 0.799 0.115 0.015 
 164   (0.026) 0.021 0.006 0.009 0.006 0.011 0.025 0.005 0.006 0.002 0.009 0.004 0.004 0.022 0.001 0.002 0.006 0.005 0.004 0.001 
 182   (0.148) 0.007 0.364 0.385 0.052 0.066 0.149 0.030 0.067 0.012 0.255 0.026 0.839 0.136 0.007 0.014 0.048 0.076 0.015 0.738 
 170   (0.051) 0.002 0.033 0.072 0.043 0.197 0.051 0.009 0.016 0.005 0.029 0.019 0.007 0.051 0.002 0.005 0.014 0.010 0.005 0.003 

Locus 3 : 
17 alleles
0.0% missing data
 220   (0.169) 0.088 0.164 0.171 0.387 0.093 0.169 0.029 0.138 0.016 0.304 0.136 0.049 0.165 0.008 0.524 0.044 0.363 0.410 0.009 
 222   (0.184) 0.019 0.247 0.189 0.077 0.275 0.186 0.547 0.323 0.125 0.102 0.098 0.209 0.210 0.224 0.020 0.329 0.079 0.020 0.012 
 218   (0.176) 0.684 0.232 0.284 0.366 0.118 0.176 0.023 0.112 0.016 0.330 0.377 0.028 0.168 0.167 0.020 0.329 0.066 0.406 0.008 
 226   (0.063) 0.006 0.021 0.019 0.014 0.108 0.062 0.019 0.020 0.005 0.020 0.027 0.011 0.056 0.570 0.006 0.014 0.010 0.119 0.939 
 258   (0.065) 0.004 0.060 0.031 0.049 0.023 0.066 0.009 0.081 0.006 0.035 0.034 0.297 0.072 0.008 0.016 0.011 0.012 0.009 0.003 
 224   (0.049) 0.002 0.024 0.064 0.010 0.026 0.048 0.006 0.024 0.003 0.025 0.009 0.214 0.042 0.002 0.007 0.094 0.401 0.008 0.010 
 228   (0.070) 0.006 0.142 0.041 0.018 0.025 0.070 0.010 0.226 0.010 0.079 0.085 0.029 0.089 0.011 0.390 0.031 0.011 0.008 0.007 
 256   (0.020) 0.183 0.004 0.003 0.003 0.006 0.020 0.002 0.004 0.001 0.005 0.004 0.003 0.017 0.001 0.001 0.003 0.003 0.002 0.001 
 264   (0.016) 0.001 0.002 0.003 0.002 0.004 0.016 0.330 0.002 0.001 0.004 0.002 0.002 0.014 0.001 0.001 0.002 0.002 0.001 0.001 
 230   (0.028) 0.001 0.012 0.005 0.004 0.008 0.028 0.003 0.006 0.805 0.006 0.005 0.127 0.024 0.001 0.002 0.004 0.004 0.002 0.001 
 260   (0.034) 0.001 0.016 0.015 0.007 0.015 0.035 0.005 0.016 0.003 0.011 0.006 0.006 0.031 0.001 0.003 0.006 0.024 0.003 0.003 
 262   (0.017) 0.001 0.005 0.005 0.003 0.005 0.017 0.003 0.004 0.001 0.006 0.003 0.007 0.016 0.001 0.003 0.003 0.004 0.002 0.001 
 234   (0.016) 0.001 0.002 0.003 0.002 0.004 0.015 0.002 0.003 0.001 0.004 0.199 0.002 0.014 0.001 0.001 0.002 0.002 0.001 0.001 
 232   (0.026) 0.001 0.015 0.048 0.005 0.008 0.025 0.003 0.028 0.002 0.038 0.004 0.004 0.023 0.001 0.002 0.096 0.007 0.002 0.001 
 250   (0.020) 0.001 0.004 0.003 0.003 0.180 0.020 0.002 0.003 0.001 0.004 0.003 0.003 0.018 0.001 0.001 0.003 0.003 0.002 0.001 
 216   (0.021) 0.001 0.005 0.004 0.004 0.089 0.021 0.005 0.005 0.001 0.007 0.004 0.006 0.019 0.001 0.003 0.003 0.004 0.002 0.001 
 266   (0.025) 0.001 0.044 0.110 0.047 0.011 0.025 0.003 0.005 0.001 0.019 0.004 0.004 0.022 0.001 0.002 0.025 0.006 0.002 0.001 

Locus 4 : 
2 alleles
1.5% missing data
 137   (0.976) 0.999 0.996 0.993 0.997 0.994 0.976 0.998 0.957 0.999 0.892 0.997 0.997 0.979 0.999 0.998 0.997 0.997 0.998 0.999 
 139   (0.024) 0.001 0.004 0.007 0.003 0.006 0.024 0.002 0.043 0.001 0.108 0.003 0.003 0.021 0.001 0.002 0.003 0.003 0.002 0.001 

Locus 5 : 
17 alleles
11.8% missing data
 187   (0.278) 0.013 0.597 0.507 0.093 0.535 0.280 0.050 0.568 0.153 0.352 0.483 0.050 0.313 0.016 0.875 0.235 0.212 0.042 0.734 
 243   (0.037) 0.002 0.008 0.008 0.011 0.010 0.036 0.004 0.008 0.003 0.010 0.158 0.005 0.033 0.003 0.003 0.006 0.006 0.570 0.002 
 203   (0.086) 0.947 0.026 0.031 0.027 0.253 0.086 0.009 0.026 0.006 0.027 0.019 0.011 0.078 0.380 0.008 0.015 0.014 0.012 0.006 
 201   (0.113) 0.005 0.098 0.046 0.569 0.044 0.114 0.013 0.100 0.011 0.085 0.061 0.016 0.119 0.428 0.009 0.026 0.027 0.108 0.041 
 197   (0.072) 0.003 0.061 0.118 0.048 0.024 0.072 0.008 0.040 0.005 0.094 0.013 0.010 0.066 0.146 0.006 0.028 0.667 0.008 0.004 
 195   (0.061) 0.005 0.075 0.164 0.073 0.028 0.061 0.876 0.017 0.004 0.028 0.011 0.008 0.054 0.004 0.054 0.026 0.010 0.053 0.005 
 247   (0.023) 0.001 0.005 0.005 0.005 0.006 0.022 0.002 0.005 0.001 0.005 0.004 0.003 0.020 0.001 0.002 0.004 0.004 0.147 0.001 
 235   (0.037) 0.002 0.020 0.012 0.009 0.015 0.037 0.004 0.034 0.003 0.012 0.009 0.005 0.039 0.004 0.003 0.008 0.006 0.004 0.003 
 249   (0.024) 0.001 0.004 0.005 0.004 0.007 0.024 0.002 0.005 0.002 0.006 0.004 0.003 0.021 0.001 0.002 0.003 0.004 0.003 0.189 
 199   (0.058) 0.005 0.050 0.021 0.016 0.017 0.059 0.007 0.038 0.012 0.030 0.098 0.849 0.054 0.006 0.010 0.036 0.013 0.008 0.004 
 245   (0.035) 0.008 0.014 0.022 0.085 0.011 0.035 0.004 0.015 0.019 0.025 0.049 0.005 0.040 0.002 0.004 0.006 0.005 0.019 0.002 
 219   (0.040) 0.003 0.009 0.010 0.010 0.011 0.040 0.004 0.010 0.745 0.011 0.009 0.007 0.036 0.002 0.003 0.111 0.009 0.004 0.002 
 217   (0.029) 0.001 0.006 0.007 0.005 0.008 0.029 0.003 0.006 0.030 0.009 0.006 0.004 0.027 0.002 0.002 0.478 0.005 0.003 0.002 
 229   (0.024) 0.001 0.005 0.006 0.005 0.006 0.023 0.003 0.005 0.002 0.006 0.061 0.003 0.021 0.001 0.002 0.004 0.004 0.003 0.001 
 215   (0.029) 0.001 0.006 0.016 0.005 0.009 0.029 0.003 0.110 0.002 0.282 0.006 0.004 0.026 0.002 0.014 0.005 0.004 0.004 0.002 
 205   (0.025) 0.001 0.004 0.006 0.005 0.007 0.025 0.002 0.005 0.002 0.007 0.004 0.003 0.022 0.001 0.002 0.004 0.006 0.003 0.001 
 227   (0.029) 0.001 0.012 0.016 0.032 0.009 0.029 0.005 0.008 0.002 0.011 0.006 0.015 0.031 0.001 0.002 0.005 0.005 0.008 0.002 

Locus 6 : 
25 alleles
30.9% missing data
 214   (0.061) 0.120 0.028 0.029 0.014 0.022 0.062 0.011 0.042 0.008 0.113 0.015 0.016 0.057 0.005 0.006 0.012 0.023 0.311 0.004 
 222   (0.064) 0.073 0.064 0.031 0.342 0.023 0.064 0.011 0.139 0.011 0.027 0.016 0.015 0.074 0.025 0.007 0.013 0.134 0.483 0.005 
 206   (0.054) 0.385 0.057 0.023 0.016 0.025 0.054 0.011 0.079 0.012 0.032 0.325 0.043 0.054 0.008 0.024 0.013 0.014 0.009 0.006 
 218   (0.079) 0.370 0.177 0.151 0.059 0.031 0.079 0.028 0.040 0.137 0.174 0.297 0.031 0.079 0.010 0.071 0.017 0.020 0.018 0.005 
 216   (0.070) 0.004 0.052 0.048 0.018 0.345 0.070 0.013 0.033 0.122 0.074 0.024 0.018 0.066 0.415 0.027 0.014 0.016 0.010 0.007 
 208   (0.043) 0.002 0.015 0.017 0.012 0.043 0.043 0.007 0.014 0.006 0.021 0.015 0.010 0.041 0.216 0.005 0.008 0.135 0.006 0.003 
 238   (0.041) 0.002 0.018 0.011 0.008 0.014 0.040 0.007 0.028 0.005 0.016 0.010 0.117 0.039 0.169 0.004 0.013 0.008 0.005 0.544 
 204   (0.022) 0.001 0.006 0.006 0.004 0.007 0.021 0.003 0.005 0.002 0.007 0.004 0.004 0.019 0.002 0.002 0.004 0.434 0.003 0.001 
 234   (0.041) 0.003 0.056 0.024 0.009 0.078 0.042 0.006 0.092 0.006 0.022 0.013 0.015 0.048 0.008 0.130 0.009 0.010 0.006 0.003 
 242   (0.035) 0.002 0.050 0.070 0.009 0.070 0.035 0.005 0.083 0.005 0.029 0.009 0.008 0.038 0.004 0.004 0.112 0.011 0.005 0.002 
 210   (0.137) 0.010 0.272 0.315 0.124 0.065 0.138 0.504 0.190 0.108 0.212 0.157 0.624 0.141 0.045 0.676 0.068 0.069 0.048 0.398 
 246   (0.027) 0.010 0.015 0.009 0.006 0.011 0.027 0.005 0.018 0.007 0.026 0.014 0.007 0.027 0.004 0.003 0.008 0.009 0.004 0.002 
 258   (0.024) 0.001 0.043 0.020 0.005 0.010 0.024 0.004 0.087 0.004 0.012 0.006 0.008 0.033 0.024 0.003 0.006 0.006 0.004 0.002 
 240   (0.018) 0.001 0.005 0.005 0.006 0.007 0.018 0.003 0.007 0.003 0.008 0.005 0.005 0.017 0.036 0.002 0.004 0.006 0.004 0.001 
 256   (0.019) 0.001 0.004 0.004 0.176 0.006 0.019 0.003 0.004 0.002 0.006 0.004 0.004 0.017 0.001 0.002 0.003 0.004 0.029 0.001 
 254   (0.017) 0.001 0.004 0.005 0.072 0.006 0.017 0.002 0.005 0.002 0.006 0.003 0.004 0.015 0.002 0.002 0.003 0.004 0.012 0.001 
 236   (0.054) 0.004 0.018 0.025 0.040 0.093 0.054 0.345 0.023 0.530 0.027 0.016 0.018 0.054 0.004 0.005 0.011 0.020 0.014 0.004 
 248   (0.022) 0.002 0.024 0.060 0.005 0.007 0.022 0.003 0.025 0.003 0.021 0.018 0.009 0.021 0.002 0.002 0.118 0.008 0.003 0.001 
 252   (0.020) 0.002 0.007 0.008 0.013 0.007 0.020 0.003 0.008 0.005 0.011 0.017 0.005 0.020 0.002 0.002 0.004 0.005 0.003 0.001 
 224   (0.031) 0.002 0.010 0.013 0.009 0.072 0.031 0.005 0.037 0.004 0.096 0.007 0.008 0.030 0.004 0.008 0.007 0.007 0.007 0.002 
 230   (0.031) 0.001 0.007 0.007 0.006 0.010 0.030 0.004 0.009 0.005 0.011 0.007 0.008 0.028 0.004 0.003 0.294 0.009 0.004 0.002 
 228   (0.019) 0.001 0.008 0.012 0.008 0.022 0.019 0.005 0.006 0.002 0.007 0.004 0.004 0.017 0.006 0.002 0.004 0.005 0.002 0.001 
 266   (0.021) 0.001 0.015 0.032 0.016 0.010 0.021 0.003 0.006 0.003 0.012 0.005 0.005 0.019 0.002 0.002 0.009 0.004 0.003 0.001 
 212   (0.027) 0.001 0.006 0.007 0.006 0.009 0.027 0.004 0.007 0.005 0.009 0.006 0.006 0.024 0.002 0.007 0.227 0.034 0.004 0.002 
 232   (0.023) 0.001 0.038 0.068 0.018 0.007 0.022 0.003 0.013 0.002 0.022 0.004 0.007 0.021 0.002 0.002 0.018 0.005 0.003 0.001 

Locus 7 : 
7 alleles
1.5% missing data
 108   (0.648) 0.982 0.700 0.428 0.798 0.556 0.648 0.956 0.839 0.977 0.679 0.927 0.942 0.677 0.409 0.966 0.132 0.421 0.778 0.975 
 116   (0.033) 0.001 0.008 0.009 0.016 0.009 0.032 0.005 0.007 0.002 0.008 0.005 0.007 0.030 0.001 0.002 0.005 0.005 0.190 0.001 
 110   (0.152) 0.008 0.166 0.338 0.142 0.273 0.154 0.022 0.052 0.011 0.105 0.041 0.027 0.145 0.582 0.019 0.082 0.180 0.017 0.016 
 114   (0.055) 0.004 0.024 0.060 0.016 0.016 0.055 0.006 0.024 0.004 0.023 0.011 0.010 0.049 0.002 0.004 0.386 0.374 0.005 0.002 
 112   (0.064) 0.003 0.094 0.157 0.022 0.018 0.064 0.006 0.069 0.004 0.174 0.009 0.009 0.058 0.003 0.005 0.388 0.012 0.006 0.003 
 104   (0.024) 0.001 0.004 0.004 0.003 0.122 0.024 0.002 0.004 0.001 0.006 0.003 0.003 0.021 0.001 0.002 0.003 0.003 0.002 0.001 
 118   (0.024) 0.001 0.004 0.005 0.004 0.007 0.024 0.002 0.004 0.001 0.005 0.003 0.003 0.021 0.001 0.002 0.004 0.005 0.002 0.001 

Locus 8 : 
5 alleles
2.2% missing data
 160   (0.170) 0.547 0.094 0.091 0.322 0.053 0.169 0.022 0.049 0.054 0.066 0.327 0.407 0.161 0.007 0.241 0.040 0.061 0.363 0.062 
 162   (0.624) 0.444 0.817 0.847 0.640 0.611 0.625 0.103 0.783 0.908 0.643 0.603 0.317 0.649 0.982 0.732 0.926 0.443 0.617 0.917 
 164   (0.093) 0.004 0.028 0.027 0.017 0.133 0.094 0.831 0.022 0.013 0.035 0.016 0.017 0.085 0.004 0.010 0.014 0.476 0.009 0.006 
 166   (0.021) 0.001 0.008 0.008 0.003 0.009 0.021 0.003 0.006 0.005 0.007 0.004 0.004 0.018 0.001 0.002 0.003 0.003 0.002 0.003 
 158   (0.092) 0.004 0.053 0.027 0.017 0.194 0.091 0.041 0.140 0.020 0.250 0.050 0.254 0.086 0.006 0.016 0.016 0.017 0.009 0.011 

Locus 9 : 
4 alleles
0.0% missing data
 229   (0.508) 0.512 0.354 0.183 0.141 0.402 0.509 0.494 0.524 0.968 0.390 0.880 0.267 0.521 0.942 0.175 0.400 0.575 0.343 0.624 
 226   (0.353) 0.477 0.547 0.728 0.834 0.364 0.351 0.046 0.403 0.023 0.524 0.084 0.703 0.351 0.051 0.050 0.576 0.077 0.644 0.368 
 223   (0.120) 0.010 0.091 0.085 0.022 0.227 0.120 0.458 0.063 0.007 0.081 0.033 0.019 0.111 0.006 0.766 0.021 0.345 0.011 0.007 
 232   (0.019) 0.001 0.009 0.005 0.003 0.006 0.019 0.002 0.009 0.001 0.005 0.004 0.011 0.017 0.001 0.009 0.003 0.003 0.002 0.001 

Values of parameters used in structure:
DATAFILE=C:\Users\eschumacher\Documents\GitHub\Ten_Oaks\Data_Files\QUTO_wild\project_data,	OUTFILE=C:\Users\eschumacher\Documents\GitHub\Ten_Oaks\Data_Files\QUTO_wild\50-50\Results\50-50_run_93,	NUMINDS=136,	NUMLOCI=9,	MISSING=-9,	LABEL=1,	POPDATA=1,	POPFLAG=0,	PHENOTYPE=0,	EXTRACOLS=0,	MAXPOPS=19,	BURNIN=50000,	NUMREPS=50000,	USEPOPINFO=0,	INFERALPHA=1,	INFERLAMBDA=0,	POPSPECIFICLAMBDA=0,	POPALPHAS=0,	COMPUTEPROB=1,	NOADMIX=0,	ADMBURNIN=2500,	UPDATEFREQ=1,	PRINTLIKES=0,	INTERMEDSAVE=0,	PRINTKLD=0,	PRINTNET=0,	PRINTLAMBDA=0,	ANCESTDIST=0,	NUMBOXES=1000,	ANCESTPINT=0.90000,	GENSBACK=2,	MIGRPRIOR=0.05000,	PRINTQHAT=0,	PRINTQSUM=0,	ALPHA=1.0000,	FREQSCORR=1,	FPRIORMEAN=0.0100,	FPRIORSD=0.0500,	ONEFST=0,	LAMBDA=1.0000,	UNIFPRIORALPHA=1,	ALPHAMAX=10.0000,	ALPHAPRIORA=1.0000,	ALPHAPRIORB=2.0000,	ALPHAPROPSD=0.0250,	STARTATPOPINFO=0,	RANDOMIZE=1,	LINKAGE=0,	METROFREQ=10,	REPORTHITRATE=0,	MARKOVPHASE=-1,	PHASED=0,	PLOIDY=2,	PHASEINFO=0	LOCPRIOR=0, 	LOCPRIORINIT=1.000000, 	LOCDATA=0, 	LOCISPOP=0, 	LOCPRIORSTEP=0.100000, 	MAXLOCPRIOR=20.000000, 	SEED=1689805745,	
[STRAT parameters]:    NUMSIMSTATS=1000,	PHENOTYPECOL=-9,	POOLFREQ=10,	LOCUSxONLY=0,	EMERROR=0.00100,	MISSINGPHENO=-9,	