

----------------------------------------------------
STRUCTURE by Pritchard, Stephens and Donnelly (2000)
     and Falush, Stephens and Pritchard (2003)
       Code by Pritchard, Falush and Hubisz
             Version 2.3.4 (Jul 2012)
----------------------------------------------------



Command line arguments:   bin\structure -m C:\Users\eschumacher\Documents\GitHub\Ten_Oaks\Data_Files\QUTO_wild\50-50\mainparams -e C:\Users\eschumacher\Documents\GitHub\Ten_Oaks\Data_Files\QUTO_wild\50-50\extraparams 
Input File:    C:\Users\eschumacher\Documents\GitHub\Ten_Oaks\Data_Files\QUTO_wild\project_data

Run parameters:
   136 individuals
   9 loci
   14 populations assumed
   50000 Burn-in period
   50000 Reps


--------------------------------------------
Proportion of membership of each pre-defined
 population in each of the 14 clusters

Given    Inferred Clusters                                                                                    Number of
 Pop       1      2      3      4      5      6      7      8      9     10     11     12     13     14      Individuals

  1:     0.021  0.018  0.037  0.018  0.027  0.033  0.016  0.412  0.039  0.315  0.019  0.017  0.012  0.016        1
  2:     0.008  0.007  0.006  0.004  0.009  0.005  0.467  0.007  0.005  0.007  0.008  0.006  0.005  0.455        4
  3:     0.013  0.018  0.010  0.007  0.016  0.004  0.012  0.027  0.016  0.028  0.819  0.006  0.015  0.009        4
  4:     0.013  0.008  0.015  0.008  0.008  0.010  0.009  0.145  0.012  0.156  0.049  0.556  0.005  0.006        5
  5:     0.023  0.021  0.026  0.057  0.132  0.032  0.110  0.104  0.065  0.098  0.144  0.018  0.021  0.150       71
  6:     0.561  0.189  0.008  0.003  0.007  0.005  0.005  0.007  0.008  0.010  0.004  0.183  0.006  0.004        2
  7:     0.020  0.041  0.062  0.007  0.008  0.654  0.015  0.053  0.005  0.057  0.010  0.009  0.040  0.019        5
  8:     0.142  0.161  0.235  0.044  0.057  0.018  0.013  0.061  0.019  0.077  0.012  0.133  0.017  0.011       10
  9:     0.036  0.050  0.476  0.025  0.024  0.011  0.017  0.025  0.051  0.022  0.085  0.142  0.019  0.019        8
 10:     0.099  0.272  0.023  0.021  0.007  0.042  0.036  0.050  0.032  0.052  0.015  0.163  0.062  0.126        9
 11:     0.045  0.104  0.009  0.008  0.011  0.005  0.052  0.018  0.025  0.015  0.018  0.079  0.600  0.011        3
 12:     0.053  0.046  0.049  0.011  0.013  0.651  0.012  0.036  0.019  0.045  0.041  0.011  0.007  0.007        1
 13:     0.214  0.450  0.010  0.010  0.011  0.068  0.017  0.070  0.008  0.067  0.006  0.008  0.019  0.040        3
 14:     0.116  0.017  0.082  0.009  0.007  0.037  0.030  0.200  0.006  0.340  0.005  0.122  0.007  0.021        1
 15:     0.007  0.006  0.006  0.003  0.021  0.005  0.004  0.005  0.004  0.006  0.005  0.005  0.920  0.004        2
 16:     0.466  0.173  0.036  0.007  0.034  0.040  0.043  0.059  0.012  0.067  0.010  0.013  0.010  0.031        4
 17:     0.018  0.014  0.005  0.004  0.005  0.003  0.007  0.007  0.906  0.007  0.007  0.005  0.005  0.006        3
--------------------------------------------

Allele-freq. divergence among pops (Net nucleotide distance),
computed using point estimates of P.

      1       2       3       4       5       6       7       8       9      10      11      12      13      14      
 1      -    0.0172  0.0574  0.2155  0.1167  0.1878  0.1080  0.0619  0.1236  0.0504  0.1648  0.0975  0.1265  0.1675  
 2   0.0172     -    0.0588  0.1899  0.1469  0.2085  0.1043  0.0732  0.1158  0.0637  0.1335  0.0916  0.1253  0.1684  
 3   0.0574  0.0588     -    0.1750  0.1498  0.1596  0.1323  0.0580  0.1193  0.0503  0.1246  0.0795  0.1490  0.1548  
 4   0.2155  0.1899  0.1750     -    0.2822  0.2814  0.2628  0.1559  0.2032  0.1579  0.2495  0.1905  0.2424  0.2911  
 5   0.1167  0.1469  0.1498  0.2822     -    0.2499  0.2223  0.1185  0.2036  0.1121  0.1848  0.2028  0.1765  0.2714  
 6   0.1878  0.2085  0.1596  0.2814  0.2499     -    0.2207  0.1735  0.3012  0.1622  0.3526  0.2104  0.2467  0.3107  
 7   0.1080  0.1043  0.1323  0.2628  0.2223  0.2207     -    0.1262  0.2037  0.1132  0.2346  0.1356  0.1810  0.1230  
 8   0.0619  0.0732  0.0580  0.1559  0.1185  0.1735  0.1262     -    0.0721  0.0031  0.1053  0.1071  0.1546  0.1461  
 9   0.1236  0.1158  0.1193  0.2032  0.2036  0.3012  0.2037  0.0721     -    0.0765  0.1022  0.1628  0.2306  0.2298  
10   0.0504  0.0637  0.0503  0.1579  0.1121  0.1622  0.1132  0.0031  0.0765     -    0.1136  0.0998  0.1451  0.1453  
11   0.1648  0.1335  0.1246  0.2495  0.1848  0.3526  0.2346  0.1053  0.1022  0.1136     -    0.1827  0.2902  0.2445  
12   0.0975  0.0916  0.0795  0.1905  0.2028  0.2104  0.1356  0.1071  0.1628  0.0998  0.1827     -    0.1897  0.1646  
13   0.1265  0.1253  0.1490  0.2424  0.1765  0.2467  0.1810  0.1546  0.2306  0.1451  0.2902  0.1897     -    0.2218  
14   0.1675  0.1684  0.1548  0.2911  0.2714  0.3107  0.1230  0.1461  0.2298  0.1453  0.2445  0.1646  0.2218     -    

Average distances (expected heterozygosity) between individuals in same cluster:
cluster  1  : 0.5215 
cluster  2  : 0.5587 
cluster  3  : 0.6174 
cluster  4  : 0.3300 
cluster  5  : 0.2541 
cluster  6  : 0.3588 
cluster  7  : 0.4202 
cluster  8  : 0.4476 
cluster  9  : 0.3816 
cluster 10  : 0.4584 
cluster 11  : 0.3148 
cluster 12  : 0.5482 
cluster 13  : 0.4410 
cluster 14  : 0.3209 

--------------------------------------------
Estimated Ln Prob of Data   = -2326.5
Mean value of ln likelihood = -1859.1
Variance of ln likelihood   = 934.9
Mean value of alpha         = 0.0362

Mean value of Fst_1         = 0.2634
Mean value of Fst_2         = 0.1960
Mean value of Fst_3         = 0.1418
Mean value of Fst_4         = 0.5520
Mean value of Fst_5         = 0.5544
Mean value of Fst_6         = 0.4988
Mean value of Fst_7         = 0.3922
Mean value of Fst_8         = 0.2494
Mean value of Fst_9         = 0.3903
Mean value of Fst_10         = 0.2445
Mean value of Fst_11         = 0.4687
Mean value of Fst_12         = 0.2408
Mean value of Fst_13         = 0.3793
Mean value of Fst_14         = 0.4789


Inferred ancestry of individuals:
        Label (%Miss) Pop:  Inferred clusters
  1 QTo-W-0007   (11)    1 :  0.021 0.018 0.037 0.018 0.027 0.033 0.016 0.412 0.039 0.315 0.019 0.017 0.012 0.016 
  2 QTo-W-0009    (0)    2 :  0.005 0.005 0.005 0.005 0.023 0.005 0.904 0.006 0.005 0.006 0.016 0.004 0.004 0.008 
  3 QTo-W-0010    (0)    2 :  0.016 0.014 0.011 0.004 0.005 0.006 0.031 0.010 0.005 0.011 0.005 0.010 0.007 0.865 
  4 QTo-W-0011    (0)    2 :  0.005 0.005 0.004 0.004 0.005 0.007 0.926 0.007 0.005 0.006 0.005 0.005 0.005 0.012 
  5 QTo-W-0012   (22)    2 :  0.005 0.005 0.005 0.003 0.004 0.003 0.007 0.006 0.005 0.006 0.005 0.005 0.004 0.937 
  6 QTo-W-0020   (22)    3 :  0.004 0.004 0.007 0.003 0.006 0.003 0.004 0.004 0.004 0.004 0.941 0.004 0.003 0.007 
  7 QTo-W-0021   (22)    3 :  0.007 0.010 0.009 0.012 0.016 0.005 0.006 0.015 0.024 0.016 0.862 0.007 0.005 0.006 
  8 QTo-W-0023   (22)    3 :  0.007 0.007 0.008 0.005 0.034 0.004 0.007 0.011 0.019 0.010 0.870 0.005 0.005 0.008 
  9 QTo-W-0024   (11)    3 :  0.033 0.051 0.017 0.006 0.010 0.005 0.033 0.077 0.015 0.080 0.604 0.009 0.044 0.014 
 10 QTo-W-0033    (0)    4 :  0.006 0.006 0.007 0.006 0.004 0.005 0.018 0.007 0.005 0.008 0.013 0.904 0.004 0.007 
 11 QTo-W-0035   (11)    4 :  0.006 0.006 0.006 0.008 0.005 0.007 0.006 0.006 0.006 0.006 0.005 0.920 0.005 0.007 
 12 QTo-W-0036    (0)    4 :  0.004 0.004 0.005 0.006 0.004 0.005 0.005 0.005 0.004 0.004 0.005 0.940 0.003 0.005 
 13 QTo-W-0039   (11)    4 :  0.013 0.010 0.011 0.013 0.017 0.013 0.009 0.377 0.026 0.354 0.139 0.007 0.006 0.006 
 14 QTo-W-0041    (0)    4 :  0.033 0.014 0.047 0.009 0.011 0.018 0.007 0.333 0.020 0.409 0.081 0.008 0.005 0.004 
 15 QTo-W-0044    (0)    5 :  0.018 0.057 0.007 0.166 0.041 0.042 0.622 0.007 0.004 0.008 0.011 0.005 0.008 0.005 
 16 QTo-W-0047    (0)    5 :  0.007 0.011 0.005 0.005 0.005 0.007 0.901 0.007 0.005 0.009 0.005 0.005 0.004 0.024 
 17 QTo-W-0048   (11)    5 :  0.007 0.006 0.005 0.006 0.006 0.009 0.905 0.010 0.007 0.009 0.006 0.005 0.006 0.014 
 18 QTo-W-0049    (0)    5 :  0.006 0.006 0.005 0.004 0.004 0.006 0.025 0.007 0.004 0.007 0.004 0.009 0.005 0.907 
 19 QTo-W-0050   (22)    5 :  0.064 0.029 0.029 0.007 0.494 0.007 0.036 0.023 0.010 0.024 0.023 0.149 0.073 0.033 
 20 QTo-W-0052    (0)    5 :  0.011 0.016 0.009 0.142 0.005 0.738 0.008 0.011 0.006 0.015 0.005 0.006 0.015 0.014 
 21 QTo-W-0054    (0)    5 :  0.005 0.004 0.004 0.003 0.005 0.004 0.006 0.006 0.005 0.006 0.004 0.005 0.004 0.940 
 22 QTo-W-0056    (0)    5 :  0.005 0.004 0.004 0.004 0.004 0.006 0.024 0.006 0.003 0.006 0.004 0.004 0.005 0.922 
 23 QTo-W-0057    (0)    5 :  0.006 0.007 0.005 0.004 0.004 0.009 0.144 0.007 0.004 0.008 0.004 0.007 0.005 0.787 
 24 QTo-W-0058    (0)    5 :  0.005 0.004 0.004 0.004 0.004 0.004 0.005 0.006 0.004 0.005 0.005 0.004 0.004 0.942 
 25 QTo-W-0059    (0)    5 :  0.017 0.031 0.013 0.117 0.090 0.030 0.045 0.014 0.005 0.013 0.024 0.007 0.010 0.585 
 26 QTo-W-0060    (0)    5 :  0.005 0.005 0.005 0.004 0.004 0.007 0.068 0.007 0.004 0.010 0.005 0.006 0.004 0.865 
 27 QTo-W-0061    (0)    5 :  0.027 0.020 0.017 0.009 0.009 0.012 0.006 0.146 0.038 0.153 0.052 0.009 0.007 0.495 
 28 QTo-W-0062   (11)    5 :  0.005 0.005 0.005 0.004 0.006 0.004 0.008 0.007 0.005 0.006 0.005 0.005 0.005 0.929 
 29 QTo-W-0065   (11)    5 :  0.015 0.013 0.012 0.016 0.012 0.004 0.008 0.038 0.040 0.030 0.051 0.005 0.006 0.749 
 30 QTo-W-0067    (0)    5 :  0.009 0.008 0.009 0.010 0.008 0.008 0.035 0.029 0.021 0.038 0.040 0.008 0.005 0.772 
 31 QTo-W-0071    (0)    5 :  0.027 0.013 0.017 0.007 0.010 0.006 0.012 0.337 0.016 0.504 0.021 0.008 0.014 0.006 
 32 QTo-W-0072    (0)    5 :  0.011 0.019 0.013 0.008 0.616 0.009 0.004 0.024 0.011 0.024 0.246 0.007 0.005 0.004 
 33 QTo-W-0075    (0)    5 :  0.007 0.008 0.007 0.013 0.070 0.011 0.007 0.019 0.010 0.013 0.815 0.005 0.011 0.004 
 34 QTo-W-0076   (11)    5 :  0.017 0.025 0.013 0.007 0.015 0.004 0.012 0.016 0.013 0.016 0.834 0.010 0.010 0.009 
 35 QTo-W-0077   (11)    5 :  0.010 0.017 0.015 0.009 0.056 0.005 0.371 0.087 0.021 0.054 0.306 0.013 0.006 0.031 
 36 QTo-W-0079    (0)    5 :  0.004 0.004 0.005 0.003 0.005 0.003 0.003 0.004 0.004 0.004 0.951 0.004 0.003 0.005 
 37 QTo-W-0080   (11)    5 :  0.049 0.052 0.141 0.007 0.007 0.013 0.008 0.149 0.025 0.165 0.215 0.013 0.007 0.147 
 38 QTo-W-0081   (11)    5 :  0.010 0.012 0.006 0.007 0.006 0.004 0.007 0.015 0.013 0.013 0.885 0.010 0.004 0.008 
 39 QTo-W-0082    (0)    5 :  0.012 0.015 0.020 0.006 0.011 0.004 0.007 0.036 0.010 0.056 0.793 0.006 0.009 0.015 
 40 QTo-W-0087    (0)    5 :  0.005 0.005 0.005 0.004 0.016 0.003 0.005 0.007 0.007 0.006 0.920 0.004 0.004 0.008 
 41 QTo-W-0088   (11)    5 :  0.006 0.006 0.006 0.005 0.008 0.004 0.007 0.009 0.009 0.009 0.908 0.005 0.004 0.012 
 42 QTo-W-0089   (11)    5 :  0.005 0.008 0.006 0.007 0.008 0.004 0.005 0.008 0.009 0.008 0.913 0.008 0.005 0.005 
 43 QTo-W-0090    (0)    5 :  0.010 0.016 0.011 0.006 0.008 0.004 0.033 0.026 0.013 0.032 0.802 0.027 0.006 0.007 
 44 QTo-W-0093   (11)    5 :  0.062 0.045 0.033 0.006 0.231 0.016 0.022 0.078 0.012 0.105 0.291 0.006 0.049 0.043 
 45 QTo-W-0098    (0)    5 :  0.009 0.009 0.006 0.005 0.879 0.007 0.010 0.015 0.007 0.013 0.008 0.005 0.014 0.013 
 46 QTo-W-0101   (11)    5 :  0.015 0.011 0.009 0.006 0.831 0.009 0.014 0.025 0.009 0.019 0.012 0.006 0.017 0.017 
 47 QTo-W-0114    (0)    5 :  0.007 0.006 0.005 0.006 0.910 0.005 0.004 0.013 0.008 0.009 0.015 0.004 0.005 0.004 
 48 QTo-W-0116   (11)    5 :  0.007 0.006 0.004 0.005 0.925 0.005 0.005 0.006 0.005 0.006 0.007 0.004 0.009 0.005 
 49 QTo-W-0117   (22)    5 :  0.010 0.008 0.006 0.005 0.899 0.005 0.008 0.008 0.007 0.009 0.010 0.006 0.011 0.008 
 50 QTo-W-0118    (0)    5 :  0.005 0.004 0.004 0.004 0.944 0.004 0.004 0.004 0.004 0.005 0.005 0.004 0.006 0.004 
 51 QTo-W-0121   (11)    5 :  0.009 0.009 0.007 0.005 0.847 0.004 0.029 0.012 0.006 0.011 0.043 0.006 0.008 0.005 
 52 QTo-W-0124   (11)    5 :  0.007 0.007 0.005 0.004 0.005 0.004 0.880 0.006 0.005 0.008 0.004 0.008 0.006 0.050 
 53 QTo-W-0128    (0)    5 :  0.005 0.005 0.004 0.003 0.004 0.004 0.929 0.005 0.004 0.005 0.005 0.007 0.004 0.015 
 54 QTo-W-0129    (0)    5 :  0.007 0.011 0.006 0.004 0.004 0.004 0.912 0.007 0.004 0.007 0.005 0.008 0.006 0.016 
 55 QTo-W-0131   (11)    5 :  0.070 0.106 0.081 0.036 0.007 0.005 0.028 0.134 0.025 0.127 0.063 0.227 0.016 0.077 
 56 QTo-W-0133   (11)    5 :  0.025 0.022 0.010 0.015 0.012 0.153 0.035 0.210 0.030 0.209 0.019 0.012 0.227 0.020 
 57 QTo-W-0137    (0)    5 :  0.050 0.034 0.031 0.006 0.071 0.008 0.018 0.277 0.020 0.416 0.037 0.007 0.017 0.009 
 58 QTo-W-0138    (0)    5 :  0.055 0.042 0.016 0.022 0.005 0.016 0.253 0.119 0.017 0.161 0.004 0.012 0.013 0.264 
 59 QTo-W-0139    (0)    5 :  0.004 0.004 0.005 0.926 0.004 0.014 0.007 0.006 0.005 0.006 0.004 0.005 0.004 0.005 
 60 QTo-W-0140   (22)    5 :  0.005 0.005 0.005 0.932 0.005 0.005 0.005 0.006 0.006 0.006 0.006 0.006 0.005 0.005 
 61 QTo-W-0142    (0)    5 :  0.004 0.004 0.004 0.946 0.004 0.004 0.003 0.005 0.005 0.005 0.005 0.004 0.004 0.003 
 62 QTo-W-0144    (0)    5 :  0.080 0.051 0.032 0.010 0.011 0.009 0.016 0.160 0.018 0.130 0.008 0.071 0.108 0.298 
 63 QTo-W-0149   (22)    5 :  0.005 0.005 0.005 0.009 0.007 0.005 0.005 0.009 0.914 0.009 0.008 0.005 0.006 0.006 
 64 QTo-W-0151   (11)    5 :  0.012 0.007 0.019 0.009 0.006 0.008 0.005 0.025 0.820 0.020 0.039 0.005 0.008 0.018 
 65 QTo-W-0153   (22)    5 :  0.005 0.005 0.005 0.008 0.008 0.005 0.005 0.009 0.914 0.009 0.009 0.005 0.006 0.007 
 66 QTo-W-0154    (0)    5 :  0.012 0.010 0.015 0.080 0.033 0.017 0.004 0.063 0.673 0.058 0.009 0.008 0.013 0.005 
 67 QTo-W-0159   (11)    5 :  0.030 0.016 0.013 0.012 0.042 0.048 0.007 0.357 0.010 0.410 0.008 0.007 0.024 0.016 
 68 QTo-W-0161   (11)    5 :  0.023 0.013 0.061 0.096 0.044 0.019 0.006 0.120 0.456 0.111 0.009 0.012 0.023 0.006 
 69 QTo-W-0162    (0)    5 :  0.089 0.082 0.174 0.015 0.256 0.013 0.005 0.074 0.022 0.090 0.029 0.077 0.070 0.005 
 70 QTo-W-0163   (11)    5 :  0.040 0.052 0.258 0.049 0.006 0.016 0.006 0.149 0.033 0.098 0.238 0.016 0.013 0.027 
 71 QTo-W-0167   (11)    5 :  0.082 0.025 0.037 0.011 0.326 0.160 0.073 0.068 0.009 0.086 0.022 0.059 0.028 0.014 
 72 QTo-W-0170    (0)    5 :  0.069 0.043 0.040 0.008 0.032 0.110 0.019 0.253 0.007 0.365 0.009 0.012 0.025 0.007 
 73 QTo-W-0171   (22)    5 :  0.029 0.038 0.054 0.017 0.015 0.007 0.060 0.173 0.023 0.299 0.016 0.052 0.111 0.107 
 74 QTo-W-0172   (22)    5 :  0.091 0.116 0.045 0.045 0.110 0.132 0.008 0.088 0.012 0.077 0.008 0.122 0.139 0.008 
 75 QTo-W-0173   (11)    5 :  0.034 0.011 0.014 0.013 0.015 0.053 0.013 0.340 0.018 0.455 0.012 0.007 0.007 0.008 
 76 QTo-W-0174    (0)    5 :  0.017 0.015 0.021 0.009 0.226 0.031 0.011 0.345 0.013 0.232 0.049 0.009 0.007 0.015 
 77 QTo-W-0175    (0)    5 :  0.063 0.063 0.015 0.009 0.008 0.006 0.052 0.271 0.034 0.284 0.015 0.017 0.021 0.141 
 78 QTo-W-0182   (22)    5 :  0.010 0.010 0.006 0.004 0.007 0.005 0.908 0.008 0.007 0.007 0.008 0.006 0.006 0.008 
 79 QTo-W-0184    (0)    5 :  0.101 0.107 0.248 0.010 0.032 0.050 0.014 0.157 0.014 0.129 0.044 0.071 0.008 0.015 
 80 QTo-W-0188    (0)    5 :  0.018 0.017 0.018 0.010 0.015 0.241 0.012 0.241 0.006 0.305 0.005 0.006 0.091 0.015 
 81 QTo-W-0192   (11)    5 :  0.008 0.008 0.021 0.007 0.010 0.006 0.035 0.563 0.011 0.295 0.011 0.006 0.006 0.014 
 82 QTo-W-0193    (0)    5 :  0.010 0.009 0.018 0.005 0.006 0.006 0.006 0.574 0.010 0.305 0.007 0.005 0.005 0.032 
 83 QTo-W-0194    (0)    5 :  0.007 0.007 0.018 0.005 0.007 0.006 0.023 0.576 0.008 0.299 0.007 0.004 0.005 0.027 
 84 QTo-W-0196   (11)    5 :  0.045 0.026 0.017 0.036 0.021 0.023 0.007 0.385 0.051 0.269 0.069 0.006 0.033 0.011 
 85 QTo-W-0197    (0)    5 :  0.042 0.026 0.013 0.023 0.016 0.021 0.015 0.339 0.025 0.230 0.211 0.006 0.028 0.006 
 86 QTo-W-0200   (11)    6 :  0.563 0.190 0.007 0.003 0.007 0.005 0.005 0.006 0.008 0.010 0.004 0.183 0.006 0.004 
 87 QTo-W-0201   (22)    6 :  0.559 0.189 0.008 0.003 0.007 0.006 0.005 0.008 0.008 0.010 0.004 0.184 0.006 0.004 
 88 QTo-W-0205    (0)    7 :  0.004 0.004 0.004 0.004 0.005 0.949 0.004 0.004 0.003 0.004 0.003 0.004 0.005 0.003 
 89 QTo-W-0208    (0)    7 :  0.068 0.149 0.257 0.018 0.011 0.182 0.054 0.046 0.009 0.046 0.039 0.021 0.022 0.075 
 90 QTo-W-0211    (0)    7 :  0.021 0.044 0.037 0.005 0.016 0.258 0.005 0.202 0.004 0.222 0.004 0.012 0.162 0.008 
 91 QTo-W-0212   (11)    7 :  0.004 0.004 0.004 0.004 0.004 0.944 0.005 0.005 0.003 0.005 0.003 0.005 0.005 0.005 
 92 QTo-W-0213    (0)    7 :  0.004 0.004 0.006 0.003 0.003 0.938 0.005 0.008 0.003 0.009 0.003 0.004 0.005 0.004 
 93 QTo-W-0216   (11)    8 :  0.292 0.352 0.056 0.006 0.006 0.005 0.009 0.090 0.057 0.094 0.009 0.012 0.006 0.008 
 94 QTo-W-0220    (0)    8 :  0.293 0.358 0.064 0.005 0.004 0.004 0.019 0.080 0.046 0.088 0.007 0.012 0.006 0.012 
 95 QTo-W-0224   (11)    8 :  0.276 0.297 0.041 0.043 0.017 0.008 0.035 0.033 0.009 0.035 0.009 0.104 0.057 0.035 
 96 QTo-W-0225   (11)    8 :  0.012 0.008 0.876 0.004 0.005 0.023 0.007 0.010 0.005 0.012 0.010 0.005 0.004 0.018 
 97 QTo-W-0227   (11)    8 :  0.258 0.344 0.067 0.015 0.008 0.006 0.011 0.060 0.016 0.055 0.015 0.105 0.032 0.007 
 98 QTo-W-0229    (0)    8 :  0.014 0.009 0.884 0.006 0.003 0.004 0.003 0.008 0.006 0.008 0.038 0.005 0.003 0.009 
 99 QTo-W-0231    (0)    8 :  0.046 0.163 0.142 0.007 0.004 0.041 0.020 0.031 0.014 0.014 0.010 0.494 0.009 0.006 
100 QTo-W-0238   (22)    8 :  0.154 0.036 0.093 0.046 0.029 0.045 0.010 0.199 0.020 0.311 0.009 0.026 0.014 0.008 
101 QTo-W-0240    (0)    8 :  0.057 0.029 0.057 0.019 0.020 0.028 0.013 0.073 0.013 0.121 0.008 0.544 0.010 0.008 
102 QTo-W-0242    (0)    8 :  0.018 0.013 0.065 0.290 0.473 0.012 0.003 0.029 0.007 0.030 0.009 0.021 0.027 0.003 
103 QTo-W-0244    (0)    9 :  0.073 0.051 0.016 0.011 0.036 0.010 0.004 0.011 0.006 0.013 0.007 0.740 0.018 0.003 
104 QTo-W-0245   (11)    9 :  0.089 0.053 0.473 0.025 0.010 0.011 0.012 0.025 0.009 0.029 0.011 0.232 0.015 0.006 
105 QTo-W-0251    (0)    9 :  0.011 0.023 0.014 0.005 0.073 0.014 0.004 0.049 0.360 0.043 0.336 0.007 0.057 0.004 
106 QTo-W-0253    (0)    9 :  0.023 0.027 0.856 0.008 0.020 0.008 0.005 0.009 0.005 0.009 0.016 0.006 0.005 0.004 
107 QTo-W-0256   (11)    9 :  0.025 0.053 0.510 0.006 0.007 0.007 0.087 0.022 0.008 0.025 0.096 0.068 0.008 0.079 
108 QTo-W-0258    (0)    9 :  0.036 0.166 0.378 0.052 0.005 0.004 0.012 0.032 0.008 0.020 0.195 0.040 0.008 0.044 
109 QTo-W-0259    (0)    9 :  0.008 0.006 0.801 0.058 0.027 0.010 0.005 0.019 0.009 0.012 0.015 0.015 0.011 0.005 
110 QTo-W-0260   (22)    9 :  0.022 0.020 0.762 0.036 0.011 0.022 0.005 0.031 0.007 0.021 0.005 0.027 0.027 0.006 
111 QTo-W-0274   (11)   10 :  0.220 0.663 0.035 0.005 0.006 0.005 0.006 0.011 0.008 0.010 0.014 0.006 0.007 0.006 
112 QTo-W-0275    (0)   10 :  0.027 0.043 0.012 0.006 0.007 0.013 0.041 0.058 0.176 0.072 0.005 0.086 0.144 0.312 
113 QTo-W-0278    (0)   10 :  0.081 0.125 0.036 0.025 0.008 0.111 0.008 0.182 0.028 0.158 0.064 0.035 0.130 0.010 
114 QTo-W-0283   (11)   10 :  0.018 0.042 0.018 0.009 0.006 0.095 0.028 0.027 0.006 0.016 0.011 0.672 0.008 0.043 
115 QTo-W-0284    (0)   10 :  0.025 0.068 0.020 0.014 0.008 0.120 0.018 0.030 0.032 0.019 0.010 0.602 0.015 0.020 
116 QTo-W-0287   (22)   10 :  0.229 0.677 0.009 0.011 0.005 0.005 0.009 0.006 0.005 0.006 0.015 0.010 0.005 0.007 
117 QTo-W-0289   (22)   10 :  0.234 0.677 0.007 0.005 0.010 0.006 0.008 0.008 0.007 0.007 0.010 0.006 0.008 0.007 
118 QTo-W-0293    (0)   10 :  0.046 0.139 0.043 0.040 0.006 0.006 0.198 0.088 0.013 0.147 0.004 0.020 0.232 0.018 
119 QTo-W-0295   (11)   10 :  0.013 0.014 0.025 0.072 0.005 0.017 0.010 0.040 0.009 0.038 0.007 0.031 0.012 0.709 
120 QTo-W-0296   (11)   11 :  0.007 0.006 0.005 0.010 0.009 0.005 0.008 0.010 0.026 0.009 0.006 0.005 0.883 0.010 
121 QTo-W-0298    (0)   11 :  0.006 0.006 0.005 0.009 0.009 0.005 0.007 0.008 0.019 0.007 0.005 0.004 0.901 0.007 
122 QTo-W-0300   (11)   11 :  0.121 0.300 0.015 0.004 0.015 0.006 0.142 0.035 0.031 0.028 0.041 0.227 0.016 0.016 
123 QTo-W-0302    (0)   12 :  0.053 0.046 0.049 0.011 0.013 0.651 0.012 0.036 0.019 0.045 0.041 0.011 0.007 0.007 
124 QTo-W-0305    (0)   13 :  0.238 0.658 0.006 0.019 0.006 0.006 0.007 0.008 0.007 0.007 0.008 0.010 0.016 0.005 
125 QTo-W-0308   (11)   13 :  0.239 0.645 0.009 0.008 0.009 0.007 0.010 0.009 0.011 0.011 0.007 0.008 0.021 0.007 
126 QTo-W-0309   (11)   13 :  0.164 0.047 0.014 0.004 0.019 0.191 0.033 0.194 0.007 0.184 0.004 0.008 0.022 0.108 
127 QTo-W-0311    (0)   14 :  0.116 0.017 0.082 0.009 0.007 0.037 0.030 0.200 0.006 0.340 0.005 0.122 0.007 0.021 
128 QTo-W-0312    (0)   15 :  0.007 0.006 0.006 0.003 0.035 0.005 0.004 0.005 0.004 0.005 0.006 0.005 0.906 0.004 
129 QTo-W-0315   (11)   15 :  0.007 0.006 0.006 0.003 0.007 0.005 0.005 0.005 0.004 0.006 0.004 0.005 0.933 0.004 
130 QTo-W-0318    (0)   16 :  0.567 0.245 0.010 0.009 0.029 0.036 0.007 0.022 0.009 0.022 0.005 0.010 0.012 0.017 
131 QTo-W-0322   (11)   16 :  0.597 0.243 0.017 0.008 0.028 0.020 0.009 0.016 0.008 0.018 0.005 0.013 0.008 0.010 
132 QTo-W-0326   (22)   16 :  0.346 0.107 0.026 0.006 0.057 0.044 0.115 0.096 0.014 0.110 0.007 0.019 0.010 0.042 
133 QTo-W-0327   (11)   16 :  0.353 0.098 0.090 0.005 0.020 0.059 0.040 0.101 0.016 0.118 0.023 0.010 0.010 0.055 
134 QTo-W-0328    (0)   17 :  0.015 0.012 0.005 0.004 0.004 0.003 0.006 0.006 0.916 0.006 0.006 0.006 0.004 0.006 
135 QTo-W-0329    (0)   17 :  0.016 0.013 0.005 0.004 0.005 0.003 0.006 0.006 0.917 0.007 0.006 0.005 0.004 0.006 
136 QTo-W-0330   (11)   17 :  0.024 0.019 0.006 0.005 0.005 0.003 0.008 0.008 0.887 0.009 0.009 0.006 0.005 0.007 


Estimated Allele Frequencies in each cluster
First column gives estimated ancestral frequencies


Locus 1 : 
4 alleles
0.7% missing data
 149   (0.841) 0.959 0.942 0.520 0.975 0.993 0.267 0.987 0.964 0.984 0.965 0.993 0.864 0.650 0.993 
 147   (0.067) 0.015 0.023 0.094 0.014 0.003 0.230 0.005 0.012 0.007 0.012 0.003 0.030 0.330 0.003 
 155   (0.052) 0.014 0.021 0.021 0.006 0.003 0.500 0.004 0.016 0.005 0.016 0.002 0.091 0.014 0.002 
 161   (0.041) 0.012 0.014 0.365 0.005 0.002 0.003 0.004 0.008 0.004 0.008 0.002 0.014 0.007 0.002 

Locus 2 : 
6 alleles
12.5% missing data
 179   (0.383) 0.335 0.420 0.376 0.684 0.241 0.038 0.039 0.691 0.929 0.603 0.966 0.091 0.085 0.074 
 176   (0.159) 0.065 0.073 0.085 0.217 0.015 0.912 0.531 0.098 0.017 0.130 0.007 0.075 0.041 0.157 
 173   (0.228) 0.115 0.135 0.284 0.055 0.016 0.020 0.407 0.128 0.029 0.175 0.015 0.706 0.088 0.735 
 164   (0.028) 0.010 0.011 0.012 0.005 0.001 0.002 0.004 0.006 0.003 0.006 0.001 0.006 0.005 0.026 
 182   (0.144) 0.430 0.284 0.076 0.030 0.723 0.021 0.013 0.057 0.015 0.065 0.007 0.105 0.773 0.006 
 170   (0.058) 0.045 0.077 0.167 0.009 0.003 0.007 0.005 0.021 0.006 0.021 0.003 0.017 0.008 0.003 

Locus 3 : 
17 alleles
0.0% missing data
 220   (0.156) 0.197 0.229 0.123 0.025 0.011 0.517 0.429 0.129 0.025 0.124 0.008 0.301 0.052 0.116 
 222   (0.173) 0.123 0.165 0.277 0.552 0.015 0.023 0.018 0.217 0.271 0.279 0.228 0.109 0.232 0.021 
 218   (0.155) 0.312 0.250 0.118 0.021 0.008 0.020 0.432 0.217 0.196 0.156 0.184 0.091 0.029 0.662 
 226   (0.072) 0.018 0.027 0.094 0.032 0.916 0.009 0.075 0.023 0.010 0.020 0.532 0.015 0.013 0.007 
 258   (0.064) 0.024 0.031 0.029 0.011 0.003 0.022 0.013 0.084 0.009 0.111 0.011 0.021 0.277 0.007 
 224   (0.058) 0.096 0.038 0.034 0.007 0.018 0.010 0.006 0.012 0.006 0.013 0.003 0.307 0.173 0.003 
 228   (0.062) 0.040 0.024 0.028 0.011 0.011 0.372 0.006 0.179 0.025 0.199 0.024 0.016 0.038 0.007 
 256   (0.019) 0.004 0.006 0.006 0.002 0.001 0.001 0.001 0.003 0.002 0.004 0.001 0.003 0.003 0.168 
 264   (0.019) 0.004 0.005 0.005 0.305 0.001 0.001 0.001 0.003 0.002 0.003 0.001 0.003 0.002 0.001 
 230   (0.033) 0.007 0.009 0.011 0.006 0.002 0.003 0.002 0.007 0.433 0.008 0.001 0.006 0.139 0.001 
 260   (0.035) 0.014 0.014 0.027 0.005 0.005 0.004 0.003 0.011 0.005 0.012 0.002 0.065 0.008 0.001 
 262   (0.025) 0.009 0.009 0.009 0.006 0.004 0.007 0.002 0.007 0.003 0.007 0.001 0.010 0.012 0.001 
 234   (0.024) 0.004 0.006 0.009 0.002 0.001 0.002 0.002 0.087 0.002 0.046 0.001 0.004 0.003 0.001 
 232   (0.029) 0.089 0.039 0.011 0.003 0.001 0.002 0.002 0.006 0.003 0.006 0.001 0.028 0.005 0.001 
 250   (0.024) 0.005 0.006 0.133 0.003 0.001 0.002 0.002 0.004 0.002 0.004 0.001 0.004 0.003 0.001 
 216   (0.022) 0.005 0.008 0.077 0.007 0.001 0.002 0.002 0.005 0.002 0.005 0.001 0.005 0.005 0.001 
 266   (0.031) 0.048 0.132 0.010 0.003 0.001 0.002 0.004 0.006 0.004 0.006 0.001 0.011 0.005 0.001 

Locus 4 : 
2 alleles
1.5% missing data
 137   (0.971) 0.961 0.963 0.987 0.998 0.999 0.998 0.998 0.988 0.993 0.988 0.999 0.994 0.996 0.999 
 139   (0.029) 0.039 0.037 0.013 0.002 0.001 0.002 0.002 0.012 0.007 0.012 0.001 0.006 0.004 0.001 

Locus 5 : 
17 alleles
11.8% missing data
 187   (0.305) 0.594 0.287 0.523 0.063 0.738 0.841 0.036 0.568 0.090 0.587 0.019 0.329 0.071 0.017 
 243   (0.042) 0.010 0.016 0.014 0.004 0.002 0.003 0.413 0.067 0.004 0.038 0.003 0.008 0.006 0.002 
 203   (0.064) 0.019 0.034 0.208 0.006 0.006 0.007 0.007 0.018 0.007 0.018 0.358 0.014 0.009 0.919 
 201   (0.095) 0.042 0.068 0.055 0.010 0.046 0.009 0.345 0.092 0.013 0.079 0.446 0.063 0.016 0.005 
 197   (0.068) 0.078 0.175 0.025 0.007 0.004 0.006 0.006 0.016 0.007 0.015 0.142 0.464 0.011 0.003 
 195   (0.053) 0.054 0.159 0.028 0.865 0.005 0.064 0.022 0.010 0.005 0.011 0.004 0.012 0.009 0.006 
 247   (0.031) 0.007 0.012 0.009 0.003 0.002 0.003 0.099 0.005 0.003 0.006 0.001 0.006 0.004 0.002 
 235   (0.032) 0.012 0.016 0.018 0.003 0.003 0.003 0.003 0.027 0.005 0.034 0.006 0.007 0.005 0.003 
 249   (0.028) 0.007 0.011 0.008 0.002 0.177 0.002 0.002 0.005 0.003 0.004 0.001 0.005 0.004 0.001 
 199   (0.057) 0.024 0.032 0.020 0.007 0.004 0.021 0.006 0.054 0.028 0.057 0.007 0.016 0.794 0.008 
 245   (0.032) 0.019 0.018 0.011 0.006 0.002 0.004 0.027 0.046 0.007 0.061 0.001 0.008 0.006 0.025 
 219   (0.033) 0.009 0.013 0.010 0.003 0.002 0.003 0.003 0.008 0.478 0.008 0.002 0.009 0.008 0.003 
 217   (0.033) 0.008 0.014 0.010 0.003 0.002 0.003 0.003 0.006 0.327 0.006 0.002 0.006 0.005 0.001 
 229   (0.030) 0.007 0.011 0.010 0.003 0.002 0.003 0.003 0.034 0.003 0.020 0.001 0.006 0.004 0.002 
 215   (0.042) 0.094 0.103 0.025 0.004 0.002 0.024 0.004 0.026 0.013 0.028 0.002 0.010 0.006 0.002 
 205   (0.021) 0.005 0.009 0.012 0.002 0.001 0.003 0.002 0.005 0.002 0.004 0.001 0.029 0.003 0.001 
 227   (0.033) 0.010 0.022 0.014 0.007 0.002 0.003 0.018 0.013 0.004 0.022 0.001 0.008 0.038 0.002 

Locus 6 : 
25 alleles
30.9% missing data
 214   (0.051) 0.053 0.051 0.029 0.010 0.003 0.006 0.205 0.021 0.012 0.021 0.005 0.067 0.016 0.119 
 222   (0.060) 0.026 0.023 0.027 0.009 0.005 0.008 0.483 0.065 0.013 0.106 0.032 0.124 0.016 0.083 
 206   (0.057) 0.022 0.024 0.033 0.011 0.008 0.031 0.008 0.189 0.015 0.135 0.009 0.018 0.058 0.366 
 218   (0.081) 0.153 0.076 0.040 0.026 0.006 0.106 0.020 0.175 0.079 0.138 0.013 0.026 0.035 0.367 
 216   (0.061) 0.050 0.034 0.286 0.011 0.010 0.037 0.007 0.028 0.073 0.026 0.388 0.020 0.019 0.004 
 208   (0.048) 0.022 0.024 0.050 0.007 0.004 0.007 0.005 0.016 0.008 0.016 0.195 0.100 0.011 0.002 
 238   (0.051) 0.015 0.021 0.019 0.008 0.521 0.006 0.005 0.021 0.016 0.028 0.160 0.013 0.109 0.002 
 204   (0.010) 0.003 0.006 0.003 0.001 0.001 0.001 0.001 0.002 0.002 0.002 0.001 0.274 0.002 0.001 
 234   (0.038) 0.016 0.014 0.070 0.005 0.003 0.142 0.004 0.062 0.008 0.079 0.009 0.010 0.014 0.003 
 242   (0.043) 0.128 0.042 0.065 0.005 0.003 0.005 0.005 0.035 0.008 0.050 0.005 0.040 0.010 0.002 
 210   (0.143) 0.196 0.347 0.077 0.488 0.409 0.598 0.030 0.197 0.082 0.173 0.068 0.099 0.577 0.011 
 246   (0.024) 0.012 0.010 0.013 0.007 0.002 0.003 0.003 0.023 0.009 0.025 0.007 0.018 0.007 0.013 
 258   (0.030) 0.013 0.014 0.014 0.004 0.003 0.006 0.004 0.046 0.007 0.070 0.033 0.008 0.011 0.002 
 240   (0.021) 0.006 0.007 0.008 0.003 0.002 0.002 0.004 0.006 0.005 0.008 0.042 0.008 0.006 0.001 
 256   (0.027) 0.007 0.010 0.009 0.003 0.002 0.003 0.118 0.007 0.004 0.005 0.002 0.007 0.006 0.002 
 254   (0.019) 0.005 0.008 0.007 0.003 0.001 0.002 0.053 0.005 0.003 0.004 0.001 0.005 0.005 0.001 
 236   (0.050) 0.023 0.025 0.090 0.370 0.005 0.007 0.021 0.034 0.153 0.042 0.004 0.023 0.035 0.006 
 248   (0.024) 0.120 0.035 0.009 0.003 0.002 0.003 0.003 0.010 0.005 0.011 0.002 0.037 0.015 0.003 
 252   (0.023) 0.010 0.010 0.009 0.003 0.002 0.003 0.004 0.019 0.006 0.021 0.002 0.006 0.007 0.004 
 224   (0.026) 0.035 0.037 0.077 0.004 0.002 0.008 0.004 0.011 0.008 0.012 0.003 0.008 0.008 0.002 
 230   (0.033) 0.010 0.013 0.017 0.004 0.002 0.005 0.004 0.008 0.275 0.008 0.005 0.034 0.010 0.002 
 228   (0.015) 0.006 0.014 0.025 0.007 0.001 0.002 0.002 0.005 0.003 0.004 0.007 0.007 0.004 0.001 
 266   (0.017) 0.018 0.048 0.008 0.002 0.001 0.002 0.002 0.004 0.003 0.004 0.002 0.004 0.004 0.001 
 212   (0.025) 0.009 0.012 0.009 0.004 0.002 0.007 0.003 0.006 0.201 0.006 0.002 0.039 0.006 0.001 
 232   (0.021) 0.039 0.097 0.007 0.002 0.001 0.002 0.002 0.005 0.003 0.005 0.002 0.005 0.005 0.001 

Locus 7 : 
7 alleles
1.5% missing data
 108   (0.644) 0.495 0.343 0.584 0.958 0.976 0.964 0.826 0.906 0.588 0.904 0.437 0.430 0.929 0.980 
 116   (0.035) 0.008 0.015 0.011 0.006 0.001 0.003 0.146 0.008 0.004 0.010 0.001 0.007 0.013 0.002 
 110   (0.137) 0.163 0.397 0.257 0.019 0.015 0.018 0.012 0.046 0.023 0.043 0.553 0.207 0.028 0.009 
 114   (0.068) 0.094 0.048 0.022 0.007 0.003 0.006 0.007 0.014 0.203 0.016 0.003 0.292 0.013 0.004 
 112   (0.070) 0.230 0.181 0.025 0.006 0.003 0.005 0.006 0.018 0.178 0.019 0.003 0.035 0.010 0.003 
 104   (0.018) 0.003 0.007 0.088 0.002 0.001 0.001 0.001 0.002 0.002 0.003 0.001 0.003 0.002 0.001 
 118   (0.028) 0.007 0.009 0.013 0.003 0.001 0.003 0.002 0.005 0.003 0.005 0.001 0.027 0.004 0.001 

Locus 8 : 
5 alleles
2.2% missing data
 160   (0.165) 0.072 0.137 0.061 0.022 0.069 0.215 0.376 0.163 0.030 0.120 0.007 0.088 0.407 0.526 
 162   (0.620) 0.789 0.716 0.620 0.116 0.904 0.746 0.607 0.720 0.927 0.776 0.978 0.492 0.345 0.465 
 164   (0.085) 0.033 0.040 0.122 0.803 0.007 0.011 0.007 0.022 0.013 0.021 0.004 0.384 0.019 0.004 
 166   (0.027) 0.009 0.009 0.017 0.004 0.006 0.002 0.002 0.007 0.005 0.007 0.001 0.009 0.007 0.001 
 158   (0.103) 0.097 0.098 0.180 0.055 0.014 0.025 0.008 0.088 0.025 0.075 0.010 0.027 0.222 0.004 

Locus 9 : 
4 alleles
0.0% missing data
 229   (0.481) 0.206 0.232 0.428 0.509 0.610 0.219 0.248 0.707 0.788 0.605 0.922 0.564 0.313 0.507 
 226   (0.365) 0.682 0.695 0.366 0.050 0.381 0.082 0.741 0.236 0.196 0.327 0.070 0.147 0.648 0.480 
 223   (0.129) 0.107 0.066 0.197 0.438 0.008 0.684 0.010 0.046 0.014 0.056 0.007 0.284 0.023 0.012 
 232   (0.025) 0.005 0.008 0.009 0.002 0.001 0.014 0.002 0.011 0.002 0.013 0.001 0.005 0.015 0.001 

Values of parameters used in structure:
DATAFILE=C:\Users\eschumacher\Documents\GitHub\Ten_Oaks\Data_Files\QUTO_wild\project_data,	OUTFILE=C:\Users\eschumacher\Documents\GitHub\Ten_Oaks\Data_Files\QUTO_wild\50-50\Results\50-50_run_68,	NUMINDS=136,	NUMLOCI=9,	MISSING=-9,	LABEL=1,	POPDATA=1,	POPFLAG=0,	PHENOTYPE=0,	EXTRACOLS=0,	MAXPOPS=14,	BURNIN=50000,	NUMREPS=50000,	USEPOPINFO=0,	INFERALPHA=1,	INFERLAMBDA=0,	POPSPECIFICLAMBDA=0,	POPALPHAS=0,	COMPUTEPROB=1,	NOADMIX=0,	ADMBURNIN=2500,	UPDATEFREQ=1,	PRINTLIKES=0,	INTERMEDSAVE=0,	PRINTKLD=0,	PRINTNET=0,	PRINTLAMBDA=0,	ANCESTDIST=0,	NUMBOXES=1000,	ANCESTPINT=0.90000,	GENSBACK=2,	MIGRPRIOR=0.05000,	PRINTQHAT=0,	PRINTQSUM=0,	ALPHA=1.0000,	FREQSCORR=1,	FPRIORMEAN=0.0100,	FPRIORSD=0.0500,	ONEFST=0,	LAMBDA=1.0000,	UNIFPRIORALPHA=1,	ALPHAMAX=10.0000,	ALPHAPRIORA=1.0000,	ALPHAPRIORB=2.0000,	ALPHAPROPSD=0.0250,	STARTATPOPINFO=0,	RANDOMIZE=1,	LINKAGE=0,	METROFREQ=10,	REPORTHITRATE=0,	MARKOVPHASE=-1,	PHASED=0,	PLOIDY=2,	PHASEINFO=0	LOCPRIOR=0, 	LOCPRIORINIT=1.000000, 	LOCDATA=0, 	LOCISPOP=0, 	LOCPRIORSTEP=0.100000, 	MAXLOCPRIOR=20.000000, 	SEED=1689803801,	
[STRAT parameters]:    NUMSIMSTATS=1000,	PHENOTYPECOL=-9,	POOLFREQ=10,	LOCUSxONLY=0,	EMERROR=0.00100,	MISSINGPHENO=-9,	