

----------------------------------------------------
STRUCTURE by Pritchard, Stephens and Donnelly (2000)
     and Falush, Stephens and Pritchard (2003)
       Code by Pritchard, Falush and Hubisz
             Version 2.3.4 (Jul 2012)
----------------------------------------------------



Command line arguments:   bin\structure -m C:\Users\eschumacher\Documents\GitHub\Ten_Oaks\Data_Files\QUTO_wild\50-50\mainparams -e C:\Users\eschumacher\Documents\GitHub\Ten_Oaks\Data_Files\QUTO_wild\50-50\extraparams 
Input File:    C:\Users\eschumacher\Documents\GitHub\Ten_Oaks\Data_Files\QUTO_wild\project_data

Run parameters:
   136 individuals
   9 loci
   18 populations assumed
   50000 Burn-in period
   50000 Reps


--------------------------------------------
Proportion of membership of each pre-defined
 population in each of the 18 clusters

Given    Inferred Clusters                                                                                                                Number of
 Pop       1      2      3      4      5      6      7      8      9     10     11     12     13     14     15     16     17     18      Individuals

  1:     0.018  0.018  0.011  0.033  0.013  0.022  0.026  0.076  0.019  0.407  0.039  0.088  0.037  0.011  0.132  0.014  0.019  0.015        1
  2:     0.007  0.006  0.005  0.006  0.006  0.004  0.005  0.004  0.005  0.008  0.011  0.006  0.006  0.433  0.007  0.462  0.008  0.012        4
  3:     0.767  0.015  0.010  0.012  0.005  0.006  0.004  0.011  0.008  0.019  0.015  0.026  0.019  0.008  0.027  0.007  0.016  0.024        4
  4:     0.030  0.008  0.004  0.033  0.543  0.007  0.008  0.021  0.010  0.039  0.015  0.106  0.007  0.005  0.141  0.006  0.007  0.011        5
  5:     0.133  0.012  0.015  0.028  0.011  0.052  0.025  0.068  0.017  0.080  0.039  0.046  0.020  0.138  0.068  0.063  0.124  0.061       71
  6:     0.004  0.013  0.005  0.664  0.011  0.003  0.004  0.004  0.035  0.005  0.013  0.198  0.009  0.003  0.007  0.004  0.006  0.012        2
  7:     0.009  0.007  0.031  0.021  0.006  0.006  0.625  0.004  0.038  0.018  0.078  0.024  0.021  0.015  0.059  0.024  0.007  0.006        5
  8:     0.012  0.151  0.016  0.066  0.057  0.041  0.015  0.008  0.210  0.029  0.115  0.073  0.057  0.010  0.061  0.012  0.053  0.013       10
  9:     0.083  0.043  0.015  0.031  0.121  0.026  0.009  0.010  0.403  0.015  0.056  0.030  0.040  0.014  0.034  0.006  0.025  0.039        8
 10:     0.011  0.020  0.038  0.077  0.137  0.018  0.043  0.014  0.014  0.051  0.074  0.021  0.270  0.106  0.040  0.016  0.006  0.044        9
 11:     0.011  0.028  0.569  0.030  0.028  0.007  0.004  0.030  0.006  0.012  0.075  0.015  0.057  0.010  0.017  0.008  0.011  0.082        3
 12:     0.039  0.071  0.006  0.016  0.009  0.008  0.591  0.022  0.036  0.031  0.041  0.033  0.016  0.006  0.042  0.015  0.010  0.007        1
 13:     0.006  0.020  0.021  0.123  0.007  0.008  0.048  0.006  0.007  0.058  0.022  0.102  0.449  0.034  0.033  0.013  0.009  0.034        3
 14:     0.004  0.006  0.006  0.241  0.034  0.010  0.040  0.005  0.051  0.013  0.031  0.224  0.015  0.013  0.207  0.008  0.007  0.086        1
 15:     0.005  0.004  0.853  0.055  0.005  0.003  0.005  0.004  0.005  0.004  0.006  0.006  0.005  0.004  0.005  0.004  0.023  0.005        2
 16:     0.009  0.014  0.010  0.190  0.008  0.007  0.027  0.009  0.025  0.052  0.023  0.342  0.109  0.022  0.038  0.025  0.030  0.058        4
 17:     0.007  0.869  0.004  0.007  0.004  0.004  0.003  0.049  0.004  0.006  0.006  0.006  0.006  0.004  0.006  0.004  0.004  0.005        3
--------------------------------------------

Allele-freq. divergence among pops (Net nucleotide distance),
computed using point estimates of P.

      1       2       3       4       5       6       7       8       9      10      11      12      13      14      15      16      17      18      
 1      -    0.1274  0.3203  0.1767  0.2182  0.2609  0.3881  0.1582  0.1381  0.1155  0.1102  0.1597  0.1487  0.2577  0.1135  0.2568  0.1926  0.2733  
 2   0.1274     -    0.2465  0.1011  0.1871  0.2285  0.3362  0.1678  0.1228  0.0988  0.0736  0.1046  0.0954  0.2272  0.0924  0.1904  0.2342  0.2101  
 3   0.3203  0.2465     -    0.1494  0.2455  0.2604  0.2780  0.2962  0.1764  0.1901  0.1243  0.1454  0.1524  0.2441  0.1548  0.2224  0.1963  0.2146  
 4   0.1767  0.1011  0.1494     -    0.1281  0.2233  0.2029  0.2022  0.0637  0.0931  0.0324  0.0160  0.0423  0.1776  0.0469  0.1374  0.1251  0.1236  
 5   0.2182  0.1871  0.2455  0.1281     -    0.2121  0.2717  0.2605  0.1310  0.1544  0.0859  0.1463  0.1453  0.1977  0.1334  0.2083  0.2521  0.1704  
 6   0.2609  0.2285  0.2604  0.2233  0.2121     -    0.3036  0.2292  0.1898  0.1693  0.1461  0.1997  0.2046  0.3020  0.1546  0.2708  0.2959  0.3063  
 7   0.3881  0.3362  0.2780  0.2029  0.2717  0.3036     -    0.3557  0.1854  0.2278  0.1744  0.1771  0.2569  0.3437  0.1743  0.2226  0.2778  0.3156  
 8   0.1582  0.1678  0.2962  0.2022  0.2605  0.2292  0.3557     -    0.1864  0.1065  0.1321  0.1616  0.2206  0.2884  0.1140  0.2743  0.2365  0.3039  
 9   0.1381  0.1228  0.1764  0.0637  0.1310  0.1898  0.1854  0.1864     -    0.0919  0.0375  0.0651  0.0896  0.1759  0.0601  0.1728  0.1695  0.1670  
10   0.1155  0.0988  0.1901  0.0931  0.1544  0.1693  0.2278  0.1065  0.0919     -    0.0389  0.0556  0.1154  0.1433  0.0258  0.1511  0.1498  0.1741  
11   0.1102  0.0736  0.1243  0.0324  0.0859  0.1461  0.1744  0.1321  0.0375  0.0389     -    0.0278  0.0482  0.1212  0.0184  0.0989  0.1227  0.1043  
12   0.1597  0.1046  0.1454  0.0160  0.1463  0.1997  0.1771  0.1616  0.0651  0.0556  0.0278     -    0.0633  0.1696  0.0197  0.1368  0.0981  0.1305  
13   0.1487  0.0954  0.1524  0.0423  0.1453  0.2046  0.2569  0.2206  0.0896  0.1154  0.0482  0.0633     -    0.1901  0.0804  0.1466  0.1742  0.1399  
14   0.2577  0.2272  0.2441  0.1776  0.1977  0.3020  0.3437  0.2884  0.1759  0.1433  0.1212  0.1696  0.1901     -    0.1613  0.1763  0.2851  0.1315  
15   0.1135  0.0924  0.1548  0.0469  0.1334  0.1546  0.1743  0.1140  0.0601  0.0258  0.0184  0.0197  0.0804  0.1613     -    0.1336  0.1137  0.1390  
16   0.2568  0.1904  0.2224  0.1374  0.2083  0.2708  0.2226  0.2743  0.1728  0.1511  0.0989  0.1368  0.1466  0.1763  0.1336     -    0.2373  0.1443  
17   0.1926  0.2342  0.1963  0.1251  0.2521  0.2959  0.2778  0.2365  0.1695  0.1498  0.1227  0.0981  0.1742  0.2851  0.1137  0.2373     -    0.2604  
18   0.2733  0.2101  0.2146  0.1236  0.1704  0.3063  0.3156  0.3039  0.1670  0.1741  0.1043  0.1305  0.1399  0.1315  0.1390  0.1443  0.2604     -    

Average distances (expected heterozygosity) between individuals in same cluster:
cluster  1  : 0.3058 
cluster  2  : 0.4735 
cluster  3  : 0.4186 
cluster  4  : 0.5109 
cluster  5  : 0.4875 
cluster  6  : 0.3276 
cluster  7  : 0.3297 
cluster  8  : 0.2149 
cluster  9  : 0.6137 
cluster 10  : 0.4267 
cluster 11  : 0.6113 
cluster 12  : 0.4580 
cluster 13  : 0.5124 
cluster 14  : 0.3098 
cluster 15  : 0.4727 
cluster 16  : 0.3902 
cluster 17  : 0.2413 
cluster 18  : 0.3458 

--------------------------------------------
Estimated Ln Prob of Data   = -2271.4
Mean value of ln likelihood = -1797.8
Variance of ln likelihood   = 947.0
Mean value of alpha         = 0.0352

Mean value of Fst_1         = 0.4850
Mean value of Fst_2         = 0.3562
Mean value of Fst_3         = 0.4262
Mean value of Fst_4         = 0.3072
Mean value of Fst_5         = 0.3466
Mean value of Fst_6         = 0.5534
Mean value of Fst_7         = 0.5464
Mean value of Fst_8         = 0.6375
Mean value of Fst_9         = 0.1855
Mean value of Fst_10         = 0.2993
Mean value of Fst_11         = 0.0003
Mean value of Fst_12         = 0.3671
Mean value of Fst_13         = 0.3021
Mean value of Fst_14         = 0.5066
Mean value of Fst_15         = 0.2655
Mean value of Fst_16         = 0.4462
Mean value of Fst_17         = 0.5875
Mean value of Fst_18         = 0.4608


Inferred ancestry of individuals:
        Label (%Miss) Pop:  Inferred clusters
  1 QTo-W-0007   (11)    1 :  0.018 0.018 0.011 0.033 0.013 0.022 0.026 0.076 0.019 0.407 0.039 0.088 0.037 0.011 0.132 0.014 0.019 0.015 
  2 QTo-W-0009    (0)    2 :  0.014 0.005 0.004 0.004 0.004 0.004 0.004 0.004 0.004 0.006 0.006 0.004 0.004 0.007 0.005 0.898 0.018 0.006 
  3 QTo-W-0010    (0)    2 :  0.005 0.008 0.007 0.009 0.010 0.004 0.006 0.005 0.008 0.013 0.030 0.008 0.011 0.801 0.012 0.032 0.004 0.024 
  4 QTo-W-0011    (0)    2 :  0.004 0.004 0.004 0.004 0.004 0.004 0.005 0.004 0.004 0.007 0.005 0.005 0.005 0.009 0.005 0.915 0.004 0.008 
  5 QTo-W-0012   (22)    2 :  0.005 0.005 0.004 0.005 0.005 0.003 0.003 0.004 0.004 0.006 0.005 0.005 0.005 0.916 0.005 0.005 0.004 0.009 
  6 QTo-W-0020   (22)    3 :  0.929 0.004 0.003 0.004 0.004 0.003 0.003 0.005 0.005 0.004 0.004 0.004 0.005 0.006 0.004 0.004 0.006 0.003 
  7 QTo-W-0021   (22)    3 :  0.826 0.011 0.006 0.010 0.006 0.011 0.005 0.019 0.008 0.015 0.008 0.012 0.009 0.006 0.018 0.006 0.016 0.006 
  8 QTo-W-0023   (22)    3 :  0.847 0.016 0.004 0.006 0.005 0.005 0.004 0.010 0.006 0.011 0.008 0.010 0.007 0.007 0.009 0.007 0.033 0.006 
  9 QTo-W-0024   (11)    3 :  0.465 0.028 0.028 0.029 0.006 0.005 0.004 0.012 0.013 0.046 0.041 0.077 0.055 0.011 0.077 0.012 0.008 0.082 
 10 QTo-W-0033    (0)    4 :  0.013 0.004 0.004 0.007 0.873 0.006 0.005 0.004 0.006 0.006 0.008 0.007 0.005 0.006 0.009 0.012 0.004 0.020 
 11 QTo-W-0035   (11)    4 :  0.005 0.005 0.004 0.006 0.903 0.007 0.006 0.006 0.005 0.006 0.006 0.006 0.005 0.007 0.005 0.005 0.006 0.008 
 12 QTo-W-0036    (0)    4 :  0.004 0.004 0.003 0.004 0.927 0.005 0.005 0.004 0.004 0.005 0.005 0.004 0.004 0.005 0.005 0.004 0.004 0.005 
 13 QTo-W-0039   (11)    4 :  0.083 0.015 0.005 0.044 0.005 0.010 0.011 0.058 0.010 0.112 0.018 0.246 0.010 0.005 0.336 0.005 0.016 0.010 
 14 QTo-W-0041    (0)    4 :  0.045 0.011 0.005 0.101 0.005 0.008 0.013 0.032 0.027 0.068 0.036 0.265 0.009 0.004 0.348 0.005 0.008 0.010 
 15 QTo-W-0044    (0)    5 :  0.009 0.005 0.007 0.019 0.004 0.091 0.022 0.004 0.005 0.005 0.013 0.011 0.079 0.005 0.009 0.660 0.036 0.014 
 16 QTo-W-0047    (0)    5 :  0.004 0.005 0.004 0.005 0.005 0.004 0.005 0.005 0.004 0.007 0.006 0.005 0.005 0.009 0.006 0.904 0.004 0.013 
 17 QTo-W-0048   (11)    5 :  0.005 0.005 0.006 0.005 0.005 0.005 0.007 0.006 0.004 0.009 0.007 0.006 0.006 0.012 0.007 0.887 0.006 0.011 
 18 QTo-W-0049    (0)    5 :  0.005 0.007 0.005 0.005 0.009 0.003 0.006 0.004 0.005 0.009 0.008 0.006 0.007 0.861 0.006 0.026 0.004 0.023 
 19 QTo-W-0050   (22)    5 :  0.027 0.008 0.062 0.082 0.114 0.007 0.005 0.010 0.017 0.018 0.045 0.037 0.019 0.028 0.022 0.015 0.444 0.040 
 20 QTo-W-0052    (0)    5 :  0.004 0.004 0.015 0.009 0.006 0.152 0.655 0.011 0.009 0.020 0.016 0.014 0.021 0.015 0.010 0.026 0.005 0.007 
 21 QTo-W-0054    (0)    5 :  0.005 0.004 0.004 0.005 0.004 0.003 0.003 0.004 0.003 0.007 0.004 0.005 0.005 0.924 0.004 0.005 0.004 0.007 
 22 QTo-W-0056    (0)    5 :  0.004 0.004 0.004 0.005 0.004 0.004 0.006 0.004 0.004 0.005 0.005 0.004 0.004 0.896 0.005 0.031 0.004 0.007 
 23 QTo-W-0057    (0)    5 :  0.004 0.004 0.005 0.006 0.006 0.004 0.009 0.004 0.005 0.006 0.008 0.008 0.006 0.739 0.008 0.107 0.004 0.067 
 24 QTo-W-0058    (0)    5 :  0.004 0.004 0.004 0.004 0.004 0.003 0.003 0.004 0.004 0.006 0.004 0.005 0.005 0.925 0.004 0.004 0.004 0.007 
 25 QTo-W-0059    (0)    5 :  0.023 0.005 0.011 0.013 0.006 0.077 0.023 0.006 0.010 0.015 0.028 0.011 0.043 0.530 0.022 0.088 0.076 0.012 
 26 QTo-W-0060    (0)    5 :  0.005 0.004 0.004 0.007 0.005 0.004 0.005 0.005 0.004 0.006 0.007 0.007 0.005 0.835 0.008 0.060 0.004 0.026 
 27 QTo-W-0061    (0)    5 :  0.036 0.028 0.006 0.026 0.005 0.007 0.011 0.029 0.013 0.082 0.052 0.082 0.018 0.472 0.112 0.006 0.009 0.007 
 28 QTo-W-0062   (11)    5 :  0.006 0.005 0.005 0.005 0.005 0.004 0.004 0.005 0.004 0.006 0.005 0.005 0.005 0.908 0.006 0.005 0.005 0.010 
 29 QTo-W-0065   (11)    5 :  0.053 0.027 0.006 0.011 0.005 0.015 0.004 0.036 0.010 0.041 0.011 0.020 0.013 0.703 0.021 0.007 0.010 0.007 
 30 QTo-W-0067    (0)    5 :  0.030 0.012 0.004 0.011 0.006 0.009 0.008 0.027 0.007 0.028 0.015 0.016 0.008 0.717 0.027 0.052 0.009 0.012 
 31 QTo-W-0071    (0)    5 :  0.021 0.012 0.015 0.136 0.005 0.009 0.005 0.020 0.011 0.052 0.035 0.246 0.014 0.005 0.367 0.013 0.012 0.021 
 32 QTo-W-0072    (0)    5 :  0.216 0.009 0.005 0.012 0.007 0.006 0.009 0.013 0.013 0.025 0.012 0.015 0.019 0.003 0.019 0.004 0.609 0.003 
 33 QTo-W-0075    (0)    5 :  0.769 0.005 0.010 0.007 0.004 0.013 0.010 0.018 0.006 0.015 0.007 0.027 0.008 0.004 0.034 0.005 0.051 0.008 
 34 QTo-W-0076   (11)    5 :  0.770 0.014 0.009 0.018 0.010 0.008 0.004 0.010 0.011 0.012 0.014 0.016 0.036 0.008 0.017 0.009 0.017 0.018 
 35 QTo-W-0077   (11)    5 :  0.321 0.012 0.005 0.014 0.016 0.008 0.005 0.018 0.013 0.170 0.050 0.023 0.015 0.035 0.039 0.129 0.042 0.086 
 36 QTo-W-0079    (0)    5 :  0.939 0.003 0.003 0.003 0.003 0.003 0.002 0.004 0.005 0.004 0.004 0.003 0.004 0.005 0.004 0.003 0.005 0.003 
 37 QTo-W-0080   (11)    5 :  0.171 0.018 0.007 0.042 0.011 0.008 0.010 0.018 0.085 0.072 0.177 0.070 0.044 0.121 0.118 0.008 0.007 0.012 
 38 QTo-W-0081   (11)    5 :  0.830 0.014 0.004 0.008 0.011 0.007 0.004 0.011 0.007 0.016 0.011 0.013 0.017 0.008 0.018 0.006 0.006 0.008 
 39 QTo-W-0082    (0)    5 :  0.751 0.011 0.008 0.025 0.005 0.006 0.003 0.008 0.019 0.010 0.017 0.042 0.013 0.014 0.044 0.008 0.009 0.008 
 40 QTo-W-0087    (0)    5 :  0.899 0.006 0.004 0.005 0.004 0.004 0.003 0.007 0.005 0.007 0.005 0.006 0.005 0.008 0.006 0.005 0.017 0.006 
 41 QTo-W-0088   (11)    5 :  0.884 0.008 0.003 0.005 0.005 0.005 0.004 0.009 0.005 0.010 0.006 0.007 0.006 0.012 0.010 0.006 0.008 0.007 
 42 QTo-W-0089   (11)    5 :  0.879 0.008 0.005 0.006 0.009 0.007 0.004 0.010 0.006 0.008 0.007 0.009 0.009 0.004 0.011 0.004 0.008 0.005 
 43 QTo-W-0090    (0)    5 :  0.738 0.009 0.005 0.015 0.024 0.008 0.003 0.011 0.009 0.011 0.046 0.024 0.011 0.006 0.030 0.020 0.007 0.024 
 44 QTo-W-0093   (11)    5 :  0.236 0.014 0.038 0.052 0.005 0.006 0.012 0.009 0.028 0.028 0.058 0.094 0.030 0.033 0.086 0.012 0.211 0.049 
 45 QTo-W-0098    (0)    5 :  0.008 0.005 0.013 0.007 0.004 0.005 0.006 0.008 0.006 0.020 0.009 0.008 0.009 0.012 0.010 0.010 0.849 0.009 
 46 QTo-W-0101   (11)    5 :  0.011 0.007 0.015 0.014 0.005 0.006 0.008 0.011 0.009 0.034 0.013 0.014 0.013 0.016 0.015 0.012 0.784 0.014 
 47 QTo-W-0114    (0)    5 :  0.014 0.005 0.005 0.006 0.004 0.006 0.005 0.011 0.005 0.011 0.005 0.009 0.006 0.004 0.011 0.004 0.886 0.003 
 48 QTo-W-0116   (11)    5 :  0.006 0.005 0.009 0.006 0.004 0.004 0.005 0.006 0.004 0.006 0.005 0.007 0.006 0.005 0.006 0.006 0.904 0.005 
 49 QTo-W-0117   (22)    5 :  0.010 0.006 0.010 0.009 0.005 0.005 0.005 0.007 0.005 0.007 0.006 0.010 0.007 0.007 0.008 0.008 0.877 0.007 
 50 QTo-W-0118    (0)    5 :  0.004 0.004 0.006 0.005 0.003 0.004 0.004 0.004 0.003 0.004 0.004 0.005 0.005 0.004 0.005 0.004 0.929 0.004 
 51 QTo-W-0121   (11)    5 :  0.035 0.005 0.008 0.008 0.005 0.004 0.004 0.006 0.006 0.008 0.010 0.012 0.009 0.005 0.014 0.007 0.810 0.044 
 52 QTo-W-0124   (11)    5 :  0.004 0.005 0.005 0.007 0.006 0.004 0.004 0.004 0.005 0.006 0.006 0.006 0.006 0.023 0.005 0.013 0.005 0.887 
 53 QTo-W-0128    (0)    5 :  0.004 0.004 0.004 0.005 0.005 0.003 0.004 0.003 0.003 0.005 0.005 0.005 0.004 0.010 0.005 0.008 0.004 0.921 
 54 QTo-W-0129    (0)    5 :  0.004 0.005 0.005 0.006 0.005 0.003 0.004 0.003 0.004 0.006 0.010 0.006 0.006 0.010 0.008 0.011 0.004 0.900 
 55 QTo-W-0131   (11)    5 :  0.043 0.032 0.012 0.030 0.091 0.030 0.005 0.012 0.036 0.092 0.324 0.031 0.060 0.052 0.103 0.023 0.006 0.017 
 56 QTo-W-0133   (11)    5 :  0.015 0.020 0.168 0.018 0.010 0.010 0.107 0.026 0.007 0.223 0.050 0.077 0.021 0.016 0.146 0.064 0.009 0.013 
 57 QTo-W-0137    (0)    5 :  0.034 0.023 0.014 0.115 0.006 0.007 0.007 0.013 0.020 0.029 0.090 0.190 0.022 0.006 0.297 0.015 0.084 0.029 
 58 QTo-W-0138    (0)    5 :  0.003 0.007 0.009 0.042 0.008 0.017 0.013 0.024 0.010 0.124 0.033 0.019 0.078 0.205 0.052 0.097 0.004 0.252 
 59 QTo-W-0139    (0)    5 :  0.004 0.004 0.004 0.004 0.004 0.906 0.013 0.008 0.004 0.005 0.005 0.005 0.004 0.005 0.006 0.011 0.004 0.003 
 60 QTo-W-0140   (22)    5 :  0.006 0.005 0.004 0.005 0.007 0.915 0.005 0.005 0.005 0.006 0.005 0.005 0.004 0.005 0.006 0.004 0.005 0.004 
 61 QTo-W-0142    (0)    5 :  0.005 0.004 0.004 0.003 0.004 0.927 0.004 0.010 0.004 0.005 0.004 0.004 0.004 0.003 0.005 0.003 0.004 0.003 
 62 QTo-W-0144    (0)    5 :  0.008 0.009 0.068 0.130 0.017 0.008 0.006 0.011 0.017 0.200 0.093 0.049 0.038 0.226 0.064 0.007 0.008 0.042 
 63 QTo-W-0149   (22)    5 :  0.008 0.094 0.005 0.005 0.005 0.007 0.004 0.808 0.005 0.009 0.010 0.006 0.005 0.005 0.009 0.005 0.006 0.005 
 64 QTo-W-0151   (11)    5 :  0.033 0.006 0.005 0.007 0.004 0.007 0.006 0.818 0.016 0.028 0.011 0.012 0.008 0.015 0.011 0.004 0.004 0.005 
 65 QTo-W-0153   (22)    5 :  0.006 0.006 0.004 0.004 0.004 0.006 0.004 0.916 0.004 0.006 0.005 0.005 0.005 0.005 0.006 0.004 0.005 0.004 
 66 QTo-W-0154    (0)    5 :  0.011 0.008 0.010 0.017 0.005 0.044 0.013 0.733 0.012 0.023 0.011 0.026 0.011 0.004 0.039 0.004 0.023 0.005 
 67 QTo-W-0159   (11)    5 :  0.007 0.008 0.019 0.077 0.006 0.009 0.044 0.015 0.013 0.127 0.027 0.220 0.017 0.018 0.340 0.008 0.036 0.009 
 68 QTo-W-0161   (11)    5 :  0.008 0.007 0.008 0.035 0.007 0.038 0.011 0.665 0.024 0.024 0.017 0.044 0.008 0.005 0.062 0.005 0.023 0.007 
 69 QTo-W-0162    (0)    5 :  0.020 0.008 0.051 0.055 0.014 0.016 0.011 0.025 0.056 0.022 0.301 0.118 0.017 0.004 0.131 0.005 0.141 0.004 
 70 QTo-W-0163   (11)    5 :  0.199 0.053 0.011 0.018 0.015 0.041 0.013 0.025 0.205 0.147 0.084 0.043 0.029 0.024 0.075 0.006 0.005 0.006 
 71 QTo-W-0167   (11)    5 :  0.019 0.006 0.019 0.142 0.040 0.009 0.085 0.009 0.021 0.019 0.036 0.079 0.012 0.010 0.077 0.155 0.252 0.009 
 72 QTo-W-0170    (0)    5 :  0.008 0.008 0.018 0.116 0.009 0.008 0.080 0.007 0.025 0.035 0.076 0.234 0.017 0.006 0.276 0.029 0.034 0.014 
 73 QTo-W-0171   (22)    5 :  0.014 0.018 0.045 0.126 0.029 0.012 0.006 0.018 0.028 0.046 0.065 0.106 0.073 0.057 0.168 0.012 0.013 0.165 
 74 QTo-W-0172   (22)    5 :  0.006 0.009 0.099 0.046 0.041 0.036 0.087 0.009 0.021 0.026 0.329 0.067 0.026 0.008 0.098 0.009 0.073 0.010 
 75 QTo-W-0173   (11)    5 :  0.010 0.012 0.007 0.099 0.006 0.012 0.049 0.021 0.017 0.057 0.023 0.240 0.012 0.009 0.378 0.020 0.020 0.008 
 76 QTo-W-0174    (0)    5 :  0.041 0.012 0.007 0.020 0.009 0.010 0.033 0.031 0.015 0.318 0.025 0.064 0.022 0.011 0.112 0.012 0.250 0.008 
 77 QTo-W-0175    (0)    5 :  0.014 0.015 0.012 0.039 0.009 0.006 0.005 0.028 0.012 0.267 0.133 0.027 0.103 0.095 0.099 0.018 0.006 0.113 
 78 QTo-W-0182   (22)    5 :  0.018 0.010 0.006 0.011 0.006 0.004 0.005 0.006 0.007 0.012 0.016 0.018 0.016 0.009 0.015 0.615 0.009 0.218 
 79 QTo-W-0184    (0)    5 :  0.035 0.011 0.009 0.060 0.068 0.009 0.034 0.019 0.163 0.145 0.103 0.101 0.076 0.010 0.100 0.015 0.031 0.012 
 80 QTo-W-0188    (0)    5 :  0.005 0.008 0.080 0.062 0.005 0.009 0.207 0.008 0.015 0.077 0.049 0.146 0.011 0.016 0.261 0.022 0.013 0.008 
 81 QTo-W-0192   (11)    5 :  0.009 0.007 0.005 0.007 0.005 0.006 0.006 0.013 0.006 0.768 0.009 0.011 0.044 0.009 0.053 0.029 0.008 0.006 
 82 QTo-W-0193    (0)    5 :  0.006 0.006 0.004 0.006 0.005 0.005 0.005 0.011 0.005 0.787 0.015 0.010 0.045 0.019 0.054 0.006 0.006 0.006 
 83 QTo-W-0194    (0)    5 :  0.006 0.005 0.004 0.005 0.004 0.005 0.004 0.011 0.004 0.792 0.006 0.009 0.046 0.016 0.052 0.020 0.006 0.006 
 84 QTo-W-0196   (11)    5 :  0.028 0.043 0.015 0.016 0.005 0.023 0.016 0.056 0.008 0.223 0.015 0.202 0.016 0.009 0.298 0.008 0.012 0.007 
 85 QTo-W-0197    (0)    5 :  0.089 0.030 0.016 0.018 0.004 0.014 0.009 0.043 0.009 0.189 0.016 0.213 0.016 0.006 0.288 0.006 0.011 0.023 
 86 QTo-W-0200   (11)    6 :  0.004 0.013 0.005 0.663 0.011 0.003 0.004 0.004 0.035 0.005 0.014 0.198 0.008 0.004 0.007 0.004 0.006 0.012 
 87 QTo-W-0201   (22)    6 :  0.004 0.013 0.005 0.665 0.010 0.003 0.004 0.004 0.036 0.005 0.011 0.198 0.010 0.003 0.007 0.004 0.006 0.012 
 88 QTo-W-0205    (0)    7 :  0.003 0.003 0.005 0.004 0.003 0.005 0.936 0.003 0.004 0.004 0.004 0.004 0.003 0.003 0.005 0.004 0.004 0.003 
 89 QTo-W-0208    (0)    7 :  0.035 0.022 0.018 0.045 0.013 0.014 0.138 0.007 0.156 0.025 0.180 0.024 0.080 0.054 0.064 0.102 0.010 0.013 
 90 QTo-W-0211    (0)    7 :  0.004 0.005 0.123 0.047 0.006 0.004 0.200 0.005 0.020 0.053 0.194 0.078 0.014 0.008 0.214 0.006 0.013 0.004 
 91 QTo-W-0212   (11)    7 :  0.003 0.003 0.004 0.004 0.004 0.004 0.931 0.004 0.004 0.005 0.004 0.005 0.003 0.005 0.004 0.005 0.004 0.005 
 92 QTo-W-0213    (0)    7 :  0.003 0.003 0.005 0.005 0.003 0.003 0.921 0.003 0.006 0.004 0.005 0.008 0.004 0.004 0.010 0.005 0.004 0.004 
 93 QTo-W-0216   (11)    8 :  0.007 0.688 0.006 0.010 0.006 0.005 0.006 0.008 0.060 0.069 0.025 0.011 0.059 0.007 0.010 0.009 0.005 0.009 
 94 QTo-W-0220    (0)    8 :  0.005 0.659 0.006 0.008 0.006 0.004 0.005 0.006 0.072 0.065 0.033 0.010 0.062 0.010 0.010 0.026 0.005 0.008 
 95 QTo-W-0224   (11)    8 :  0.009 0.015 0.053 0.106 0.057 0.041 0.007 0.007 0.030 0.020 0.103 0.193 0.213 0.027 0.045 0.042 0.017 0.017 
 96 QTo-W-0225   (11)    8 :  0.008 0.006 0.004 0.010 0.005 0.004 0.018 0.004 0.850 0.008 0.010 0.014 0.008 0.018 0.013 0.007 0.005 0.008 
 97 QTo-W-0227   (11)    8 :  0.015 0.088 0.044 0.148 0.088 0.016 0.006 0.012 0.065 0.061 0.129 0.059 0.158 0.007 0.066 0.011 0.007 0.021 
 98 QTo-W-0229    (0)    8 :  0.041 0.006 0.003 0.015 0.004 0.005 0.004 0.005 0.857 0.005 0.009 0.010 0.010 0.007 0.008 0.003 0.003 0.003 
 99 QTo-W-0231    (0)    8 :  0.007 0.014 0.005 0.009 0.112 0.008 0.029 0.003 0.022 0.005 0.667 0.005 0.017 0.006 0.065 0.006 0.003 0.017 
100 QTo-W-0238   (22)    8 :  0.009 0.013 0.011 0.173 0.016 0.035 0.041 0.015 0.061 0.025 0.033 0.301 0.020 0.008 0.198 0.009 0.021 0.013 
101 QTo-W-0240    (0)    8 :  0.007 0.012 0.009 0.172 0.264 0.016 0.027 0.009 0.024 0.015 0.112 0.099 0.016 0.008 0.155 0.008 0.016 0.030 
102 QTo-W-0242    (0)    8 :  0.009 0.010 0.023 0.012 0.017 0.274 0.012 0.008 0.056 0.017 0.028 0.027 0.008 0.003 0.037 0.004 0.451 0.004 
103 QTo-W-0244    (0)    9 :  0.008 0.007 0.016 0.053 0.645 0.011 0.009 0.005 0.018 0.008 0.017 0.086 0.048 0.003 0.018 0.004 0.040 0.004 
104 QTo-W-0245   (11)    9 :  0.013 0.006 0.012 0.074 0.222 0.025 0.010 0.015 0.389 0.012 0.068 0.044 0.033 0.006 0.032 0.010 0.010 0.020 
105 QTo-W-0251    (0)    9 :  0.326 0.288 0.040 0.012 0.006 0.005 0.010 0.012 0.010 0.042 0.044 0.033 0.011 0.004 0.063 0.005 0.086 0.005 
106 QTo-W-0253    (0)    9 :  0.019 0.009 0.006 0.027 0.006 0.007 0.007 0.004 0.786 0.007 0.018 0.021 0.029 0.003 0.021 0.005 0.021 0.005 
107 QTo-W-0256   (11)    9 :  0.086 0.009 0.007 0.026 0.025 0.006 0.006 0.007 0.371 0.011 0.064 0.017 0.036 0.047 0.027 0.009 0.006 0.240 
108 QTo-W-0258    (0)    9 :  0.188 0.010 0.007 0.040 0.027 0.039 0.003 0.006 0.266 0.012 0.127 0.016 0.151 0.035 0.032 0.006 0.004 0.029 
109 QTo-W-0259    (0)    9 :  0.015 0.005 0.010 0.007 0.014 0.061 0.008 0.024 0.725 0.011 0.046 0.009 0.005 0.005 0.019 0.004 0.023 0.006 
110 QTo-W-0260   (22)    9 :  0.005 0.006 0.023 0.013 0.020 0.058 0.019 0.008 0.655 0.016 0.068 0.015 0.007 0.005 0.063 0.006 0.012 0.004 
111 QTo-W-0274   (11)   10 :  0.011 0.011 0.005 0.168 0.005 0.005 0.004 0.006 0.024 0.009 0.035 0.013 0.667 0.005 0.012 0.007 0.005 0.008 
112 QTo-W-0275    (0)   10 :  0.005 0.062 0.101 0.035 0.071 0.006 0.010 0.052 0.007 0.074 0.149 0.018 0.037 0.201 0.047 0.013 0.006 0.108 
113 QTo-W-0278    (0)   10 :  0.037 0.030 0.097 0.030 0.038 0.023 0.073 0.027 0.022 0.223 0.082 0.075 0.095 0.010 0.112 0.008 0.007 0.011 
114 QTo-W-0283   (11)   10 :  0.012 0.007 0.008 0.015 0.572 0.009 0.117 0.005 0.012 0.028 0.068 0.011 0.018 0.039 0.028 0.033 0.006 0.013 
115 QTo-W-0284    (0)   10 :  0.008 0.042 0.010 0.015 0.493 0.012 0.152 0.005 0.010 0.021 0.105 0.011 0.022 0.020 0.039 0.017 0.007 0.010 
116 QTo-W-0287   (22)   10 :  0.011 0.008 0.004 0.169 0.011 0.007 0.004 0.004 0.006 0.006 0.008 0.008 0.721 0.006 0.007 0.008 0.005 0.008 
117 QTo-W-0289   (22)   10 :  0.009 0.007 0.007 0.172 0.005 0.005 0.006 0.005 0.006 0.007 0.006 0.008 0.721 0.007 0.008 0.007 0.007 0.008 
118 QTo-W-0293    (0)   10 :  0.004 0.007 0.098 0.073 0.013 0.026 0.006 0.015 0.020 0.027 0.192 0.028 0.128 0.017 0.091 0.045 0.005 0.205 
119 QTo-W-0295   (11)   10 :  0.006 0.008 0.010 0.012 0.026 0.066 0.016 0.008 0.020 0.066 0.020 0.018 0.024 0.648 0.022 0.006 0.004 0.021 
120 QTo-W-0296   (11)   11 :  0.006 0.006 0.835 0.006 0.005 0.008 0.004 0.046 0.005 0.010 0.009 0.008 0.010 0.011 0.008 0.008 0.009 0.008 
121 QTo-W-0298    (0)   11 :  0.005 0.005 0.856 0.006 0.004 0.009 0.005 0.037 0.004 0.008 0.007 0.007 0.012 0.007 0.008 0.006 0.010 0.006 
122 QTo-W-0300   (11)   11 :  0.021 0.074 0.015 0.077 0.075 0.005 0.005 0.008 0.009 0.018 0.209 0.031 0.151 0.012 0.035 0.010 0.013 0.234 
123 QTo-W-0302    (0)   12 :  0.039 0.071 0.006 0.016 0.009 0.008 0.591 0.022 0.036 0.031 0.041 0.033 0.016 0.006 0.042 0.015 0.010 0.007 
124 QTo-W-0305    (0)   13 :  0.006 0.020 0.019 0.152 0.008 0.013 0.005 0.004 0.006 0.008 0.020 0.033 0.672 0.005 0.007 0.007 0.005 0.009 
125 QTo-W-0308   (11)   13 :  0.007 0.031 0.027 0.150 0.006 0.008 0.007 0.005 0.008 0.009 0.018 0.047 0.633 0.007 0.010 0.008 0.007 0.011 
126 QTo-W-0309   (11)   13 :  0.004 0.007 0.017 0.067 0.006 0.004 0.133 0.010 0.009 0.156 0.026 0.226 0.041 0.088 0.084 0.023 0.016 0.082 
127 QTo-W-0311    (0)   14 :  0.004 0.006 0.006 0.241 0.034 0.010 0.040 0.005 0.051 0.013 0.031 0.224 0.015 0.013 0.207 0.008 0.007 0.086 
128 QTo-W-0312    (0)   15 :  0.007 0.004 0.839 0.052 0.004 0.003 0.004 0.003 0.004 0.004 0.006 0.006 0.005 0.003 0.005 0.003 0.041 0.005 
129 QTo-W-0315   (11)   15 :  0.003 0.004 0.867 0.057 0.005 0.003 0.005 0.004 0.005 0.004 0.006 0.007 0.005 0.004 0.005 0.004 0.006 0.005 
130 QTo-W-0318    (0)   16 :  0.004 0.013 0.012 0.241 0.007 0.009 0.034 0.006 0.014 0.028 0.015 0.365 0.166 0.016 0.025 0.007 0.030 0.009 
131 QTo-W-0322   (11)   16 :  0.005 0.020 0.010 0.272 0.008 0.008 0.017 0.005 0.018 0.019 0.017 0.374 0.146 0.010 0.024 0.008 0.030 0.010 
132 QTo-W-0326   (22)   16 :  0.007 0.015 0.009 0.132 0.011 0.006 0.026 0.009 0.020 0.063 0.022 0.300 0.056 0.024 0.054 0.059 0.043 0.145 
133 QTo-W-0327   (11)   16 :  0.019 0.011 0.007 0.117 0.008 0.005 0.030 0.017 0.050 0.098 0.039 0.327 0.067 0.040 0.051 0.028 0.017 0.069 
134 QTo-W-0328    (0)   17 :  0.006 0.787 0.004 0.007 0.004 0.004 0.003 0.133 0.004 0.006 0.007 0.006 0.006 0.004 0.006 0.004 0.004 0.004 
135 QTo-W-0329    (0)   17 :  0.006 0.922 0.004 0.006 0.004 0.004 0.003 0.006 0.004 0.005 0.005 0.006 0.005 0.004 0.006 0.004 0.004 0.004 
136 QTo-W-0330   (11)   17 :  0.009 0.896 0.004 0.008 0.005 0.005 0.003 0.008 0.005 0.007 0.007 0.008 0.008 0.006 0.007 0.005 0.005 0.005 


Estimated Allele Frequencies in each cluster
First column gives estimated ancestral frequencies


Locus 1 : 
4 alleles
0.7% missing data
 149   (0.842) 0.993 0.974 0.615 0.939 0.911 0.963 0.205 0.991 0.443 0.968 0.842 0.972 0.967 0.993 0.940 0.983 0.994 0.978 
 147   (0.065) 0.003 0.011 0.367 0.033 0.014 0.024 0.235 0.004 0.094 0.012 0.065 0.010 0.013 0.003 0.021 0.007 0.003 0.007 
 155   (0.056) 0.002 0.010 0.013 0.016 0.064 0.006 0.558 0.003 0.016 0.013 0.056 0.011 0.011 0.002 0.026 0.006 0.002 0.006 
 161   (0.037) 0.002 0.006 0.006 0.012 0.011 0.007 0.003 0.002 0.446 0.007 0.037 0.007 0.009 0.002 0.013 0.004 0.001 0.008 

Locus 2 : 
6 alleles
12.5% missing data
 179   (0.361) 0.964 0.879 0.072 0.273 0.069 0.704 0.030 0.950 0.401 0.766 0.360 0.383 0.409 0.062 0.568 0.044 0.231 0.057 
 176   (0.153) 0.007 0.028 0.032 0.107 0.060 0.194 0.928 0.012 0.072 0.053 0.153 0.095 0.054 0.154 0.144 0.889 0.012 0.034 
 173   (0.246) 0.017 0.048 0.058 0.247 0.767 0.054 0.019 0.020 0.257 0.115 0.247 0.126 0.148 0.753 0.160 0.038 0.015 0.870 
 164   (0.028) 0.001 0.005 0.005 0.010 0.006 0.005 0.002 0.002 0.012 0.007 0.028 0.007 0.008 0.022 0.009 0.005 0.001 0.005 
 182   (0.153) 0.008 0.031 0.825 0.309 0.082 0.033 0.016 0.012 0.071 0.036 0.153 0.359 0.284 0.007 0.091 0.017 0.738 0.026 
 170   (0.060) 0.003 0.010 0.008 0.054 0.016 0.010 0.006 0.005 0.186 0.023 0.059 0.031 0.097 0.003 0.028 0.006 0.003 0.007 

Locus 3 : 
17 alleles
0.0% missing data
 220   (0.160) 0.008 0.147 0.053 0.107 0.358 0.029 0.519 0.017 0.103 0.162 0.160 0.150 0.202 0.091 0.105 0.403 0.009 0.448 
 222   (0.185) 0.224 0.298 0.240 0.198 0.081 0.547 0.021 0.145 0.279 0.108 0.185 0.234 0.192 0.018 0.287 0.023 0.012 0.056 
 218   (0.172) 0.171 0.431 0.030 0.175 0.081 0.022 0.020 0.019 0.120 0.345 0.172 0.231 0.277 0.681 0.128 0.396 0.008 0.380 
 226   (0.056) 0.562 0.012 0.011 0.019 0.010 0.017 0.006 0.005 0.101 0.024 0.056 0.015 0.017 0.005 0.024 0.128 0.937 0.009 
 258   (0.066) 0.009 0.016 0.272 0.053 0.014 0.009 0.019 0.006 0.024 0.050 0.066 0.050 0.041 0.005 0.097 0.010 0.003 0.047 
 224   (0.050) 0.002 0.009 0.184 0.159 0.384 0.006 0.006 0.004 0.028 0.011 0.050 0.058 0.011 0.002 0.017 0.009 0.011 0.009 
 228   (0.073) 0.015 0.041 0.029 0.062 0.012 0.010 0.388 0.017 0.027 0.089 0.073 0.174 0.021 0.006 0.247 0.009 0.009 0.016 
 256   (0.018) 0.001 0.003 0.002 0.003 0.002 0.002 0.001 0.001 0.005 0.004 0.018 0.003 0.004 0.182 0.005 0.002 0.001 0.002 
 264   (0.020) 0.001 0.003 0.003 0.004 0.003 0.322 0.001 0.001 0.005 0.004 0.020 0.003 0.004 0.001 0.005 0.002 0.001 0.002 
 230   (0.030) 0.001 0.005 0.141 0.006 0.004 0.003 0.002 0.772 0.008 0.006 0.030 0.004 0.006 0.001 0.008 0.003 0.001 0.003 
 260   (0.039) 0.002 0.007 0.008 0.020 0.026 0.006 0.004 0.004 0.016 0.009 0.039 0.016 0.009 0.002 0.024 0.004 0.003 0.006 
 262   (0.020) 0.001 0.004 0.009 0.006 0.005 0.005 0.004 0.001 0.007 0.005 0.020 0.005 0.005 0.001 0.008 0.002 0.001 0.003 
 234   (0.018) 0.001 0.003 0.002 0.003 0.003 0.002 0.001 0.001 0.005 0.165 0.018 0.003 0.013 0.001 0.013 0.002 0.001 0.002 
 232   (0.025) 0.001 0.008 0.005 0.129 0.006 0.003 0.002 0.002 0.013 0.006 0.025 0.046 0.011 0.001 0.008 0.003 0.001 0.004 
 250   (0.022) 0.001 0.003 0.003 0.004 0.003 0.003 0.001 0.001 0.166 0.004 0.022 0.003 0.004 0.001 0.006 0.002 0.001 0.002 
 216   (0.020) 0.001 0.003 0.004 0.005 0.004 0.011 0.002 0.001 0.085 0.004 0.020 0.003 0.004 0.001 0.009 0.002 0.001 0.002 
 266   (0.026) 0.001 0.007 0.004 0.047 0.005 0.003 0.002 0.002 0.007 0.005 0.026 0.004 0.180 0.001 0.008 0.003 0.001 0.009 

Locus 4 : 
2 alleles
1.5% missing data
 137   (0.976) 0.999 0.890 0.997 0.996 0.997 0.998 0.998 0.999 0.988 0.989 0.977 0.997 0.989 0.999 0.994 0.998 0.999 0.997 
 139   (0.024) 0.001 0.110 0.003 0.004 0.003 0.002 0.002 0.001 0.012 0.011 0.023 0.003 0.011 0.001 0.006 0.002 0.001 0.003 

Locus 5 : 
17 alleles
11.8% missing data
 187   (0.313) 0.019 0.062 0.062 0.670 0.239 0.066 0.873 0.189 0.540 0.480 0.314 0.740 0.215 0.015 0.559 0.056 0.742 0.088 
 243   (0.039) 0.004 0.007 0.005 0.009 0.007 0.004 0.003 0.003 0.011 0.128 0.039 0.007 0.017 0.002 0.017 0.605 0.002 0.012 
 203   (0.078) 0.380 0.015 0.011 0.024 0.014 0.008 0.007 0.006 0.241 0.021 0.078 0.017 0.037 0.935 0.031 0.013 0.006 0.020 
 201   (0.098) 0.424 0.025 0.015 0.036 0.026 0.011 0.008 0.016 0.039 0.059 0.098 0.112 0.057 0.004 0.155 0.038 0.034 0.694 
 197   (0.068) 0.144 0.019 0.011 0.069 0.634 0.008 0.005 0.005 0.022 0.019 0.068 0.017 0.223 0.003 0.023 0.008 0.003 0.011 
 195   (0.060) 0.004 0.011 0.009 0.060 0.011 0.866 0.052 0.004 0.026 0.013 0.060 0.011 0.260 0.006 0.018 0.068 0.005 0.010 
 247   (0.024) 0.001 0.004 0.003 0.005 0.004 0.002 0.002 0.002 0.007 0.005 0.024 0.003 0.007 0.001 0.007 0.156 0.001 0.005 
 235   (0.035) 0.006 0.009 0.005 0.018 0.006 0.004 0.003 0.003 0.016 0.012 0.035 0.019 0.014 0.002 0.032 0.005 0.004 0.008 
 249   (0.028) 0.001 0.004 0.003 0.006 0.004 0.003 0.002 0.002 0.007 0.005 0.028 0.004 0.007 0.001 0.007 0.003 0.189 0.004 
 199   (0.059) 0.006 0.035 0.832 0.039 0.013 0.007 0.013 0.008 0.018 0.086 0.059 0.033 0.033 0.005 0.064 0.009 0.004 0.016 
 245   (0.028) 0.001 0.006 0.004 0.015 0.006 0.003 0.002 0.006 0.009 0.064 0.028 0.006 0.040 0.018 0.023 0.015 0.001 0.070 
 219   (0.040) 0.002 0.097 0.008 0.010 0.009 0.004 0.003 0.717 0.011 0.010 0.040 0.006 0.012 0.003 0.013 0.005 0.002 0.009 
 217   (0.033) 0.002 0.443 0.005 0.007 0.006 0.003 0.002 0.032 0.009 0.007 0.033 0.006 0.009 0.001 0.010 0.004 0.002 0.005 
 229   (0.020) 0.001 0.004 0.003 0.005 0.003 0.002 0.002 0.002 0.006 0.053 0.020 0.003 0.008 0.001 0.010 0.003 0.001 0.003 
 215   (0.031) 0.002 0.252 0.004 0.007 0.005 0.004 0.018 0.003 0.024 0.027 0.031 0.006 0.027 0.001 0.010 0.004 0.002 0.004 
 205   (0.019) 0.001 0.004 0.003 0.004 0.007 0.002 0.002 0.001 0.006 0.004 0.020 0.003 0.005 0.001 0.007 0.002 0.001 0.003 
 227   (0.025) 0.001 0.005 0.016 0.015 0.005 0.004 0.002 0.002 0.008 0.008 0.025 0.007 0.028 0.001 0.013 0.006 0.001 0.038 

Locus 6 : 
25 alleles
30.9% missing data
 214   (0.061) 0.005 0.077 0.019 0.023 0.032 0.012 0.007 0.009 0.026 0.025 0.062 0.026 0.033 0.119 0.025 0.340 0.004 0.013 
 222   (0.074) 0.029 0.020 0.019 0.069 0.125 0.012 0.008 0.012 0.028 0.022 0.074 0.069 0.022 0.074 0.105 0.464 0.005 0.421 
 206   (0.064) 0.008 0.022 0.054 0.033 0.018 0.013 0.030 0.016 0.031 0.273 0.064 0.047 0.034 0.372 0.100 0.012 0.008 0.020 
 218   (0.071) 0.010 0.021 0.031 0.069 0.020 0.029 0.074 0.138 0.030 0.288 0.071 0.201 0.085 0.379 0.064 0.019 0.005 0.055 
 216   (0.064) 0.408 0.026 0.019 0.029 0.016 0.013 0.032 0.128 0.326 0.030 0.064 0.053 0.025 0.004 0.037 0.010 0.006 0.013 
 208   (0.035) 0.207 0.009 0.008 0.016 0.137 0.006 0.004 0.005 0.040 0.015 0.035 0.014 0.013 0.002 0.016 0.006 0.002 0.007 
 238   (0.035) 0.169 0.015 0.102 0.016 0.008 0.006 0.003 0.006 0.012 0.010 0.035 0.015 0.009 0.002 0.024 0.005 0.547 0.006 
 204   (0.016) 0.001 0.004 0.003 0.005 0.405 0.002 0.002 0.002 0.005 0.003 0.016 0.003 0.003 0.001 0.005 0.002 0.001 0.002 
 234   (0.044) 0.009 0.012 0.016 0.032 0.011 0.007 0.140 0.008 0.077 0.020 0.045 0.058 0.014 0.003 0.086 0.007 0.003 0.008 
 242   (0.043) 0.005 0.011 0.010 0.195 0.011 0.006 0.005 0.007 0.075 0.014 0.043 0.094 0.011 0.002 0.048 0.006 0.003 0.010 
 210   (0.145) 0.048 0.052 0.613 0.170 0.078 0.486 0.650 0.134 0.064 0.154 0.145 0.217 0.445 0.010 0.271 0.062 0.393 0.040 
 246   (0.028) 0.005 0.013 0.007 0.011 0.011 0.006 0.004 0.008 0.011 0.020 0.028 0.017 0.011 0.011 0.025 0.005 0.002 0.005 
 258   (0.027) 0.029 0.008 0.009 0.030 0.006 0.005 0.004 0.005 0.011 0.012 0.027 0.052 0.008 0.001 0.068 0.006 0.002 0.006 
 240   (0.021) 0.035 0.006 0.005 0.007 0.008 0.004 0.002 0.003 0.008 0.005 0.021 0.006 0.006 0.001 0.009 0.004 0.001 0.006 
 256   (0.017) 0.001 0.004 0.004 0.004 0.003 0.002 0.002 0.002 0.005 0.004 0.017 0.003 0.004 0.001 0.005 0.002 0.001 0.216 
 254   (0.019) 0.002 0.005 0.005 0.005 0.005 0.003 0.002 0.002 0.006 0.005 0.019 0.004 0.005 0.001 0.007 0.003 0.001 0.091 
 236   (0.047) 0.004 0.012 0.020 0.024 0.021 0.360 0.005 0.488 0.084 0.022 0.047 0.016 0.027 0.004 0.027 0.013 0.003 0.037 
 248   (0.025) 0.002 0.006 0.012 0.176 0.006 0.004 0.002 0.003 0.012 0.015 0.025 0.058 0.008 0.003 0.010 0.003 0.002 0.007 
 252   (0.019) 0.002 0.006 0.005 0.007 0.004 0.003 0.002 0.004 0.006 0.022 0.019 0.005 0.012 0.002 0.012 0.003 0.001 0.010 
 224   (0.029) 0.004 0.074 0.008 0.011 0.007 0.004 0.007 0.004 0.086 0.012 0.029 0.008 0.018 0.002 0.012 0.009 0.002 0.005 
 230   (0.031) 0.004 0.326 0.008 0.008 0.011 0.004 0.003 0.005 0.010 0.008 0.032 0.007 0.008 0.001 0.012 0.004 0.002 0.005 
 228   (0.022) 0.008 0.006 0.005 0.007 0.007 0.006 0.002 0.003 0.024 0.006 0.022 0.005 0.016 0.001 0.009 0.003 0.001 0.006 
 266   (0.020) 0.002 0.005 0.004 0.018 0.004 0.003 0.002 0.002 0.008 0.005 0.020 0.005 0.056 0.001 0.006 0.003 0.001 0.003 
 212   (0.022) 0.002 0.255 0.005 0.006 0.041 0.003 0.006 0.003 0.007 0.005 0.022 0.004 0.006 0.001 0.008 0.004 0.001 0.004 
 232   (0.021) 0.002 0.007 0.007 0.029 0.004 0.003 0.002 0.002 0.006 0.005 0.021 0.011 0.120 0.001 0.008 0.003 0.001 0.003 

Locus 7 : 
7 alleles
1.5% missing data
 108   (0.640) 0.415 0.260 0.935 0.490 0.432 0.957 0.966 0.975 0.558 0.904 0.639 0.776 0.290 0.981 0.866 0.768 0.976 0.914 
 116   (0.036) 0.002 0.006 0.009 0.011 0.005 0.005 0.003 0.002 0.010 0.007 0.036 0.007 0.013 0.002 0.012 0.198 0.001 0.021 
 110   (0.145) 0.576 0.047 0.028 0.153 0.208 0.020 0.018 0.011 0.265 0.049 0.146 0.048 0.535 0.008 0.066 0.017 0.015 0.025 
 114   (0.069) 0.003 0.284 0.012 0.146 0.334 0.007 0.005 0.006 0.022 0.014 0.069 0.054 0.019 0.004 0.025 0.007 0.003 0.023 
 112   (0.063) 0.003 0.395 0.010 0.191 0.011 0.006 0.004 0.004 0.026 0.018 0.063 0.109 0.133 0.003 0.018 0.006 0.003 0.012 
 104   (0.024) 0.001 0.004 0.003 0.005 0.003 0.002 0.002 0.001 0.113 0.004 0.024 0.003 0.005 0.001 0.006 0.002 0.001 0.003 
 118   (0.023) 0.001 0.004 0.003 0.005 0.007 0.002 0.002 0.001 0.007 0.004 0.023 0.003 0.005 0.001 0.007 0.002 0.001 0.003 

Locus 8 : 
5 alleles
2.2% missing data
 160   (0.171) 0.007 0.037 0.435 0.066 0.071 0.022 0.233 0.042 0.053 0.285 0.170 0.043 0.160 0.542 0.080 0.350 0.060 0.371 
 162   (0.627) 0.982 0.800 0.309 0.848 0.428 0.101 0.737 0.914 0.611 0.623 0.627 0.864 0.764 0.449 0.770 0.628 0.921 0.603 
 164   (0.080) 0.003 0.015 0.017 0.025 0.476 0.823 0.009 0.011 0.121 0.020 0.081 0.021 0.026 0.004 0.034 0.009 0.005 0.010 
 166   (0.023) 0.001 0.004 0.006 0.007 0.004 0.003 0.002 0.004 0.010 0.005 0.023 0.008 0.005 0.001 0.012 0.002 0.003 0.003 
 158   (0.099) 0.007 0.144 0.233 0.054 0.021 0.051 0.019 0.028 0.205 0.068 0.099 0.064 0.044 0.004 0.105 0.010 0.011 0.013 

Locus 9 : 
4 alleles
0.0% missing data
 229   (0.513) 0.938 0.534 0.297 0.219 0.594 0.498 0.184 0.965 0.402 0.823 0.514 0.365 0.206 0.507 0.622 0.376 0.614 0.126 
 226   (0.348) 0.055 0.438 0.672 0.684 0.079 0.045 0.057 0.026 0.371 0.133 0.347 0.522 0.745 0.482 0.298 0.609 0.378 0.855 
 223   (0.118) 0.006 0.025 0.020 0.090 0.323 0.455 0.748 0.008 0.220 0.038 0.118 0.108 0.044 0.010 0.065 0.012 0.007 0.016 
 232   (0.021) 0.001 0.004 0.011 0.006 0.003 0.002 0.011 0.001 0.007 0.006 0.021 0.006 0.005 0.001 0.014 0.002 0.001 0.002 

Values of parameters used in structure:
DATAFILE=C:\Users\eschumacher\Documents\GitHub\Ten_Oaks\Data_Files\QUTO_wild\project_data,	OUTFILE=C:\Users\eschumacher\Documents\GitHub\Ten_Oaks\Data_Files\QUTO_wild\50-50\Results\50-50_run_87,	NUMINDS=136,	NUMLOCI=9,	MISSING=-9,	LABEL=1,	POPDATA=1,	POPFLAG=0,	PHENOTYPE=0,	EXTRACOLS=0,	MAXPOPS=18,	BURNIN=50000,	NUMREPS=50000,	USEPOPINFO=0,	INFERALPHA=1,	INFERLAMBDA=0,	POPSPECIFICLAMBDA=0,	POPALPHAS=0,	COMPUTEPROB=1,	NOADMIX=0,	ADMBURNIN=2500,	UPDATEFREQ=1,	PRINTLIKES=0,	INTERMEDSAVE=0,	PRINTKLD=0,	PRINTNET=0,	PRINTLAMBDA=0,	ANCESTDIST=0,	NUMBOXES=1000,	ANCESTPINT=0.90000,	GENSBACK=2,	MIGRPRIOR=0.05000,	PRINTQHAT=0,	PRINTQSUM=0,	ALPHA=1.0000,	FREQSCORR=1,	FPRIORMEAN=0.0100,	FPRIORSD=0.0500,	ONEFST=0,	LAMBDA=1.0000,	UNIFPRIORALPHA=1,	ALPHAMAX=10.0000,	ALPHAPRIORA=1.0000,	ALPHAPRIORB=2.0000,	ALPHAPROPSD=0.0250,	STARTATPOPINFO=0,	RANDOMIZE=1,	LINKAGE=0,	METROFREQ=10,	REPORTHITRATE=0,	MARKOVPHASE=-1,	PHASED=0,	PLOIDY=2,	PHASEINFO=0	LOCPRIOR=0, 	LOCPRIORINIT=1.000000, 	LOCDATA=0, 	LOCISPOP=0, 	LOCPRIORSTEP=0.100000, 	MAXLOCPRIOR=20.000000, 	SEED=1689805224,	
[STRAT parameters]:    NUMSIMSTATS=1000,	PHENOTYPECOL=-9,	POOLFREQ=10,	LOCUSxONLY=0,	EMERROR=0.00100,	MISSINGPHENO=-9,	