

----------------------------------------------------
STRUCTURE by Pritchard, Stephens and Donnelly (2000)
     and Falush, Stephens and Pritchard (2003)
       Code by Pritchard, Falush and Hubisz
             Version 2.3.4 (Jul 2012)
----------------------------------------------------



Command line arguments:   bin\structure -m C:\Users\eschumacher\Documents\GitHub\Ten_Oaks\Data_Files\QUTO_wild\50-50\mainparams -e C:\Users\eschumacher\Documents\GitHub\Ten_Oaks\Data_Files\QUTO_wild\50-50\extraparams 
Input File:    C:\Users\eschumacher\Documents\GitHub\Ten_Oaks\Data_Files\QUTO_wild\project_data

Run parameters:
   136 individuals
   9 loci
   20 populations assumed
   50000 Burn-in period
   50000 Reps


--------------------------------------------
Proportion of membership of each pre-defined
 population in each of the 20 clusters

Given    Inferred Clusters                                                                                                                              Number of
 Pop       1      2      3      4      5      6      7      8      9     10     11     12     13     14     15     16     17     18     19     20      Individuals

  1:     0.015  0.056  0.010  0.010  0.066  0.014  0.016  0.323  0.013  0.039  0.010  0.030  0.015  0.214  0.018  0.071  0.014  0.017  0.027  0.021        1
  2:     0.004  0.005  0.425  0.006  0.007  0.005  0.010  0.008  0.005  0.007  0.005  0.011  0.006  0.008  0.007  0.007  0.458  0.006  0.006  0.004        4
  3:     0.006  0.012  0.008  0.016  0.051  0.012  0.024  0.019  0.015  0.025  0.005  0.017  0.700  0.025  0.018  0.019  0.007  0.007  0.010  0.004        4
  4:     0.007  0.015  0.005  0.005  0.062  0.008  0.010  0.032  0.008  0.042  0.536  0.015  0.025  0.077  0.007  0.090  0.007  0.013  0.029  0.007        5
  5:     0.051  0.063  0.134  0.012  0.047  0.017  0.058  0.062  0.010  0.037  0.010  0.029  0.119  0.058  0.120  0.048  0.061  0.017  0.021  0.023       71
  6:     0.003  0.004  0.003  0.006  0.006  0.005  0.005  0.004  0.012  0.005  0.009  0.006  0.004  0.005  0.005  0.006  0.004  0.899  0.006  0.004        2
  7:     0.006  0.005  0.015  0.023  0.044  0.027  0.007  0.014  0.004  0.049  0.005  0.045  0.010  0.041  0.007  0.039  0.021  0.008  0.028  0.602        5
  8:     0.037  0.007  0.009  0.055  0.089  0.023  0.013  0.045  0.016  0.062  0.051  0.128  0.012  0.055  0.053  0.098  0.010  0.043  0.179  0.015       10
  9:     0.018  0.009  0.014  0.043  0.103  0.021  0.035  0.013  0.045  0.044  0.104  0.047  0.076  0.025  0.023  0.028  0.006  0.028  0.310  0.009        8
 10:     0.017  0.014  0.108  0.300  0.035  0.036  0.043  0.041  0.022  0.053  0.116  0.047  0.011  0.038  0.006  0.020  0.015  0.017  0.015  0.046        9
 11:     0.008  0.036  0.011  0.063  0.013  0.457  0.076  0.013  0.029  0.124  0.027  0.046  0.010  0.017  0.011  0.012  0.008  0.028  0.006  0.004        3
 12:     0.010  0.018  0.006  0.016  0.032  0.009  0.007  0.043  0.007  0.035  0.008  0.058  0.035  0.048  0.011  0.065  0.016  0.009  0.026  0.540        1
 13:     0.008  0.006  0.028  0.503  0.035  0.026  0.031  0.041  0.017  0.024  0.007  0.031  0.006  0.032  0.009  0.078  0.014  0.039  0.021  0.046        3
 14:     0.009  0.006  0.013  0.007  0.130  0.015  0.073  0.008  0.006  0.048  0.042  0.046  0.004  0.082  0.008  0.166  0.010  0.196  0.092  0.040        1
 15:     0.003  0.004  0.003  0.005  0.006  0.742  0.005  0.004  0.004  0.154  0.005  0.006  0.005  0.005  0.022  0.006  0.004  0.008  0.005  0.004        2
 16:     0.007  0.008  0.019  0.073  0.059  0.017  0.055  0.037  0.014  0.022  0.007  0.023  0.008  0.031  0.027  0.243  0.023  0.240  0.064  0.024        4
 17:     0.004  0.042  0.004  0.006  0.005  0.004  0.004  0.005  0.874  0.005  0.004  0.005  0.006  0.005  0.004  0.005  0.004  0.006  0.004  0.003        3
--------------------------------------------

Allele-freq. divergence among pops (Net nucleotide distance),
computed using point estimates of P.

      1       2       3       4       5       6       7       8       9      10      11      12      13      14      15      16      17      18      19      20      
 1      -    0.2444  0.3091  0.2344  0.1589  0.2346  0.3030  0.1677  0.2683  0.1482  0.2268  0.1491  0.2735  0.1542  0.3014  0.1800  0.2758  0.2803  0.1878  0.3185  
 2   0.2444     -    0.3047  0.2743  0.1399  0.2721  0.3109  0.1181  0.2044  0.1460  0.2886  0.1432  0.1785  0.1182  0.2530  0.1552  0.2885  0.2587  0.1895  0.3894  
 3   0.3091  0.3047     -    0.2337  0.1439  0.2158  0.1335  0.1512  0.2725  0.1339  0.2136  0.1306  0.2663  0.1522  0.2913  0.1643  0.1808  0.2139  0.1732  0.3650  
 4   0.2344  0.2743  0.2337     -    0.0912  0.1471  0.1648  0.1531  0.1422  0.0809  0.1889  0.0763  0.1735  0.1169  0.2088  0.0963  0.1761  0.0990  0.1100  0.3066  
 5   0.1589  0.1399  0.1439  0.0912     -    0.1077  0.1123  0.0369  0.1152  0.0098  0.1239  0.0087  0.1143  0.0128  0.1133  0.0108  0.1198  0.0598  0.0224  0.1877  
 6   0.2346  0.2721  0.2158  0.1471  0.1077     -    0.1768  0.1539  0.2479  0.0613  0.2251  0.0971  0.2860  0.1225  0.1710  0.1082  0.1915  0.1508  0.1317  0.2573  
 7   0.3030  0.3109  0.1335  0.1648  0.1123  0.1768     -    0.1689  0.2475  0.1047  0.1780  0.1002  0.2805  0.1394  0.2568  0.1260  0.1394  0.1484  0.1527  0.3257  
 8   0.1677  0.1181  0.1512  0.1531  0.0369  0.1539  0.1689     -    0.1306  0.0396  0.1741  0.0359  0.1191  0.0095  0.1563  0.0400  0.1548  0.1350  0.0837  0.2497  
 9   0.2683  0.2044  0.2725  0.1422  0.1152  0.2479  0.2475  0.1306     -    0.1200  0.2315  0.1027  0.1518  0.1159  0.2680  0.1292  0.2330  0.1517  0.1474  0.3972  
10   0.1482  0.1460  0.1339  0.0809  0.0098  0.0613  0.1047  0.0396  0.1200     -    0.1191  0.0074  0.1278  0.0173  0.1158  0.0191  0.1123  0.0716  0.0397  0.1925  
11   0.2268  0.2886  0.2136  0.1889  0.1239  0.2251  0.1780  0.1741  0.2315  0.1191     -    0.1086  0.2386  0.1514  0.2729  0.1601  0.2246  0.1672  0.1449  0.3056  
12   0.1491  0.1432  0.1306  0.0763  0.0087  0.0971  0.1002  0.0359  0.1027  0.0074  0.1086     -    0.1158  0.0166  0.1338  0.0207  0.1026  0.0688  0.0357  0.2049  
13   0.2735  0.1785  0.2663  0.1735  0.1143  0.2860  0.2805  0.1191  0.1518  0.1278  0.2386  0.1158     -    0.1133  0.2006  0.1504  0.2670  0.2293  0.1377  0.4162  
14   0.1542  0.1182  0.1522  0.1169  0.0128  0.1225  0.1394  0.0095  0.1159  0.0173  0.1514  0.0166  0.1133     -    0.1260  0.0148  0.1316  0.0934  0.0547  0.2071  
15   0.3014  0.2530  0.2913  0.2088  0.1133  0.1710  0.2568  0.1563  0.2680  0.1158  0.2729  0.1338  0.2006  0.1260     -    0.1017  0.2415  0.1456  0.1562  0.2952  
16   0.1800  0.1552  0.1643  0.0963  0.0108  0.1082  0.1260  0.0400  0.1292  0.0191  0.1601  0.0207  0.1504  0.0148  0.1017     -    0.1292  0.0530  0.0471  0.1868  
17   0.2758  0.2885  0.1808  0.1761  0.1198  0.1915  0.1394  0.1548  0.2330  0.1123  0.2246  0.1026  0.2670  0.1316  0.2415  0.1292     -    0.1698  0.1645  0.2407  
18   0.2803  0.2587  0.2139  0.0990  0.0598  0.1508  0.1484  0.1350  0.1517  0.0716  0.1672  0.0688  0.2293  0.0934  0.1456  0.0530  0.1698     -    0.0790  0.2438  
19   0.1878  0.1895  0.1732  0.1100  0.0224  0.1317  0.1527  0.0837  0.1474  0.0397  0.1449  0.0357  0.1377  0.0547  0.1562  0.0471  0.1645  0.0790     -    0.1896  
20   0.3185  0.3894  0.3650  0.3066  0.1877  0.2573  0.3257  0.2497  0.3972  0.1925  0.3056  0.2049  0.4162  0.2071  0.2952  0.1868  0.2407  0.2438  0.1896     -    

Average distances (expected heterozygosity) between individuals in same cluster:
cluster  1  : 0.3206 
cluster  2  : 0.1931 
cluster  3  : 0.3029 
cluster  4  : 0.4704 
cluster  5  : 0.5564 
cluster  6  : 0.4778 
cluster  7  : 0.3553 
cluster  8  : 0.4347 
cluster  9  : 0.3851 
cluster 10  : 0.5832 
cluster 11  : 0.4633 
cluster 12  : 0.6044 
cluster 13  : 0.2965 
cluster 14  : 0.4839 
cluster 15  : 0.2389 
cluster 16  : 0.4761 
cluster 17  : 0.3876 
cluster 18  : 0.4585 
cluster 19  : 0.6034 
cluster 20  : 0.3102 

--------------------------------------------
Estimated Ln Prob of Data   = -2221.1
Mean value of ln likelihood = -1762.4
Variance of ln likelihood   = 917.3
Mean value of alpha         = 0.0355

Mean value of Fst_1         = 0.5606
Mean value of Fst_2         = 0.6791
Mean value of Fst_3         = 0.5209
Mean value of Fst_4         = 0.3293
Mean value of Fst_5         = 0.2406
Mean value of Fst_6         = 0.3926
Mean value of Fst_7         = 0.4615
Mean value of Fst_8         = 0.3630
Mean value of Fst_9         = 0.4715
Mean value of Fst_10         = 0.2003
Mean value of Fst_11         = 0.3944
Mean value of Fst_12         = 0.1070
Mean value of Fst_13         = 0.5178
Mean value of Fst_14         = 0.3133
Mean value of Fst_15         = 0.5945
Mean value of Fst_16         = 0.3542
Mean value of Fst_17         = 0.4579
Mean value of Fst_18         = 0.3622
Mean value of Fst_19         = 0.2134
Mean value of Fst_20         = 0.5857


Inferred ancestry of individuals:
        Label (%Miss) Pop:  Inferred clusters
  1 QTo-W-0007   (11)    1 :  0.015 0.056 0.010 0.010 0.066 0.014 0.016 0.323 0.013 0.039 0.010 0.030 0.015 0.214 0.018 0.071 0.014 0.017 0.027 0.021 
  2 QTo-W-0009    (0)    2 :  0.004 0.004 0.007 0.004 0.005 0.004 0.009 0.005 0.004 0.005 0.004 0.005 0.012 0.005 0.016 0.004 0.891 0.004 0.004 0.004 
  3 QTo-W-0010    (0)    2 :  0.004 0.005 0.777 0.010 0.013 0.007 0.017 0.014 0.007 0.015 0.010 0.029 0.005 0.013 0.005 0.012 0.034 0.009 0.010 0.006 
  4 QTo-W-0011    (0)    2 :  0.004 0.005 0.008 0.004 0.005 0.005 0.008 0.007 0.004 0.005 0.004 0.006 0.004 0.006 0.004 0.005 0.902 0.004 0.004 0.005 
  5 QTo-W-0012   (22)    2 :  0.003 0.004 0.907 0.005 0.005 0.004 0.008 0.006 0.005 0.005 0.005 0.004 0.005 0.006 0.004 0.005 0.005 0.005 0.005 0.003 
  6 QTo-W-0020   (22)    3 :  0.003 0.005 0.006 0.005 0.004 0.003 0.004 0.004 0.004 0.004 0.004 0.004 0.921 0.004 0.006 0.004 0.004 0.004 0.005 0.003 
  7 QTo-W-0021   (22)    3 :  0.011 0.022 0.006 0.010 0.060 0.007 0.006 0.015 0.014 0.011 0.006 0.012 0.744 0.018 0.017 0.014 0.006 0.006 0.011 0.005 
  8 QTo-W-0023   (22)    3 :  0.005 0.011 0.008 0.007 0.049 0.006 0.006 0.015 0.019 0.009 0.005 0.007 0.766 0.011 0.042 0.012 0.007 0.006 0.007 0.004 
  9 QTo-W-0024   (11)    3 :  0.005 0.010 0.011 0.042 0.091 0.034 0.082 0.040 0.025 0.075 0.006 0.045 0.372 0.065 0.008 0.046 0.013 0.012 0.015 0.004 
 10 QTo-W-0033    (0)    4 :  0.006 0.005 0.007 0.004 0.008 0.005 0.019 0.005 0.005 0.007 0.856 0.009 0.013 0.007 0.004 0.007 0.014 0.009 0.006 0.005 
 11 QTo-W-0035   (11)    4 :  0.006 0.005 0.006 0.005 0.005 0.005 0.007 0.005 0.005 0.006 0.894 0.006 0.005 0.006 0.005 0.006 0.005 0.006 0.005 0.006 
 12 QTo-W-0036    (0)    4 :  0.005 0.004 0.004 0.004 0.004 0.004 0.005 0.004 0.004 0.004 0.919 0.005 0.004 0.004 0.004 0.004 0.004 0.004 0.004 0.005 
 13 QTo-W-0039   (11)    4 :  0.011 0.038 0.005 0.007 0.140 0.013 0.011 0.089 0.015 0.098 0.005 0.022 0.067 0.182 0.015 0.207 0.006 0.010 0.048 0.010 
 14 QTo-W-0041    (0)    4 :  0.008 0.023 0.004 0.005 0.150 0.013 0.009 0.055 0.011 0.094 0.005 0.033 0.038 0.185 0.009 0.223 0.005 0.038 0.083 0.011 
 15 QTo-W-0044    (0)    5 :  0.105 0.004 0.004 0.097 0.009 0.007 0.023 0.006 0.004 0.009 0.004 0.011 0.009 0.007 0.030 0.007 0.631 0.008 0.007 0.018 
 16 QTo-W-0047    (0)    5 :  0.004 0.005 0.009 0.005 0.008 0.005 0.008 0.007 0.004 0.009 0.004 0.008 0.004 0.006 0.004 0.006 0.891 0.004 0.004 0.005 
 17 QTo-W-0048   (11)    5 :  0.005 0.006 0.012 0.005 0.006 0.005 0.010 0.010 0.006 0.006 0.005 0.006 0.005 0.010 0.006 0.006 0.873 0.005 0.005 0.007 
 18 QTo-W-0049    (0)    5 :  0.004 0.004 0.849 0.007 0.007 0.005 0.022 0.009 0.004 0.007 0.008 0.009 0.005 0.007 0.004 0.008 0.026 0.004 0.006 0.006 
 19 QTo-W-0050   (22)    5 :  0.007 0.010 0.027 0.012 0.028 0.051 0.037 0.014 0.009 0.035 0.103 0.035 0.020 0.017 0.418 0.024 0.018 0.112 0.020 0.006 
 20 QTo-W-0052    (0)    5 :  0.143 0.009 0.013 0.026 0.011 0.018 0.007 0.016 0.004 0.011 0.006 0.015 0.004 0.016 0.005 0.013 0.023 0.006 0.008 0.645 
 21 QTo-W-0054    (0)    5 :  0.003 0.004 0.913 0.004 0.005 0.004 0.007 0.006 0.004 0.005 0.004 0.004 0.004 0.005 0.004 0.005 0.005 0.005 0.004 0.003 
 22 QTo-W-0056    (0)    5 :  0.004 0.004 0.886 0.004 0.005 0.005 0.006 0.006 0.003 0.005 0.004 0.006 0.004 0.005 0.003 0.004 0.032 0.004 0.004 0.005 
 23 QTo-W-0057    (0)    5 :  0.004 0.003 0.722 0.007 0.008 0.005 0.066 0.006 0.004 0.006 0.007 0.008 0.004 0.007 0.004 0.007 0.111 0.007 0.006 0.009 
 24 QTo-W-0058    (0)    5 :  0.003 0.005 0.917 0.004 0.004 0.004 0.007 0.006 0.004 0.005 0.004 0.005 0.004 0.005 0.004 0.004 0.004 0.004 0.004 0.003 
 25 QTo-W-0059    (0)    5 :  0.081 0.006 0.526 0.043 0.018 0.014 0.013 0.014 0.005 0.016 0.005 0.027 0.024 0.014 0.072 0.012 0.074 0.008 0.010 0.020 
 26 QTo-W-0060    (0)    5 :  0.004 0.005 0.820 0.005 0.008 0.004 0.021 0.007 0.004 0.006 0.006 0.007 0.005 0.007 0.004 0.007 0.063 0.005 0.005 0.005 
 27 QTo-W-0061    (0)    5 :  0.009 0.028 0.449 0.009 0.044 0.022 0.007 0.052 0.019 0.081 0.006 0.043 0.027 0.073 0.008 0.078 0.005 0.011 0.020 0.009 
 28 QTo-W-0062   (11)    5 :  0.004 0.005 0.899 0.005 0.005 0.005 0.009 0.006 0.005 0.005 0.005 0.005 0.005 0.006 0.006 0.005 0.006 0.005 0.005 0.004 
 29 QTo-W-0065   (11)    5 :  0.012 0.036 0.687 0.012 0.015 0.007 0.008 0.035 0.025 0.012 0.004 0.017 0.045 0.029 0.009 0.017 0.007 0.008 0.011 0.004 
 30 QTo-W-0067    (0)    5 :  0.008 0.025 0.688 0.006 0.019 0.006 0.011 0.027 0.013 0.016 0.006 0.016 0.031 0.023 0.008 0.019 0.053 0.008 0.009 0.007 
 31 QTo-W-0071    (0)    5 :  0.008 0.013 0.005 0.007 0.208 0.024 0.019 0.023 0.012 0.065 0.005 0.032 0.015 0.192 0.009 0.251 0.011 0.016 0.078 0.005 
 32 QTo-W-0072    (0)    5 :  0.007 0.014 0.004 0.019 0.026 0.006 0.004 0.016 0.009 0.014 0.006 0.010 0.195 0.025 0.596 0.017 0.004 0.008 0.013 0.009 
 33 QTo-W-0075    (0)    5 :  0.013 0.016 0.004 0.008 0.065 0.009 0.009 0.027 0.005 0.021 0.004 0.007 0.679 0.028 0.055 0.024 0.005 0.004 0.006 0.010 
 34 QTo-W-0076   (11)    5 :  0.007 0.008 0.008 0.044 0.085 0.009 0.015 0.015 0.017 0.014 0.010 0.014 0.676 0.014 0.016 0.015 0.009 0.010 0.011 0.004 
 35 QTo-W-0077   (11)    5 :  0.007 0.015 0.028 0.008 0.055 0.011 0.079 0.136 0.011 0.039 0.016 0.039 0.260 0.069 0.038 0.030 0.130 0.011 0.013 0.004 
 36 QTo-W-0079    (0)    5 :  0.003 0.005 0.005 0.004 0.004 0.003 0.003 0.004 0.004 0.004 0.003 0.004 0.930 0.004 0.005 0.003 0.003 0.003 0.004 0.002 
 37 QTo-W-0080   (11)    5 :  0.009 0.016 0.114 0.028 0.087 0.023 0.011 0.052 0.019 0.091 0.008 0.114 0.161 0.071 0.007 0.076 0.008 0.013 0.084 0.007 
 38 QTo-W-0081   (11)    5 :  0.007 0.012 0.007 0.022 0.088 0.005 0.009 0.024 0.019 0.015 0.013 0.014 0.706 0.017 0.006 0.012 0.006 0.006 0.008 0.004 
 39 QTo-W-0082    (0)    5 :  0.007 0.006 0.012 0.013 0.044 0.012 0.009 0.007 0.010 0.019 0.005 0.016 0.709 0.035 0.009 0.043 0.007 0.010 0.024 0.003 
 40 QTo-W-0087    (0)    5 :  0.004 0.006 0.008 0.005 0.048 0.005 0.006 0.009 0.008 0.007 0.004 0.006 0.834 0.007 0.020 0.007 0.005 0.004 0.005 0.003 
 41 QTo-W-0088   (11)    5 :  0.005 0.009 0.013 0.007 0.047 0.005 0.008 0.013 0.010 0.009 0.004 0.007 0.815 0.011 0.008 0.008 0.006 0.005 0.007 0.004 
 42 QTo-W-0089   (11)    5 :  0.008 0.011 0.004 0.011 0.087 0.005 0.005 0.013 0.009 0.008 0.011 0.009 0.773 0.010 0.009 0.008 0.005 0.005 0.007 0.003 
 43 QTo-W-0090    (0)    5 :  0.008 0.008 0.005 0.013 0.091 0.010 0.024 0.018 0.009 0.025 0.024 0.034 0.651 0.018 0.008 0.015 0.017 0.008 0.011 0.004 
 44 QTo-W-0093   (11)    5 :  0.005 0.007 0.034 0.030 0.063 0.033 0.041 0.030 0.011 0.062 0.004 0.048 0.176 0.057 0.212 0.089 0.014 0.030 0.042 0.011 
 45 QTo-W-0098    (0)    5 :  0.005 0.008 0.012 0.007 0.008 0.011 0.010 0.019 0.006 0.009 0.004 0.008 0.008 0.012 0.834 0.009 0.009 0.007 0.007 0.007 
 46 QTo-W-0101   (11)    5 :  0.006 0.012 0.016 0.010 0.013 0.016 0.012 0.032 0.007 0.012 0.005 0.010 0.011 0.020 0.758 0.015 0.014 0.012 0.010 0.008 
 47 QTo-W-0114    (0)    5 :  0.007 0.012 0.004 0.005 0.008 0.005 0.004 0.012 0.005 0.007 0.004 0.006 0.012 0.011 0.872 0.008 0.004 0.005 0.005 0.005 
 48 QTo-W-0116   (11)    5 :  0.005 0.005 0.005 0.007 0.006 0.009 0.005 0.006 0.005 0.006 0.004 0.005 0.007 0.006 0.894 0.007 0.006 0.006 0.004 0.004 
 49 QTo-W-0117   (22)    5 :  0.005 0.007 0.007 0.007 0.008 0.010 0.007 0.007 0.006 0.009 0.005 0.007 0.010 0.008 0.862 0.011 0.008 0.008 0.006 0.004 
 50 QTo-W-0118    (0)    5 :  0.004 0.004 0.004 0.005 0.004 0.006 0.004 0.005 0.004 0.004 0.004 0.004 0.005 0.004 0.917 0.005 0.004 0.005 0.004 0.004 
 51 QTo-W-0121   (11)    5 :  0.005 0.006 0.005 0.008 0.010 0.009 0.036 0.010 0.005 0.011 0.004 0.009 0.029 0.010 0.805 0.011 0.008 0.008 0.007 0.004 
 52 QTo-W-0124   (11)    5 :  0.004 0.004 0.018 0.006 0.005 0.006 0.849 0.006 0.005 0.005 0.006 0.006 0.004 0.006 0.004 0.006 0.045 0.006 0.005 0.004 
 53 QTo-W-0128    (0)    5 :  0.003 0.003 0.010 0.005 0.005 0.004 0.879 0.005 0.003 0.005 0.004 0.004 0.004 0.005 0.004 0.005 0.041 0.005 0.003 0.003 
 54 QTo-W-0129    (0)    5 :  0.003 0.004 0.011 0.006 0.006 0.005 0.862 0.006 0.004 0.008 0.005 0.008 0.004 0.006 0.004 0.005 0.040 0.005 0.005 0.004 
 55 QTo-W-0131   (11)    5 :  0.027 0.014 0.037 0.018 0.121 0.063 0.017 0.046 0.017 0.197 0.072 0.183 0.036 0.055 0.006 0.030 0.019 0.012 0.026 0.004 
 56 QTo-W-0133   (11)    5 :  0.010 0.024 0.016 0.008 0.038 0.122 0.021 0.161 0.018 0.093 0.009 0.043 0.011 0.152 0.009 0.082 0.058 0.009 0.010 0.107 
 57 QTo-W-0137    (0)    5 :  0.007 0.009 0.006 0.016 0.155 0.022 0.023 0.019 0.022 0.080 0.005 0.078 0.023 0.143 0.070 0.210 0.013 0.030 0.064 0.007 
 58 QTo-W-0138    (0)    5 :  0.013 0.020 0.147 0.011 0.129 0.032 0.217 0.064 0.008 0.085 0.007 0.067 0.003 0.055 0.005 0.015 0.070 0.012 0.022 0.017 
 59 QTo-W-0139    (0)    5 :  0.896 0.008 0.004 0.004 0.005 0.004 0.004 0.005 0.004 0.005 0.004 0.005 0.004 0.006 0.004 0.005 0.010 0.004 0.004 0.014 
 60 QTo-W-0140   (22)    5 :  0.906 0.006 0.005 0.004 0.005 0.004 0.004 0.005 0.004 0.005 0.006 0.005 0.005 0.006 0.005 0.005 0.005 0.004 0.005 0.005 
 61 QTo-W-0142    (0)    5 :  0.916 0.010 0.003 0.004 0.005 0.004 0.003 0.005 0.004 0.005 0.004 0.004 0.005 0.005 0.004 0.005 0.003 0.003 0.004 0.004 
 62 QTo-W-0144    (0)    5 :  0.008 0.008 0.219 0.007 0.048 0.051 0.031 0.171 0.012 0.062 0.017 0.064 0.007 0.093 0.008 0.032 0.007 0.128 0.021 0.005 
 63 QTo-W-0149   (22)    5 :  0.007 0.771 0.005 0.004 0.007 0.005 0.005 0.009 0.121 0.007 0.005 0.007 0.007 0.008 0.006 0.006 0.005 0.004 0.005 0.004 
 64 QTo-W-0151   (11)    5 :  0.006 0.799 0.014 0.005 0.012 0.007 0.006 0.027 0.006 0.009 0.004 0.009 0.030 0.015 0.004 0.017 0.004 0.006 0.015 0.005 
 65 QTo-W-0153   (22)    5 :  0.006 0.904 0.005 0.004 0.005 0.005 0.004 0.007 0.006 0.005 0.004 0.005 0.006 0.006 0.005 0.006 0.004 0.004 0.005 0.004 
 66 QTo-W-0154    (0)    5 :  0.040 0.688 0.004 0.011 0.023 0.011 0.005 0.026 0.009 0.021 0.005 0.011 0.008 0.033 0.024 0.037 0.004 0.011 0.016 0.013 
 67 QTo-W-0159   (11)    5 :  0.011 0.010 0.016 0.013 0.150 0.021 0.008 0.069 0.009 0.056 0.006 0.031 0.007 0.192 0.031 0.242 0.007 0.025 0.056 0.041 
 68 QTo-W-0161   (11)    5 :  0.031 0.619 0.004 0.006 0.046 0.009 0.007 0.033 0.009 0.020 0.007 0.011 0.008 0.040 0.024 0.053 0.005 0.023 0.034 0.011 
 69 QTo-W-0162    (0)    5 :  0.012 0.018 0.005 0.011 0.079 0.054 0.010 0.029 0.006 0.140 0.017 0.111 0.019 0.055 0.157 0.135 0.005 0.050 0.077 0.010 
 70 QTo-W-0163   (11)    5 :  0.035 0.017 0.028 0.020 0.066 0.014 0.008 0.105 0.023 0.056 0.012 0.070 0.191 0.087 0.005 0.057 0.006 0.011 0.180 0.010 
 71 QTo-W-0167   (11)    5 :  0.009 0.010 0.009 0.008 0.058 0.023 0.012 0.014 0.007 0.039 0.028 0.048 0.017 0.053 0.219 0.058 0.124 0.159 0.025 0.079 
 72 QTo-W-0170    (0)    5 :  0.008 0.007 0.006 0.015 0.155 0.024 0.019 0.013 0.007 0.055 0.008 0.040 0.008 0.172 0.028 0.257 0.026 0.033 0.067 0.054 
 73 QTo-W-0171   (22)    5 :  0.014 0.017 0.056 0.015 0.139 0.068 0.157 0.024 0.016 0.102 0.024 0.069 0.013 0.082 0.012 0.082 0.011 0.051 0.042 0.005 
 74 QTo-W-0172   (22)    5 :  0.027 0.008 0.007 0.019 0.072 0.095 0.014 0.014 0.009 0.176 0.032 0.183 0.006 0.060 0.061 0.067 0.008 0.037 0.035 0.071 
 75 QTo-W-0173   (11)    5 :  0.012 0.017 0.007 0.009 0.174 0.012 0.010 0.026 0.012 0.062 0.005 0.027 0.010 0.185 0.018 0.269 0.016 0.030 0.063 0.036 
 76 QTo-W-0174    (0)    5 :  0.010 0.024 0.012 0.009 0.051 0.009 0.011 0.218 0.008 0.037 0.008 0.023 0.035 0.178 0.211 0.092 0.009 0.012 0.019 0.025 
 77 QTo-W-0175    (0)    5 :  0.007 0.022 0.054 0.008 0.162 0.052 0.099 0.130 0.021 0.143 0.008 0.096 0.012 0.114 0.007 0.023 0.007 0.010 0.021 0.004 
 78 QTo-W-0182   (22)    5 :  0.004 0.006 0.009 0.016 0.014 0.008 0.200 0.014 0.009 0.012 0.006 0.018 0.013 0.014 0.011 0.016 0.606 0.011 0.007 0.005 
 79 QTo-W-0184    (0)    5 :  0.010 0.016 0.010 0.057 0.080 0.017 0.025 0.086 0.008 0.095 0.035 0.084 0.032 0.094 0.029 0.115 0.013 0.049 0.118 0.028 
 80 QTo-W-0188    (0)    5 :  0.008 0.006 0.015 0.008 0.126 0.055 0.008 0.049 0.005 0.077 0.005 0.054 0.004 0.171 0.011 0.189 0.016 0.013 0.034 0.147 
 81 QTo-W-0192   (11)    5 :  0.005 0.011 0.008 0.005 0.009 0.005 0.007 0.604 0.007 0.007 0.004 0.008 0.008 0.254 0.008 0.008 0.023 0.006 0.006 0.005 
 82 QTo-W-0193    (0)    5 :  0.005 0.008 0.015 0.005 0.009 0.006 0.005 0.622 0.006 0.008 0.004 0.011 0.006 0.254 0.006 0.008 0.005 0.005 0.007 0.004 
 83 QTo-W-0194    (0)    5 :  0.004 0.007 0.013 0.004 0.007 0.004 0.005 0.626 0.005 0.006 0.004 0.006 0.006 0.262 0.006 0.008 0.014 0.005 0.005 0.004 
 84 QTo-W-0196   (11)    5 :  0.017 0.029 0.008 0.010 0.050 0.014 0.006 0.220 0.012 0.119 0.005 0.030 0.014 0.217 0.011 0.202 0.007 0.006 0.011 0.012 
 85 QTo-W-0197    (0)    5 :  0.009 0.018 0.006 0.009 0.060 0.012 0.020 0.216 0.008 0.133 0.004 0.024 0.043 0.209 0.008 0.198 0.005 0.005 0.007 0.008 
 86 QTo-W-0200   (11)    6 :  0.003 0.004 0.004 0.006 0.006 0.004 0.005 0.004 0.013 0.005 0.009 0.005 0.004 0.005 0.005 0.006 0.004 0.901 0.005 0.004 
 87 QTo-W-0201   (22)    6 :  0.003 0.004 0.003 0.007 0.006 0.005 0.005 0.004 0.011 0.006 0.009 0.006 0.003 0.005 0.005 0.007 0.004 0.897 0.006 0.004 
 88 QTo-W-0205    (0)    7 :  0.004 0.003 0.003 0.003 0.004 0.006 0.004 0.004 0.003 0.004 0.003 0.003 0.003 0.004 0.004 0.005 0.004 0.004 0.004 0.928 
 89 QTo-W-0208    (0)    7 :  0.013 0.008 0.054 0.100 0.069 0.027 0.018 0.024 0.008 0.093 0.009 0.118 0.039 0.044 0.010 0.040 0.086 0.019 0.095 0.125 
 90 QTo-W-0211    (0)    7 :  0.004 0.005 0.007 0.005 0.133 0.092 0.005 0.030 0.004 0.139 0.005 0.095 0.004 0.142 0.011 0.140 0.005 0.011 0.032 0.130 
 91 QTo-W-0212   (11)    7 :  0.004 0.003 0.005 0.003 0.004 0.004 0.005 0.004 0.003 0.005 0.004 0.004 0.003 0.004 0.004 0.004 0.006 0.004 0.004 0.922 
 92 QTo-W-0213    (0)    7 :  0.004 0.003 0.004 0.004 0.007 0.005 0.004 0.005 0.003 0.006 0.004 0.005 0.003 0.008 0.004 0.008 0.005 0.004 0.007 0.907 
 93 QTo-W-0216   (11)    8 :  0.005 0.007 0.007 0.090 0.072 0.012 0.008 0.145 0.045 0.049 0.005 0.231 0.007 0.119 0.006 0.164 0.008 0.010 0.006 0.004 
 94 QTo-W-0220    (0)    8 :  0.004 0.006 0.008 0.089 0.073 0.013 0.006 0.139 0.036 0.052 0.005 0.241 0.006 0.116 0.004 0.161 0.017 0.008 0.012 0.004 
 95 QTo-W-0224   (11)    8 :  0.032 0.006 0.022 0.189 0.094 0.055 0.019 0.016 0.009 0.095 0.049 0.087 0.010 0.023 0.018 0.132 0.033 0.057 0.045 0.006 
 96 QTo-W-0225   (11)    8 :  0.004 0.004 0.017 0.007 0.130 0.006 0.009 0.007 0.006 0.010 0.004 0.010 0.009 0.010 0.005 0.013 0.007 0.010 0.716 0.016 
 97 QTo-W-0227   (11)    8 :  0.010 0.008 0.007 0.126 0.033 0.029 0.017 0.090 0.010 0.059 0.066 0.211 0.012 0.094 0.006 0.114 0.009 0.073 0.021 0.005 
 98 QTo-W-0229    (0)    8 :  0.006 0.005 0.008 0.010 0.127 0.004 0.004 0.005 0.008 0.007 0.004 0.007 0.045 0.006 0.003 0.007 0.003 0.015 0.723 0.004 
 99 QTo-W-0231    (0)    8 :  0.007 0.003 0.005 0.006 0.111 0.045 0.017 0.005 0.014 0.203 0.114 0.334 0.007 0.027 0.003 0.005 0.006 0.008 0.042 0.038 
100 QTo-W-0238   (22)    8 :  0.030 0.012 0.007 0.018 0.140 0.019 0.017 0.016 0.014 0.031 0.013 0.036 0.008 0.092 0.020 0.256 0.009 0.110 0.118 0.034 
101 QTo-W-0240    (0)    8 :  0.017 0.008 0.008 0.009 0.080 0.025 0.025 0.013 0.014 0.087 0.235 0.099 0.005 0.040 0.018 0.097 0.008 0.130 0.055 0.027 
102 QTo-W-0242    (0)    8 :  0.252 0.008 0.004 0.006 0.031 0.022 0.004 0.018 0.006 0.023 0.017 0.026 0.008 0.022 0.447 0.033 0.004 0.010 0.050 0.011 
103 QTo-W-0244    (0)    9 :  0.011 0.005 0.003 0.043 0.024 0.018 0.006 0.007 0.008 0.024 0.596 0.017 0.008 0.014 0.039 0.068 0.004 0.069 0.028 0.009 
104 QTo-W-0245   (11)    9 :  0.020 0.012 0.005 0.025 0.116 0.028 0.022 0.010 0.005 0.058 0.159 0.071 0.013 0.021 0.009 0.033 0.011 0.087 0.285 0.009 
105 QTo-W-0251    (0)    9 :  0.005 0.010 0.004 0.009 0.044 0.035 0.005 0.033 0.312 0.044 0.005 0.026 0.283 0.046 0.077 0.031 0.005 0.006 0.011 0.010 
106 QTo-W-0253    (0)    9 :  0.007 0.004 0.004 0.024 0.126 0.007 0.013 0.007 0.005 0.027 0.005 0.035 0.020 0.023 0.020 0.024 0.005 0.015 0.623 0.007 
107 QTo-W-0256   (11)    9 :  0.006 0.006 0.053 0.034 0.087 0.016 0.200 0.012 0.009 0.053 0.024 0.062 0.075 0.025 0.006 0.017 0.012 0.016 0.280 0.006 
108 QTo-W-0258    (0)    9 :  0.029 0.006 0.031 0.197 0.064 0.011 0.027 0.007 0.009 0.095 0.021 0.062 0.188 0.031 0.004 0.020 0.005 0.018 0.170 0.003 
109 QTo-W-0259    (0)    9 :  0.044 0.023 0.005 0.004 0.172 0.014 0.005 0.010 0.004 0.019 0.011 0.034 0.015 0.016 0.021 0.009 0.004 0.006 0.575 0.009 
110 QTo-W-0260   (22)    9 :  0.021 0.008 0.005 0.004 0.190 0.036 0.005 0.017 0.004 0.034 0.012 0.067 0.005 0.023 0.010 0.018 0.005 0.009 0.509 0.019 
111 QTo-W-0274   (11)   10 :  0.005 0.005 0.005 0.808 0.012 0.007 0.008 0.009 0.012 0.015 0.005 0.017 0.009 0.013 0.005 0.016 0.007 0.019 0.019 0.004 
112 QTo-W-0275    (0)   10 :  0.007 0.055 0.234 0.023 0.025 0.077 0.101 0.064 0.080 0.062 0.071 0.059 0.004 0.050 0.007 0.019 0.012 0.030 0.009 0.011 
113 QTo-W-0278    (0)   10 :  0.019 0.022 0.008 0.067 0.043 0.073 0.019 0.156 0.016 0.104 0.029 0.069 0.038 0.142 0.007 0.075 0.008 0.011 0.019 0.074 
114 QTo-W-0283   (11)   10 :  0.009 0.005 0.038 0.017 0.042 0.022 0.014 0.027 0.007 0.054 0.485 0.044 0.013 0.022 0.006 0.012 0.031 0.013 0.012 0.127 
115 QTo-W-0284    (0)   10 :  0.012 0.005 0.018 0.021 0.047 0.019 0.010 0.021 0.047 0.073 0.412 0.060 0.009 0.024 0.007 0.011 0.017 0.011 0.013 0.163 
116 QTo-W-0287   (22)   10 :  0.007 0.004 0.007 0.863 0.006 0.005 0.008 0.006 0.008 0.006 0.010 0.007 0.011 0.006 0.006 0.007 0.008 0.015 0.006 0.004 
117 QTo-W-0289   (22)   10 :  0.005 0.005 0.007 0.862 0.008 0.008 0.009 0.007 0.008 0.010 0.005 0.007 0.008 0.007 0.007 0.009 0.007 0.009 0.006 0.005 
118 QTo-W-0293    (0)   10 :  0.026 0.014 0.015 0.035 0.114 0.103 0.195 0.014 0.006 0.138 0.008 0.141 0.004 0.050 0.006 0.017 0.042 0.035 0.030 0.006 
119 QTo-W-0295   (11)   10 :  0.059 0.007 0.637 0.007 0.021 0.010 0.019 0.062 0.009 0.016 0.023 0.018 0.006 0.033 0.004 0.017 0.007 0.010 0.019 0.016 
120 QTo-W-0296   (11)   11 :  0.008 0.054 0.013 0.007 0.009 0.660 0.008 0.011 0.007 0.153 0.005 0.007 0.006 0.011 0.009 0.009 0.008 0.006 0.006 0.004 
121 QTo-W-0298    (0)   11 :  0.010 0.047 0.007 0.007 0.006 0.684 0.006 0.008 0.005 0.157 0.004 0.007 0.005 0.010 0.010 0.007 0.006 0.004 0.004 0.004 
122 QTo-W-0300   (11)   11 :  0.005 0.007 0.012 0.175 0.025 0.027 0.214 0.021 0.076 0.062 0.071 0.125 0.019 0.029 0.014 0.020 0.011 0.072 0.009 0.005 
123 QTo-W-0302    (0)   12 :  0.010 0.018 0.006 0.016 0.032 0.009 0.007 0.043 0.007 0.035 0.008 0.058 0.035 0.048 0.011 0.065 0.016 0.009 0.026 0.540 
124 QTo-W-0305    (0)   13 :  0.011 0.005 0.005 0.775 0.008 0.021 0.008 0.008 0.017 0.017 0.009 0.031 0.006 0.011 0.005 0.016 0.008 0.025 0.009 0.005 
125 QTo-W-0308   (11)   13 :  0.007 0.006 0.006 0.713 0.013 0.034 0.012 0.010 0.027 0.025 0.006 0.036 0.007 0.014 0.007 0.021 0.009 0.031 0.011 0.006 
126 QTo-W-0309   (11)   13 :  0.005 0.008 0.071 0.021 0.084 0.024 0.072 0.104 0.007 0.031 0.006 0.025 0.004 0.072 0.013 0.196 0.025 0.062 0.042 0.127 
127 QTo-W-0311    (0)   14 :  0.009 0.006 0.013 0.007 0.130 0.015 0.073 0.008 0.006 0.048 0.042 0.046 0.004 0.082 0.008 0.166 0.010 0.196 0.092 0.040 
128 QTo-W-0312    (0)   15 :  0.003 0.003 0.003 0.005 0.006 0.728 0.004 0.004 0.004 0.153 0.005 0.006 0.007 0.005 0.038 0.006 0.004 0.007 0.005 0.004 
129 QTo-W-0315   (11)   15 :  0.003 0.004 0.004 0.005 0.005 0.755 0.005 0.004 0.004 0.156 0.006 0.006 0.003 0.006 0.006 0.006 0.004 0.009 0.005 0.005 
130 QTo-W-0318    (0)   16 :  0.010 0.005 0.015 0.123 0.046 0.017 0.009 0.021 0.015 0.016 0.006 0.012 0.004 0.015 0.027 0.240 0.006 0.319 0.061 0.032 
131 QTo-W-0322   (11)   16 :  0.007 0.005 0.009 0.103 0.042 0.014 0.010 0.012 0.021 0.015 0.007 0.015 0.004 0.012 0.025 0.245 0.007 0.368 0.062 0.016 
132 QTo-W-0326   (22)   16 :  0.005 0.009 0.024 0.035 0.067 0.016 0.126 0.042 0.011 0.025 0.009 0.028 0.006 0.047 0.040 0.233 0.054 0.148 0.050 0.026 
133 QTo-W-0327   (11)   16 :  0.004 0.014 0.028 0.031 0.083 0.019 0.075 0.070 0.009 0.033 0.006 0.038 0.017 0.051 0.016 0.253 0.023 0.125 0.081 0.023 
134 QTo-W-0328    (0)   17 :  0.004 0.115 0.005 0.006 0.005 0.004 0.004 0.005 0.803 0.004 0.004 0.005 0.005 0.005 0.004 0.005 0.004 0.006 0.004 0.002 
135 QTo-W-0329    (0)   17 :  0.004 0.005 0.004 0.005 0.005 0.003 0.004 0.005 0.920 0.004 0.003 0.004 0.005 0.005 0.004 0.005 0.004 0.005 0.004 0.003 
136 QTo-W-0330   (11)   17 :  0.005 0.006 0.005 0.007 0.005 0.004 0.005 0.006 0.898 0.005 0.004 0.006 0.007 0.006 0.005 0.006 0.005 0.007 0.005 0.003 


Estimated Allele Frequencies in each cluster
First column gives estimated ancestral frequencies


Locus 1 : 
4 alleles
0.7% missing data
 149   (0.845) 0.972 0.991 0.994 0.973 0.824 0.618 0.975 0.973 0.978 0.834 0.929 0.876 0.993 0.953 0.994 0.966 0.985 0.957 0.503 0.163 
 147   (0.061) 0.017 0.004 0.002 0.010 0.047 0.353 0.008 0.010 0.009 0.098 0.012 0.048 0.003 0.015 0.002 0.010 0.006 0.015 0.081 0.246 
 155   (0.053) 0.006 0.003 0.002 0.009 0.030 0.018 0.008 0.010 0.008 0.045 0.050 0.044 0.002 0.020 0.002 0.015 0.006 0.014 0.017 0.588 
 161   (0.040) 0.005 0.002 0.002 0.008 0.099 0.010 0.010 0.007 0.006 0.022 0.010 0.032 0.002 0.011 0.002 0.009 0.004 0.014 0.398 0.003 

Locus 2 : 
6 alleles
12.5% missing data
 179   (0.389) 0.706 0.956 0.057 0.422 0.451 0.117 0.068 0.811 0.892 0.378 0.063 0.466 0.962 0.668 0.220 0.465 0.045 0.194 0.411 0.027 
 176   (0.147) 0.199 0.011 0.151 0.052 0.130 0.048 0.035 0.043 0.023 0.108 0.044 0.124 0.007 0.111 0.010 0.114 0.882 0.111 0.075 0.939 
 173   (0.235) 0.051 0.017 0.763 0.108 0.226 0.095 0.850 0.090 0.044 0.207 0.806 0.223 0.017 0.116 0.014 0.095 0.046 0.273 0.238 0.016 
 164   (0.027) 0.005 0.002 0.020 0.008 0.012 0.006 0.005 0.006 0.005 0.014 0.005 0.020 0.001 0.007 0.001 0.007 0.005 0.013 0.011 0.002 
 182   (0.150) 0.030 0.011 0.006 0.301 0.127 0.722 0.032 0.032 0.028 0.257 0.071 0.122 0.008 0.071 0.753 0.285 0.016 0.369 0.108 0.012 
 170   (0.053) 0.009 0.004 0.002 0.109 0.054 0.011 0.011 0.018 0.008 0.036 0.010 0.045 0.005 0.026 0.003 0.035 0.005 0.041 0.157 0.004 

Locus 3 : 
17 alleles
0.0% missing data
 220   (0.167) 0.029 0.015 0.084 0.204 0.131 0.067 0.446 0.165 0.039 0.137 0.374 0.228 0.008 0.162 0.009 0.188 0.404 0.081 0.099 0.531 
 222   (0.192) 0.546 0.119 0.018 0.193 0.267 0.226 0.062 0.103 0.411 0.216 0.075 0.176 0.212 0.200 0.014 0.241 0.022 0.128 0.291 0.018 
 218   (0.157) 0.021 0.013 0.688 0.274 0.148 0.052 0.373 0.356 0.435 0.144 0.063 0.183 0.155 0.216 0.007 0.231 0.398 0.186 0.126 0.017 
 226   (0.073) 0.022 0.005 0.006 0.019 0.083 0.018 0.013 0.028 0.016 0.041 0.011 0.056 0.597 0.031 0.940 0.022 0.131 0.026 0.094 0.006 
 258   (0.060) 0.009 0.005 0.003 0.014 0.094 0.254 0.043 0.029 0.013 0.130 0.011 0.070 0.006 0.070 0.003 0.058 0.008 0.019 0.030 0.009 
 224   (0.058) 0.007 0.003 0.002 0.011 0.028 0.178 0.009 0.011 0.009 0.064 0.401 0.043 0.002 0.017 0.009 0.013 0.008 0.261 0.026 0.006 
 228   (0.068) 0.009 0.009 0.005 0.015 0.105 0.036 0.018 0.107 0.039 0.114 0.011 0.064 0.009 0.172 0.007 0.186 0.008 0.036 0.048 0.393 
 256   (0.020) 0.002 0.001 0.185 0.003 0.006 0.004 0.002 0.003 0.003 0.010 0.002 0.013 0.001 0.005 0.001 0.003 0.002 0.004 0.005 0.001 
 264   (0.018) 0.331 0.001 0.001 0.003 0.005 0.004 0.002 0.003 0.002 0.007 0.002 0.012 0.001 0.004 0.001 0.003 0.002 0.003 0.004 0.001 
 230   (0.028) 0.003 0.819 0.001 0.004 0.009 0.115 0.003 0.005 0.004 0.036 0.004 0.017 0.001 0.008 0.001 0.004 0.002 0.005 0.008 0.002 
 260   (0.026) 0.004 0.002 0.001 0.005 0.020 0.010 0.005 0.007 0.005 0.029 0.022 0.028 0.001 0.011 0.003 0.017 0.003 0.018 0.016 0.003 
 262   (0.017) 0.003 0.001 0.001 0.004 0.008 0.009 0.003 0.004 0.003 0.016 0.004 0.015 0.001 0.006 0.001 0.005 0.002 0.006 0.006 0.003 
 234   (0.022) 0.002 0.001 0.001 0.003 0.006 0.004 0.002 0.157 0.003 0.009 0.002 0.015 0.001 0.067 0.001 0.003 0.002 0.004 0.006 0.001 
 232   (0.030) 0.003 0.002 0.001 0.010 0.011 0.006 0.004 0.010 0.005 0.017 0.006 0.033 0.001 0.014 0.001 0.013 0.003 0.205 0.009 0.002 
 250   (0.019) 0.002 0.001 0.001 0.003 0.036 0.003 0.002 0.003 0.003 0.008 0.002 0.014 0.001 0.004 0.001 0.003 0.002 0.003 0.153 0.001 
 216   (0.021) 0.004 0.001 0.001 0.003 0.035 0.008 0.003 0.005 0.003 0.011 0.003 0.016 0.001 0.007 0.001 0.005 0.002 0.004 0.072 0.002 
 266   (0.024) 0.003 0.001 0.001 0.232 0.007 0.006 0.009 0.004 0.007 0.012 0.005 0.018 0.001 0.008 0.001 0.005 0.002 0.009 0.006 0.002 

Locus 4 : 
2 alleles
1.5% missing data
 137   (0.974) 0.998 0.999 0.999 0.986 0.984 0.994 0.997 0.970 0.992 0.982 0.997 0.935 0.999 0.970 0.999 0.966 0.998 0.995 0.993 0.998 
 139   (0.026) 0.002 0.001 0.001 0.014 0.016 0.006 0.003 0.030 0.008 0.018 0.003 0.065 0.001 0.030 0.001 0.034 0.002 0.005 0.007 0.002 

Locus 5 : 
17 alleles
11.8% missing data
 187   (0.285) 0.050 0.156 0.013 0.151 0.496 0.101 0.090 0.415 0.052 0.278 0.190 0.259 0.017 0.463 0.733 0.641 0.047 0.822 0.561 0.880 
 243   (0.045) 0.005 0.003 0.002 0.012 0.015 0.009 0.014 0.120 0.007 0.022 0.007 0.034 0.004 0.059 0.003 0.009 0.615 0.009 0.012 0.003 
 203   (0.086) 0.010 0.006 0.949 0.044 0.073 0.022 0.021 0.021 0.014 0.062 0.013 0.069 0.437 0.027 0.007 0.023 0.014 0.019 0.222 0.007 
 201   (0.116) 0.013 0.011 0.005 0.065 0.121 0.033 0.690 0.118 0.026 0.131 0.026 0.101 0.383 0.127 0.040 0.105 0.053 0.031 0.048 0.009 
 197   (0.061) 0.006 0.004 0.002 0.261 0.044 0.015 0.011 0.026 0.011 0.039 0.693 0.075 0.130 0.031 0.003 0.028 0.007 0.019 0.018 0.005 
 195   (0.066) 0.879 0.005 0.005 0.326 0.025 0.016 0.013 0.013 0.010 0.039 0.010 0.049 0.005 0.019 0.005 0.013 0.060 0.016 0.025 0.050 
 247   (0.021) 0.002 0.001 0.001 0.006 0.007 0.006 0.003 0.004 0.003 0.010 0.003 0.017 0.001 0.004 0.001 0.003 0.159 0.004 0.006 0.001 
 235   (0.038) 0.005 0.003 0.002 0.013 0.027 0.010 0.007 0.011 0.009 0.030 0.006 0.031 0.005 0.022 0.003 0.023 0.005 0.010 0.019 0.003 
 249   (0.024) 0.002 0.001 0.001 0.006 0.008 0.005 0.004 0.006 0.003 0.011 0.003 0.015 0.001 0.006 0.191 0.004 0.002 0.004 0.006 0.002 
 199   (0.063) 0.007 0.010 0.005 0.027 0.030 0.708 0.020 0.080 0.044 0.205 0.013 0.055 0.007 0.085 0.004 0.037 0.009 0.021 0.019 0.014 
 245   (0.024) 0.002 0.004 0.008 0.007 0.059 0.021 0.061 0.035 0.008 0.048 0.004 0.039 0.001 0.029 0.001 0.006 0.006 0.005 0.011 0.002 
 219   (0.036) 0.004 0.770 0.002 0.010 0.011 0.011 0.009 0.009 0.136 0.017 0.008 0.027 0.002 0.009 0.002 0.006 0.004 0.009 0.010 0.002 
 217   (0.022) 0.002 0.017 0.001 0.006 0.006 0.005 0.004 0.005 0.648 0.010 0.003 0.018 0.002 0.007 0.001 0.004 0.002 0.004 0.005 0.002 
 229   (0.023) 0.002 0.002 0.001 0.006 0.008 0.005 0.004 0.049 0.004 0.011 0.004 0.017 0.001 0.023 0.001 0.004 0.003 0.005 0.007 0.002 
 215   (0.039) 0.004 0.003 0.001 0.042 0.034 0.009 0.006 0.078 0.016 0.039 0.006 0.146 0.002 0.070 0.002 0.084 0.005 0.008 0.012 0.016 
 205   (0.025) 0.003 0.001 0.001 0.006 0.014 0.006 0.004 0.005 0.004 0.019 0.009 0.021 0.001 0.007 0.001 0.004 0.003 0.005 0.008 0.002 
 227   (0.025) 0.004 0.002 0.001 0.012 0.023 0.018 0.039 0.006 0.004 0.027 0.004 0.027 0.001 0.011 0.001 0.005 0.006 0.010 0.010 0.002 

Locus 6 : 
25 alleles
30.9% missing data
 214   (0.072) 0.013 0.009 0.115 0.031 0.051 0.030 0.016 0.037 0.018 0.063 0.033 0.103 0.006 0.043 0.004 0.046 0.340 0.021 0.028 0.007 
 222   (0.081) 0.014 0.012 0.072 0.020 0.088 0.028 0.417 0.023 0.019 0.059 0.132 0.070 0.028 0.059 0.006 0.079 0.481 0.047 0.046 0.009 
 206   (0.054) 0.011 0.011 0.388 0.013 0.060 0.037 0.017 0.252 0.015 0.055 0.014 0.055 0.007 0.164 0.006 0.070 0.010 0.020 0.032 0.018 
 218   (0.074) 0.027 0.129 0.377 0.041 0.105 0.050 0.052 0.258 0.018 0.074 0.019 0.079 0.010 0.133 0.005 0.183 0.017 0.078 0.055 0.078 
 216   (0.064) 0.011 0.122 0.003 0.023 0.109 0.022 0.016 0.033 0.015 0.054 0.015 0.066 0.425 0.038 0.007 0.062 0.010 0.028 0.302 0.026 
 208   (0.045) 0.007 0.006 0.002 0.013 0.029 0.014 0.010 0.015 0.009 0.030 0.132 0.038 0.228 0.019 0.003 0.020 0.007 0.022 0.038 0.005 
 238   (0.039) 0.006 0.005 0.002 0.009 0.037 0.095 0.007 0.011 0.018 0.044 0.008 0.032 0.156 0.019 0.554 0.020 0.006 0.012 0.016 0.004 
 204   (0.018) 0.003 0.002 0.001 0.004 0.006 0.006 0.003 0.004 0.003 0.009 0.447 0.014 0.001 0.005 0.001 0.005 0.002 0.005 0.005 0.001 
 234   (0.046) 0.008 0.008 0.003 0.012 0.067 0.022 0.009 0.019 0.011 0.045 0.010 0.042 0.008 0.060 0.003 0.068 0.007 0.017 0.086 0.121 
 242   (0.047) 0.007 0.006 0.002 0.010 0.047 0.014 0.009 0.014 0.010 0.031 0.011 0.037 0.005 0.028 0.003 0.037 0.006 0.294 0.076 0.005 
 210   (0.133) 0.497 0.106 0.009 0.514 0.125 0.544 0.044 0.200 0.036 0.276 0.062 0.133 0.035 0.238 0.389 0.236 0.051 0.079 0.068 0.688 
 246   (0.019) 0.006 0.010 0.009 0.005 0.019 0.012 0.004 0.013 0.008 0.031 0.009 0.023 0.003 0.017 0.001 0.015 0.004 0.007 0.009 0.002 
 258   (0.022) 0.004 0.003 0.001 0.006 0.051 0.012 0.006 0.006 0.006 0.020 0.005 0.019 0.023 0.045 0.002 0.057 0.004 0.009 0.022 0.003 
 240   (0.020) 0.004 0.003 0.001 0.005 0.017 0.007 0.006 0.006 0.005 0.012 0.007 0.017 0.032 0.007 0.001 0.005 0.004 0.006 0.007 0.002 
 256   (0.023) 0.003 0.002 0.001 0.005 0.007 0.006 0.216 0.005 0.004 0.010 0.004 0.017 0.002 0.006 0.001 0.005 0.008 0.005 0.007 0.002 
 254   (0.022) 0.003 0.003 0.001 0.005 0.008 0.006 0.092 0.006 0.005 0.012 0.005 0.019 0.002 0.007 0.001 0.006 0.005 0.006 0.007 0.002 
 236   (0.054) 0.350 0.542 0.004 0.014 0.067 0.027 0.039 0.020 0.011 0.047 0.018 0.052 0.004 0.025 0.003 0.019 0.011 0.021 0.074 0.005 
 248   (0.025) 0.004 0.003 0.002 0.005 0.011 0.010 0.005 0.014 0.006 0.015 0.006 0.021 0.002 0.011 0.002 0.006 0.004 0.281 0.009 0.002 
 252   (0.019) 0.003 0.004 0.001 0.004 0.020 0.011 0.010 0.014 0.005 0.019 0.004 0.020 0.002 0.012 0.001 0.005 0.003 0.005 0.008 0.002 
 224   (0.032) 0.005 0.004 0.002 0.021 0.029 0.012 0.007 0.028 0.010 0.027 0.007 0.071 0.004 0.034 0.002 0.033 0.008 0.010 0.062 0.006 
 230   (0.029) 0.004 0.003 0.001 0.006 0.016 0.009 0.005 0.007 0.428 0.022 0.010 0.023 0.003 0.010 0.002 0.007 0.004 0.007 0.011 0.003 
 228   (0.003) 0.002 0.001 0.000 0.017 0.006 0.003 0.002 0.001 0.001 0.007 0.003 0.004 0.008 0.003 0.000 0.002 0.000 0.002 0.013 0.000 
 266   (0.018) 0.003 0.002 0.001 0.068 0.008 0.005 0.004 0.005 0.005 0.011 0.004 0.014 0.002 0.006 0.001 0.005 0.003 0.006 0.007 0.002 
 212   (0.022) 0.003 0.003 0.001 0.006 0.011 0.007 0.004 0.006 0.327 0.015 0.032 0.015 0.002 0.007 0.001 0.005 0.003 0.006 0.008 0.006 
 232   (0.019) 0.003 0.002 0.001 0.143 0.008 0.010 0.003 0.004 0.006 0.012 0.004 0.018 0.001 0.006 0.001 0.006 0.002 0.008 0.006 0.002 

Locus 7 : 
7 alleles
1.5% missing data
 108   (0.635) 0.956 0.978 0.982 0.165 0.744 0.899 0.908 0.894 0.146 0.746 0.416 0.662 0.374 0.859 0.977 0.848 0.768 0.405 0.597 0.968 
 116   (0.036) 0.005 0.002 0.001 0.008 0.017 0.012 0.025 0.006 0.005 0.022 0.005 0.028 0.002 0.010 0.001 0.006 0.199 0.009 0.011 0.002 
 110   (0.147) 0.021 0.010 0.008 0.655 0.144 0.047 0.030 0.044 0.046 0.128 0.191 0.131 0.616 0.062 0.015 0.051 0.017 0.049 0.232 0.018 
 114   (0.062) 0.006 0.004 0.004 0.015 0.022 0.016 0.018 0.012 0.400 0.035 0.367 0.046 0.003 0.015 0.002 0.013 0.006 0.233 0.019 0.004 
 112   (0.068) 0.007 0.004 0.003 0.148 0.035 0.016 0.012 0.036 0.395 0.041 0.011 0.095 0.003 0.041 0.003 0.075 0.006 0.293 0.026 0.004 
 104   (0.029) 0.003 0.002 0.001 0.004 0.026 0.006 0.004 0.005 0.004 0.012 0.004 0.019 0.001 0.007 0.001 0.005 0.002 0.006 0.108 0.002 
 118   (0.022) 0.002 0.001 0.001 0.004 0.011 0.005 0.003 0.004 0.004 0.016 0.007 0.019 0.001 0.006 0.001 0.004 0.002 0.005 0.007 0.002 

Locus 8 : 
5 alleles
2.2% missing data
 160   (0.162) 0.021 0.055 0.554 0.142 0.080 0.375 0.373 0.271 0.032 0.176 0.058 0.130 0.007 0.151 0.057 0.044 0.358 0.045 0.053 0.245 
 162   (0.637) 0.104 0.912 0.438 0.794 0.732 0.379 0.597 0.586 0.932 0.611 0.423 0.604 0.983 0.691 0.924 0.796 0.622 0.897 0.660 0.733 
 164   (0.085) 0.833 0.013 0.004 0.022 0.077 0.029 0.013 0.016 0.013 0.069 0.498 0.074 0.004 0.025 0.006 0.022 0.009 0.023 0.109 0.009 
 166   (0.022) 0.003 0.003 0.001 0.004 0.011 0.007 0.003 0.005 0.003 0.017 0.004 0.017 0.001 0.008 0.003 0.010 0.002 0.007 0.010 0.002 
 158   (0.093) 0.038 0.018 0.004 0.038 0.099 0.209 0.013 0.121 0.019 0.127 0.017 0.174 0.006 0.125 0.010 0.128 0.009 0.027 0.168 0.011 

Locus 9 : 
4 alleles
0.0% missing data
 229   (0.496) 0.488 0.968 0.508 0.130 0.519 0.307 0.131 0.824 0.552 0.524 0.583 0.489 0.943 0.681 0.615 0.444 0.368 0.169 0.386 0.156 
 226   (0.358) 0.047 0.024 0.481 0.833 0.372 0.650 0.846 0.137 0.423 0.384 0.067 0.394 0.049 0.257 0.376 0.451 0.617 0.718 0.379 0.046 
 223   (0.124) 0.462 0.007 0.010 0.034 0.096 0.032 0.021 0.034 0.021 0.075 0.347 0.099 0.007 0.050 0.007 0.095 0.012 0.108 0.227 0.791 
 232   (0.022) 0.002 0.001 0.001 0.004 0.013 0.011 0.003 0.005 0.003 0.017 0.003 0.018 0.001 0.012 0.001 0.010 0.002 0.005 0.007 0.006 

Values of parameters used in structure:
DATAFILE=C:\Users\eschumacher\Documents\GitHub\Ten_Oaks\Data_Files\QUTO_wild\project_data,	OUTFILE=C:\Users\eschumacher\Documents\GitHub\Ten_Oaks\Data_Files\QUTO_wild\50-50\Results\50-50_run_97,	NUMINDS=136,	NUMLOCI=9,	MISSING=-9,	LABEL=1,	POPDATA=1,	POPFLAG=0,	PHENOTYPE=0,	EXTRACOLS=0,	MAXPOPS=20,	BURNIN=50000,	NUMREPS=50000,	USEPOPINFO=0,	INFERALPHA=1,	INFERLAMBDA=0,	POPSPECIFICLAMBDA=0,	POPALPHAS=0,	COMPUTEPROB=1,	NOADMIX=0,	ADMBURNIN=2500,	UPDATEFREQ=1,	PRINTLIKES=0,	INTERMEDSAVE=0,	PRINTKLD=0,	PRINTNET=0,	PRINTLAMBDA=0,	ANCESTDIST=0,	NUMBOXES=1000,	ANCESTPINT=0.90000,	GENSBACK=2,	MIGRPRIOR=0.05000,	PRINTQHAT=0,	PRINTQSUM=0,	ALPHA=1.0000,	FREQSCORR=1,	FPRIORMEAN=0.0100,	FPRIORSD=0.0500,	ONEFST=0,	LAMBDA=1.0000,	UNIFPRIORALPHA=1,	ALPHAMAX=10.0000,	ALPHAPRIORA=1.0000,	ALPHAPRIORB=2.0000,	ALPHAPROPSD=0.0250,	STARTATPOPINFO=0,	RANDOMIZE=1,	LINKAGE=0,	METROFREQ=10,	REPORTHITRATE=0,	MARKOVPHASE=-1,	PHASED=0,	PLOIDY=2,	PHASEINFO=0	LOCPRIOR=0, 	LOCPRIORINIT=1.000000, 	LOCDATA=0, 	LOCISPOP=0, 	LOCPRIORSTEP=0.100000, 	MAXLOCPRIOR=20.000000, 	SEED=1689806110,	
[STRAT parameters]:    NUMSIMSTATS=1000,	PHENOTYPECOL=-9,	POOLFREQ=10,	LOCUSxONLY=0,	EMERROR=0.00100,	MISSINGPHENO=-9,	