

----------------------------------------------------
STRUCTURE by Pritchard, Stephens and Donnelly (2000)
     and Falush, Stephens and Pritchard (2003)
       Code by Pritchard, Falush and Hubisz
             Version 2.3.4 (Jul 2012)
----------------------------------------------------



Command line arguments:   bin\structure -m C:\Users\eschumacher\Documents\GitHub\Ten_Oaks\Data_Files\QUTO_wild\50-50\mainparams -e C:\Users\eschumacher\Documents\GitHub\Ten_Oaks\Data_Files\QUTO_wild\50-50\extraparams 
Input File:    C:\Users\eschumacher\Documents\GitHub\Ten_Oaks\Data_Files\QUTO_wild\project_data

Run parameters:
   136 individuals
   9 loci
   20 populations assumed
   50000 Burn-in period
   50000 Reps


--------------------------------------------
Proportion of membership of each pre-defined
 population in each of the 20 clusters

Given    Inferred Clusters                                                                                                                              Number of
 Pop       1      2      3      4      5      6      7      8      9     10     11     12     13     14     15     16     17     18     19     20      Individuals

  1:     0.022  0.116  0.018  0.022  0.010  0.012  0.027  0.206  0.017  0.040  0.035  0.017  0.017  0.268  0.009  0.049  0.042  0.015  0.014  0.044        1
  2:     0.008  0.007  0.005  0.008  0.005  0.422  0.004  0.007  0.007  0.005  0.005  0.004  0.011  0.008  0.005  0.008  0.006  0.460  0.005  0.009        4
  3:     0.013  0.040  0.010  0.017  0.005  0.008  0.004  0.030  0.703  0.015  0.014  0.007  0.020  0.021  0.022  0.028  0.013  0.007  0.007  0.017        4
  4:     0.011  0.114  0.013  0.007  0.535  0.005  0.008  0.091  0.027  0.012  0.011  0.007  0.011  0.019  0.005  0.053  0.030  0.006  0.010  0.025        5
  5:     0.022  0.058  0.014  0.121  0.010  0.133  0.024  0.064  0.118  0.047  0.029  0.050  0.058  0.060  0.013  0.039  0.029  0.061  0.014  0.035       71
  6:     0.005  0.006  0.005  0.005  0.015  0.003  0.004  0.005  0.003  0.005  0.008  0.003  0.005  0.009  0.006  0.006  0.007  0.004  0.889  0.006        2
  7:     0.036  0.046  0.027  0.007  0.005  0.015  0.609  0.044  0.010  0.005  0.009  0.005  0.006  0.019  0.015  0.030  0.035  0.023  0.007  0.047        5
  8:     0.042  0.068  0.191  0.053  0.042  0.010  0.015  0.051  0.012  0.061  0.075  0.039  0.012  0.030  0.031  0.082  0.043  0.012  0.051  0.080       10
  9:     0.035  0.032  0.344  0.024  0.105  0.013  0.009  0.029  0.074  0.024  0.032  0.018  0.034  0.024  0.037  0.055  0.029  0.006  0.032  0.047        8
 10:     0.046  0.035  0.013  0.006  0.104  0.104  0.044  0.034  0.011  0.015  0.021  0.016  0.029  0.047  0.306  0.051  0.033  0.014  0.011  0.060        9
 11:     0.332  0.019  0.005  0.012  0.027  0.010  0.004  0.014  0.009  0.039  0.031  0.007  0.076  0.020  0.048  0.024  0.245  0.008  0.030  0.041        3
 12:     0.019  0.033  0.023  0.012  0.008  0.006  0.576  0.035  0.035  0.037  0.045  0.008  0.006  0.017  0.008  0.056  0.020  0.015  0.012  0.030        1
 13:     0.035  0.039  0.007  0.009  0.008  0.030  0.046  0.036  0.006  0.011  0.032  0.009  0.036  0.052  0.418  0.037  0.060  0.012  0.078  0.038        3
 14:     0.024  0.207  0.060  0.007  0.036  0.012  0.036  0.101  0.004  0.005  0.007  0.010  0.083  0.021  0.006  0.066  0.094  0.009  0.144  0.067        1
 15:     0.499  0.005  0.005  0.020  0.005  0.003  0.005  0.005  0.005  0.004  0.004  0.003  0.005  0.004  0.005  0.006  0.400  0.004  0.008  0.006        2
 16:     0.018  0.031  0.022  0.026  0.008  0.024  0.026  0.031  0.009  0.011  0.014  0.007  0.063  0.040  0.052  0.037  0.116  0.026  0.411  0.030        4
 17:     0.005  0.006  0.005  0.005  0.005  0.005  0.003  0.006  0.007  0.395  0.506  0.004  0.005  0.006  0.007  0.006  0.005  0.005  0.011  0.006        3
--------------------------------------------

Allele-freq. divergence among pops (Net nucleotide distance),
computed using point estimates of P.

      1       2       3       4       5       6       7       8       9      10      11      12      13      14      15      16      17      18      19      20      
 1      -    0.0627  0.0957  0.1361  0.1676  0.1687  0.2101  0.0707  0.2141  0.1405  0.1165  0.1905  0.1475  0.0863  0.1175  0.0527  0.0058  0.1447  0.1075  0.0445  
 2   0.0627     -    0.0593  0.1140  0.1390  0.1599  0.1862  0.0043  0.1138  0.0652  0.0494  0.1571  0.1365  0.0231  0.1068  0.0051  0.0404  0.1269  0.0855  0.0073  
 3   0.0957  0.0593     -    0.1804  0.1557  0.1853  0.1972  0.0688  0.1441  0.1298  0.1042  0.2016  0.1855  0.0839  0.1300  0.0557  0.0787  0.1848  0.1127  0.0475  
 4   0.1361  0.1140  0.1804     -    0.2724  0.2914  0.2866  0.1199  0.1997  0.1998  0.1904  0.3037  0.2738  0.1432  0.2195  0.1228  0.1119  0.2422  0.1421  0.1194  
 5   0.1676  0.1390  0.1557  0.2724     -    0.2145  0.2988  0.1493  0.2422  0.2089  0.1787  0.2302  0.1911  0.1529  0.1996  0.1217  0.1615  0.2267  0.1907  0.1071  
 6   0.1687  0.1599  0.1853  0.2914  0.2145     -    0.3566  0.1520  0.2670  0.2309  0.2062  0.3119  0.1420  0.1320  0.2443  0.1389  0.1610  0.1843  0.2292  0.1297  
 7   0.2101  0.1862  0.1972  0.2866  0.2988  0.3566     -    0.1935  0.4064  0.3186  0.3013  0.3143  0.3325  0.2259  0.3066  0.1924  0.1893  0.2314  0.2471  0.1813  
 8   0.0707  0.0043  0.0688  0.1199  0.1493  0.1520  0.1935     -    0.1162  0.0603  0.0490  0.1575  0.1541  0.0095  0.1261  0.0072  0.0486  0.1321  0.1008  0.0118  
 9   0.2141  0.1138  0.1441  0.1997  0.2422  0.2670  0.4064  0.1162     -    0.1168  0.1043  0.2757  0.2997  0.1198  0.1782  0.1101  0.1991  0.2688  0.2504  0.1148  
10   0.1405  0.0652  0.1298  0.1998  0.2089  0.2309  0.3186  0.0603  0.1168     -    0.0136  0.1944  0.2436  0.0630  0.1766  0.0607  0.1234  0.2066  0.1788  0.0676  
11   0.1165  0.0494  0.1042  0.1904  0.1787  0.2062  0.3013  0.0490  0.1043  0.0136     -    0.1888  0.2065  0.0540  0.1274  0.0429  0.0995  0.1750  0.1357  0.0468  
12   0.1905  0.1571  0.2016  0.3037  0.2302  0.3119  0.3143  0.1575  0.2757  0.1944  0.1888     -    0.3243  0.1690  0.2444  0.1475  0.1873  0.2803  0.3004  0.1501  
13   0.1475  0.1365  0.1855  0.2738  0.1911  0.1420  0.3325  0.1541  0.2997  0.2436  0.2065  0.3243     -    0.1645  0.1881  0.1234  0.1364  0.1530  0.1800  0.1151  
14   0.0863  0.0231  0.0839  0.1432  0.1529  0.1320  0.2259  0.0095  0.1198  0.0630  0.0540  0.1690  0.1645     -    0.1466  0.0202  0.0663  0.1384  0.1221  0.0233  
15   0.1175  0.1068  0.1300  0.2195  0.1996  0.2443  0.3066  0.1261  0.1782  0.1766  0.1274  0.2444  0.1881  0.1466     -    0.0969  0.1044  0.1863  0.1143  0.0881  
16   0.0527  0.0051  0.0557  0.1228  0.1217  0.1389  0.1924  0.0072  0.1101  0.0607  0.0429  0.1475  0.1234  0.0202  0.0969     -    0.0368  0.1205  0.0911  0.0033  
17   0.0058  0.0404  0.0787  0.1119  0.1615  0.1610  0.1893  0.0486  0.1991  0.1234  0.0995  0.1873  0.1364  0.0663  0.1044  0.0368     -    0.1323  0.0738  0.0294  
18   0.1447  0.1269  0.1848  0.2422  0.2267  0.1843  0.2314  0.1321  0.2688  0.2066  0.1750  0.2803  0.1530  0.1384  0.1863  0.1205  0.1323     -    0.1838  0.1055  
19   0.1075  0.0855  0.1127  0.1421  0.1907  0.2292  0.2471  0.1008  0.2504  0.1788  0.1357  0.3004  0.1800  0.1221  0.1143  0.0911  0.0738  0.1838     -    0.0769  
20   0.0445  0.0073  0.0475  0.1194  0.1071  0.1297  0.1813  0.0118  0.1148  0.0676  0.0468  0.1501  0.1151  0.0233  0.0881  0.0033  0.0294  0.1055  0.0769     -    

Average distances (expected heterozygosity) between individuals in same cluster:
cluster  1  : 0.5546 
cluster  2  : 0.4998 
cluster  3  : 0.6064 
cluster  4  : 0.2385 
cluster  5  : 0.4581 
cluster  6  : 0.3017 
cluster  7  : 0.3211 
cluster  8  : 0.4813 
cluster  9  : 0.2942 
cluster 10  : 0.3927 
cluster 11  : 0.4739 
cluster 12  : 0.3164 
cluster 13  : 0.3226 
cluster 14  : 0.4690 
cluster 15  : 0.4472 
cluster 16  : 0.5489 
cluster 17  : 0.5416 
cluster 18  : 0.3862 
cluster 19  : 0.4317 
cluster 20  : 0.5834 

--------------------------------------------
Estimated Ln Prob of Data   = -2263.2
Mean value of ln likelihood = -1789.1
Variance of ln likelihood   = 948.1
Mean value of alpha         = 0.0354

Mean value of Fst_1         = 0.2808
Mean value of Fst_2         = 0.2501
Mean value of Fst_3         = 0.2161
Mean value of Fst_4         = 0.5907
Mean value of Fst_5         = 0.4006
Mean value of Fst_6         = 0.5173
Mean value of Fst_7         = 0.5610
Mean value of Fst_8         = 0.2849
Mean value of Fst_9         = 0.5169
Mean value of Fst_10         = 0.5060
Mean value of Fst_11         = 0.4361
Mean value of Fst_12         = 0.5687
Mean value of Fst_13         = 0.4943
Mean value of Fst_14         = 0.2780
Mean value of Fst_15         = 0.3631
Mean value of Fst_16         = 0.2388
Mean value of Fst_17         = 0.3234
Mean value of Fst_18         = 0.4531
Mean value of Fst_19         = 0.3816
Mean value of Fst_20         = 0.0938


Inferred ancestry of individuals:
        Label (%Miss) Pop:  Inferred clusters
  1 QTo-W-0007   (11)    1 :  0.022 0.116 0.018 0.022 0.010 0.012 0.027 0.206 0.017 0.040 0.035 0.017 0.017 0.268 0.009 0.049 0.042 0.015 0.014 0.044 
  2 QTo-W-0009    (0)    2 :  0.004 0.005 0.004 0.017 0.004 0.006 0.003 0.005 0.012 0.004 0.005 0.004 0.006 0.006 0.004 0.005 0.005 0.894 0.004 0.005 
  3 QTo-W-0010    (0)    2 :  0.017 0.014 0.010 0.005 0.008 0.765 0.006 0.012 0.005 0.006 0.008 0.004 0.024 0.014 0.008 0.019 0.012 0.037 0.007 0.021 
  4 QTo-W-0011    (0)    2 :  0.005 0.005 0.003 0.005 0.004 0.010 0.005 0.006 0.004 0.004 0.004 0.004 0.008 0.006 0.004 0.004 0.005 0.905 0.004 0.005 
  5 QTo-W-0012   (22)    2 :  0.004 0.005 0.004 0.004 0.005 0.907 0.003 0.006 0.005 0.005 0.005 0.003 0.007 0.006 0.005 0.005 0.004 0.005 0.005 0.005 
  6 QTo-W-0020   (22)    3 :  0.003 0.004 0.006 0.006 0.004 0.007 0.003 0.004 0.919 0.004 0.004 0.003 0.003 0.004 0.005 0.004 0.004 0.004 0.004 0.004 
  7 QTo-W-0021   (22)    3 :  0.008 0.044 0.009 0.014 0.006 0.006 0.004 0.025 0.763 0.021 0.014 0.012 0.005 0.014 0.009 0.011 0.011 0.006 0.006 0.011 
  8 QTo-W-0023   (22)    3 :  0.006 0.012 0.009 0.039 0.005 0.008 0.003 0.012 0.801 0.017 0.013 0.005 0.006 0.014 0.008 0.010 0.007 0.007 0.007 0.010 
  9 QTo-W-0024   (11)    3 :  0.034 0.101 0.015 0.009 0.006 0.010 0.004 0.079 0.331 0.016 0.024 0.006 0.065 0.052 0.065 0.085 0.032 0.011 0.011 0.045 
 10 QTo-W-0033    (0)    4 :  0.006 0.008 0.006 0.004 0.855 0.006 0.005 0.007 0.015 0.004 0.005 0.005 0.020 0.007 0.004 0.009 0.006 0.012 0.006 0.010 
 11 QTo-W-0035   (11)    4 :  0.005 0.006 0.005 0.005 0.893 0.007 0.006 0.005 0.005 0.005 0.005 0.006 0.008 0.005 0.004 0.006 0.005 0.005 0.006 0.007 
 12 QTo-W-0036    (0)    4 :  0.004 0.005 0.004 0.004 0.918 0.005 0.005 0.004 0.004 0.004 0.004 0.005 0.005 0.005 0.004 0.005 0.004 0.004 0.004 0.005 
 13 QTo-W-0039   (11)    4 :  0.017 0.254 0.009 0.013 0.006 0.005 0.011 0.236 0.067 0.028 0.023 0.012 0.011 0.048 0.006 0.137 0.054 0.005 0.009 0.048 
 14 QTo-W-0041    (0)    4 :  0.024 0.296 0.043 0.008 0.005 0.004 0.012 0.201 0.042 0.018 0.015 0.008 0.010 0.030 0.006 0.110 0.079 0.004 0.028 0.058 
 15 QTo-W-0044    (0)    5 :  0.009 0.010 0.006 0.028 0.004 0.004 0.020 0.009 0.009 0.004 0.005 0.086 0.012 0.008 0.116 0.009 0.009 0.636 0.006 0.010 
 16 QTo-W-0047    (0)    5 :  0.005 0.005 0.004 0.005 0.004 0.009 0.006 0.007 0.004 0.005 0.005 0.004 0.012 0.007 0.005 0.006 0.005 0.888 0.005 0.009 
 17 QTo-W-0048   (11)    5 :  0.006 0.007 0.004 0.006 0.005 0.012 0.008 0.007 0.005 0.006 0.006 0.005 0.010 0.009 0.005 0.006 0.007 0.877 0.005 0.006 
 18 QTo-W-0049    (0)    5 :  0.006 0.007 0.005 0.004 0.009 0.846 0.006 0.007 0.004 0.005 0.005 0.004 0.023 0.008 0.006 0.007 0.005 0.029 0.006 0.008 
 19 QTo-W-0050   (22)    5 :  0.052 0.029 0.014 0.423 0.110 0.026 0.005 0.022 0.021 0.010 0.011 0.007 0.037 0.019 0.013 0.029 0.038 0.015 0.082 0.038 
 20 QTo-W-0052    (0)    5 :  0.014 0.011 0.007 0.004 0.005 0.012 0.666 0.011 0.004 0.007 0.007 0.128 0.006 0.020 0.025 0.014 0.015 0.021 0.007 0.015 
 21 QTo-W-0054    (0)    5 :  0.004 0.005 0.004 0.004 0.004 0.913 0.003 0.005 0.005 0.004 0.004 0.003 0.008 0.007 0.004 0.005 0.004 0.005 0.004 0.005 
 22 QTo-W-0056    (0)    5 :  0.005 0.005 0.003 0.003 0.003 0.880 0.006 0.006 0.004 0.004 0.004 0.004 0.007 0.006 0.004 0.005 0.005 0.039 0.004 0.006 
 23 QTo-W-0057    (0)    5 :  0.006 0.007 0.005 0.004 0.006 0.702 0.010 0.007 0.004 0.004 0.005 0.003 0.075 0.007 0.006 0.006 0.007 0.124 0.006 0.007 
 24 QTo-W-0058    (0)    5 :  0.004 0.004 0.004 0.004 0.004 0.917 0.003 0.005 0.004 0.004 0.004 0.003 0.006 0.006 0.004 0.006 0.005 0.004 0.005 0.005 
 25 QTo-W-0059    (0)    5 :  0.017 0.016 0.008 0.073 0.005 0.524 0.020 0.014 0.021 0.005 0.007 0.071 0.013 0.017 0.048 0.019 0.013 0.080 0.006 0.023 
 26 QTo-W-0060    (0)    5 :  0.006 0.008 0.005 0.005 0.005 0.805 0.006 0.007 0.004 0.004 0.005 0.004 0.027 0.007 0.004 0.010 0.005 0.069 0.005 0.008 
 27 QTo-W-0061    (0)    5 :  0.022 0.074 0.013 0.007 0.005 0.431 0.009 0.086 0.030 0.024 0.026 0.008 0.006 0.065 0.011 0.083 0.039 0.006 0.008 0.048 
 28 QTo-W-0062   (11)    5 :  0.005 0.005 0.005 0.005 0.005 0.897 0.004 0.005 0.005 0.005 0.005 0.004 0.011 0.006 0.005 0.006 0.005 0.006 0.005 0.005 
 29 QTo-W-0065   (11)    5 :  0.009 0.022 0.011 0.009 0.004 0.682 0.004 0.028 0.044 0.033 0.029 0.013 0.008 0.032 0.012 0.021 0.010 0.007 0.008 0.014 
 30 QTo-W-0067    (0)    5 :  0.008 0.027 0.009 0.008 0.006 0.671 0.008 0.026 0.030 0.019 0.016 0.009 0.011 0.027 0.007 0.021 0.012 0.061 0.006 0.018 
 31 QTo-W-0071    (0)    5 :  0.037 0.322 0.012 0.010 0.005 0.005 0.006 0.199 0.015 0.012 0.014 0.008 0.012 0.029 0.007 0.056 0.145 0.010 0.018 0.075 
 32 QTo-W-0072    (0)    5 :  0.007 0.020 0.011 0.595 0.006 0.004 0.008 0.029 0.202 0.011 0.011 0.006 0.004 0.017 0.023 0.016 0.007 0.004 0.007 0.013 
 33 QTo-W-0075    (0)    5 :  0.009 0.062 0.006 0.058 0.004 0.004 0.009 0.041 0.677 0.010 0.009 0.011 0.009 0.011 0.008 0.037 0.008 0.005 0.004 0.017 
 34 QTo-W-0076   (11)    5 :  0.011 0.073 0.012 0.016 0.010 0.007 0.004 0.033 0.659 0.011 0.013 0.007 0.015 0.012 0.046 0.017 0.015 0.009 0.010 0.018 
 35 QTo-W-0077   (11)    5 :  0.020 0.059 0.014 0.044 0.014 0.034 0.004 0.078 0.251 0.016 0.013 0.007 0.074 0.131 0.008 0.049 0.014 0.119 0.009 0.041 
 36 QTo-W-0079    (0)    5 :  0.003 0.004 0.004 0.005 0.003 0.005 0.002 0.004 0.930 0.004 0.004 0.003 0.003 0.004 0.004 0.004 0.003 0.003 0.003 0.004 
 37 QTo-W-0080   (11)    5 :  0.042 0.085 0.075 0.006 0.008 0.126 0.008 0.088 0.131 0.017 0.023 0.007 0.008 0.076 0.028 0.084 0.066 0.008 0.012 0.102 
 38 QTo-W-0081   (11)    5 :  0.008 0.081 0.006 0.006 0.011 0.008 0.004 0.040 0.688 0.012 0.013 0.009 0.009 0.018 0.035 0.020 0.006 0.006 0.005 0.015 
 39 QTo-W-0082    (0)    5 :  0.017 0.050 0.015 0.010 0.005 0.014 0.003 0.024 0.716 0.009 0.011 0.006 0.007 0.010 0.014 0.015 0.035 0.007 0.010 0.024 
 40 QTo-W-0087    (0)    5 :  0.005 0.016 0.006 0.022 0.004 0.010 0.003 0.009 0.859 0.007 0.007 0.004 0.007 0.008 0.005 0.007 0.005 0.005 0.004 0.007 
 41 QTo-W-0088   (11)    5 :  0.005 0.028 0.006 0.008 0.004 0.013 0.004 0.013 0.833 0.009 0.008 0.005 0.010 0.011 0.007 0.010 0.006 0.007 0.005 0.008 
 42 QTo-W-0089   (11)    5 :  0.005 0.073 0.005 0.008 0.010 0.004 0.004 0.028 0.775 0.010 0.008 0.007 0.006 0.008 0.013 0.011 0.006 0.004 0.004 0.010 
 43 QTo-W-0090    (0)    5 :  0.020 0.092 0.009 0.008 0.022 0.005 0.003 0.036 0.627 0.011 0.011 0.008 0.023 0.016 0.020 0.020 0.014 0.020 0.006 0.030 
 44 QTo-W-0093   (11)    5 :  0.053 0.100 0.025 0.215 0.005 0.036 0.011 0.060 0.170 0.010 0.017 0.005 0.045 0.021 0.022 0.061 0.043 0.012 0.036 0.051 
 45 QTo-W-0098    (0)    5 :  0.012 0.008 0.006 0.831 0.004 0.012 0.006 0.012 0.008 0.007 0.007 0.005 0.011 0.019 0.007 0.008 0.011 0.010 0.008 0.009 
 46 QTo-W-0101   (11)    5 :  0.016 0.013 0.009 0.764 0.004 0.016 0.008 0.019 0.011 0.010 0.009 0.006 0.014 0.030 0.009 0.012 0.014 0.013 0.012 0.010 
 47 QTo-W-0114    (0)    5 :  0.006 0.009 0.005 0.874 0.004 0.004 0.005 0.010 0.011 0.010 0.007 0.007 0.004 0.009 0.005 0.009 0.006 0.004 0.005 0.007 
 48 QTo-W-0116   (11)    5 :  0.009 0.006 0.004 0.893 0.004 0.005 0.004 0.006 0.006 0.004 0.005 0.005 0.005 0.005 0.007 0.005 0.008 0.006 0.007 0.005 
 49 QTo-W-0117   (22)    5 :  0.010 0.009 0.006 0.862 0.005 0.007 0.005 0.007 0.009 0.007 0.006 0.005 0.008 0.007 0.008 0.007 0.009 0.008 0.011 0.007 
 50 QTo-W-0118    (0)    5 :  0.006 0.005 0.003 0.917 0.003 0.004 0.004 0.005 0.005 0.004 0.004 0.004 0.004 0.004 0.005 0.005 0.006 0.004 0.005 0.005 
 51 QTo-W-0121   (11)    5 :  0.009 0.013 0.005 0.808 0.004 0.005 0.004 0.010 0.025 0.006 0.006 0.004 0.037 0.007 0.007 0.014 0.008 0.007 0.008 0.011 
 52 QTo-W-0124   (11)    5 :  0.005 0.005 0.004 0.005 0.006 0.019 0.005 0.005 0.004 0.005 0.005 0.004 0.883 0.006 0.005 0.005 0.006 0.012 0.006 0.006 
 53 QTo-W-0128    (0)    5 :  0.004 0.004 0.003 0.004 0.004 0.009 0.003 0.004 0.004 0.004 0.004 0.003 0.916 0.005 0.004 0.004 0.005 0.008 0.004 0.004 
 54 QTo-W-0129    (0)    5 :  0.006 0.007 0.005 0.004 0.004 0.009 0.004 0.005 0.004 0.004 0.005 0.003 0.892 0.006 0.005 0.009 0.007 0.010 0.004 0.007 
 55 QTo-W-0131   (11)    5 :  0.098 0.078 0.020 0.006 0.051 0.043 0.004 0.078 0.030 0.019 0.029 0.025 0.012 0.119 0.021 0.125 0.051 0.018 0.007 0.166 
 56 QTo-W-0133   (11)    5 :  0.115 0.089 0.007 0.010 0.009 0.014 0.099 0.121 0.013 0.028 0.034 0.010 0.013 0.114 0.011 0.067 0.093 0.072 0.007 0.074 
 57 QTo-W-0137    (0)    5 :  0.047 0.267 0.020 0.062 0.004 0.005 0.007 0.151 0.024 0.012 0.018 0.007 0.019 0.032 0.014 0.077 0.120 0.012 0.017 0.082 
 58 QTo-W-0138    (0)    5 :  0.040 0.034 0.008 0.004 0.006 0.151 0.016 0.056 0.004 0.014 0.014 0.014 0.199 0.104 0.011 0.119 0.034 0.087 0.013 0.072 
 59 QTo-W-0139    (0)    5 :  0.005 0.006 0.004 0.004 0.005 0.004 0.016 0.006 0.004 0.007 0.005 0.894 0.003 0.005 0.004 0.006 0.005 0.010 0.003 0.005 
 60 QTo-W-0140   (22)    5 :  0.005 0.005 0.004 0.005 0.006 0.005 0.005 0.005 0.005 0.006 0.005 0.904 0.004 0.006 0.004 0.006 0.005 0.005 0.004 0.005 
 61 QTo-W-0142    (0)    5 :  0.004 0.005 0.004 0.004 0.004 0.003 0.004 0.005 0.005 0.009 0.006 0.916 0.003 0.005 0.004 0.005 0.005 0.003 0.003 0.004 
 62 QTo-W-0144    (0)    5 :  0.070 0.061 0.015 0.008 0.016 0.231 0.006 0.084 0.007 0.009 0.012 0.008 0.031 0.145 0.007 0.063 0.046 0.007 0.099 0.075 
 63 QTo-W-0149   (22)    5 :  0.007 0.007 0.005 0.006 0.005 0.005 0.004 0.008 0.008 0.577 0.309 0.008 0.005 0.010 0.004 0.008 0.006 0.005 0.004 0.008 
 64 QTo-W-0151   (11)    5 :  0.008 0.009 0.015 0.005 0.004 0.012 0.005 0.012 0.030 0.550 0.263 0.006 0.006 0.028 0.005 0.011 0.010 0.004 0.008 0.010 
 65 QTo-W-0153   (22)    5 :  0.005 0.006 0.004 0.006 0.005 0.005 0.004 0.006 0.006 0.614 0.292 0.006 0.004 0.007 0.004 0.006 0.005 0.005 0.004 0.006 
 66 QTo-W-0154    (0)    5 :  0.010 0.037 0.010 0.021 0.004 0.003 0.013 0.041 0.008 0.470 0.221 0.043 0.004 0.021 0.010 0.034 0.019 0.004 0.009 0.015 
 67 QTo-W-0159   (11)    5 :  0.027 0.241 0.013 0.033 0.006 0.016 0.038 0.263 0.007 0.011 0.013 0.010 0.008 0.050 0.013 0.065 0.102 0.007 0.018 0.058 
 68 QTo-W-0161   (11)    5 :  0.013 0.058 0.019 0.022 0.008 0.005 0.011 0.058 0.007 0.414 0.199 0.034 0.006 0.029 0.006 0.040 0.023 0.005 0.019 0.025 
 69 QTo-W-0162    (0)    5 :  0.085 0.102 0.041 0.147 0.011 0.004 0.011 0.088 0.019 0.015 0.019 0.015 0.004 0.059 0.013 0.098 0.090 0.004 0.051 0.123 
 70 QTo-W-0163   (11)    5 :  0.032 0.056 0.208 0.006 0.013 0.024 0.012 0.085 0.176 0.028 0.034 0.037 0.006 0.098 0.020 0.060 0.024 0.006 0.010 0.065 
 71 QTo-W-0167   (11)    5 :  0.027 0.071 0.018 0.231 0.032 0.009 0.087 0.062 0.017 0.009 0.010 0.007 0.008 0.022 0.009 0.035 0.041 0.130 0.123 0.053 
 72 QTo-W-0170    (0)    5 :  0.047 0.250 0.014 0.031 0.008 0.006 0.066 0.177 0.007 0.008 0.009 0.007 0.012 0.025 0.013 0.043 0.123 0.022 0.047 0.085 
 73 QTo-W-0171   (22)    5 :  0.056 0.134 0.022 0.012 0.027 0.051 0.006 0.116 0.012 0.014 0.019 0.011 0.106 0.070 0.013 0.130 0.086 0.010 0.020 0.085 
 74 QTo-W-0172   (22)    5 :  0.137 0.082 0.016 0.066 0.035 0.006 0.068 0.059 0.006 0.007 0.015 0.027 0.009 0.050 0.013 0.076 0.076 0.008 0.044 0.200 
 75 QTo-W-0173   (11)    5 :  0.026 0.288 0.013 0.018 0.005 0.009 0.048 0.223 0.010 0.017 0.017 0.010 0.007 0.021 0.009 0.045 0.131 0.017 0.020 0.066 
 76 QTo-W-0174    (0)    5 :  0.013 0.079 0.013 0.216 0.007 0.011 0.026 0.197 0.034 0.020 0.017 0.008 0.008 0.205 0.010 0.053 0.026 0.011 0.010 0.036 
 77 QTo-W-0175    (0)    5 :  0.057 0.060 0.007 0.006 0.007 0.040 0.004 0.101 0.011 0.018 0.020 0.006 0.066 0.230 0.006 0.174 0.056 0.008 0.007 0.114 
 78 QTo-W-0182   (22)    5 :  0.011 0.014 0.006 0.008 0.006 0.009 0.006 0.013 0.014 0.007 0.008 0.004 0.205 0.013 0.016 0.014 0.011 0.606 0.012 0.017 
 79 QTo-W-0184    (0)    5 :  0.031 0.076 0.099 0.032 0.033 0.009 0.032 0.109 0.028 0.013 0.014 0.007 0.016 0.113 0.078 0.128 0.056 0.016 0.027 0.083 
 80 QTo-W-0188    (0)    5 :  0.062 0.174 0.013 0.011 0.005 0.014 0.176 0.215 0.004 0.006 0.015 0.008 0.007 0.036 0.008 0.052 0.105 0.016 0.012 0.062 
 81 QTo-W-0192   (11)    5 :  0.008 0.009 0.006 0.008 0.004 0.009 0.005 0.256 0.008 0.011 0.008 0.005 0.006 0.587 0.006 0.012 0.007 0.029 0.006 0.010 
 82 QTo-W-0193    (0)    5 :  0.009 0.010 0.006 0.006 0.004 0.016 0.004 0.262 0.006 0.009 0.008 0.005 0.006 0.596 0.005 0.013 0.008 0.005 0.006 0.017 
 83 QTo-W-0194    (0)    5 :  0.005 0.007 0.004 0.006 0.004 0.016 0.004 0.268 0.006 0.006 0.006 0.004 0.005 0.612 0.004 0.008 0.006 0.017 0.005 0.006 
 84 QTo-W-0196   (11)    5 :  0.013 0.190 0.009 0.013 0.005 0.009 0.012 0.225 0.017 0.026 0.045 0.020 0.006 0.060 0.015 0.238 0.015 0.007 0.006 0.070 
 85 QTo-W-0197    (0)    5 :  0.015 0.201 0.006 0.009 0.004 0.006 0.011 0.212 0.056 0.018 0.027 0.013 0.021 0.042 0.016 0.244 0.014 0.005 0.005 0.076 
 86 QTo-W-0200   (11)    6 :  0.005 0.006 0.004 0.005 0.015 0.003 0.004 0.005 0.004 0.005 0.008 0.003 0.005 0.009 0.005 0.005 0.008 0.004 0.890 0.006 
 87 QTo-W-0201   (22)    6 :  0.005 0.006 0.005 0.005 0.015 0.004 0.004 0.005 0.003 0.006 0.007 0.003 0.004 0.009 0.006 0.007 0.006 0.004 0.889 0.006 
 88 QTo-W-0205    (0)    7 :  0.006 0.005 0.004 0.004 0.003 0.003 0.929 0.004 0.003 0.003 0.003 0.004 0.003 0.003 0.003 0.004 0.005 0.004 0.004 0.004 
 89 QTo-W-0208    (0)    7 :  0.056 0.064 0.106 0.010 0.009 0.058 0.139 0.057 0.037 0.011 0.021 0.012 0.012 0.040 0.062 0.072 0.038 0.094 0.015 0.087 
 90 QTo-W-0211    (0)    7 :  0.106 0.150 0.017 0.014 0.005 0.007 0.140 0.145 0.004 0.005 0.014 0.004 0.004 0.042 0.005 0.065 0.124 0.006 0.011 0.132 
 91 QTo-W-0212   (11)    7 :  0.004 0.004 0.004 0.004 0.004 0.005 0.924 0.005 0.003 0.004 0.003 0.003 0.005 0.005 0.003 0.004 0.004 0.005 0.004 0.004 
 92 QTo-W-0213    (0)    7 :  0.005 0.008 0.007 0.004 0.003 0.004 0.911 0.008 0.003 0.003 0.003 0.003 0.004 0.005 0.003 0.005 0.006 0.005 0.004 0.006 
 93 QTo-W-0216   (11)    8 :  0.007 0.044 0.006 0.005 0.005 0.007 0.006 0.073 0.006 0.271 0.306 0.005 0.010 0.011 0.007 0.172 0.009 0.009 0.024 0.017 
 94 QTo-W-0220    (0)    8 :  0.013 0.044 0.013 0.004 0.005 0.009 0.004 0.075 0.005 0.251 0.287 0.005 0.008 0.009 0.008 0.175 0.013 0.027 0.021 0.021 
 95 QTo-W-0224   (11)    8 :  0.082 0.068 0.022 0.017 0.042 0.027 0.006 0.033 0.009 0.010 0.019 0.032 0.015 0.045 0.130 0.063 0.106 0.040 0.120 0.114 
 96 QTo-W-0225   (11)    8 :  0.007 0.012 0.833 0.006 0.005 0.016 0.016 0.010 0.009 0.006 0.007 0.004 0.008 0.008 0.008 0.008 0.009 0.006 0.012 0.010 
 97 QTo-W-0227   (11)    8 :  0.062 0.095 0.027 0.007 0.060 0.007 0.005 0.095 0.011 0.029 0.080 0.012 0.020 0.032 0.110 0.122 0.032 0.010 0.096 0.089 
 98 QTo-W-0229    (0)    8 :  0.005 0.010 0.840 0.003 0.004 0.007 0.004 0.006 0.048 0.005 0.006 0.006 0.003 0.005 0.009 0.007 0.006 0.003 0.015 0.007 
 99 QTo-W-0231    (0)    8 :  0.147 0.047 0.026 0.003 0.067 0.005 0.032 0.026 0.006 0.007 0.010 0.008 0.013 0.109 0.006 0.064 0.054 0.006 0.004 0.360 
100 QTo-W-0238   (22)    8 :  0.025 0.211 0.073 0.024 0.013 0.007 0.035 0.104 0.009 0.013 0.015 0.037 0.011 0.021 0.013 0.065 0.117 0.008 0.141 0.056 
101 QTo-W-0240    (0)    8 :  0.049 0.118 0.028 0.015 0.206 0.008 0.029 0.061 0.006 0.009 0.013 0.016 0.030 0.047 0.011 0.112 0.063 0.008 0.068 0.102 
102 QTo-W-0242    (0)    8 :  0.024 0.027 0.046 0.443 0.014 0.003 0.012 0.026 0.008 0.009 0.009 0.259 0.003 0.016 0.006 0.032 0.022 0.004 0.012 0.025 
103 QTo-W-0244    (0)    9 :  0.017 0.021 0.020 0.042 0.593 0.003 0.009 0.017 0.009 0.006 0.007 0.013 0.004 0.011 0.033 0.021 0.038 0.004 0.110 0.020 
104 QTo-W-0245   (11)    9 :  0.038 0.043 0.290 0.010 0.162 0.005 0.010 0.031 0.011 0.010 0.009 0.020 0.019 0.028 0.027 0.077 0.033 0.010 0.080 0.088 
105 QTo-W-0251    (0)    9 :  0.044 0.044 0.008 0.078 0.004 0.004 0.010 0.043 0.284 0.132 0.185 0.005 0.005 0.026 0.010 0.037 0.026 0.004 0.005 0.048 
106 QTo-W-0253    (0)    9 :  0.015 0.028 0.670 0.020 0.005 0.004 0.008 0.029 0.019 0.006 0.010 0.007 0.005 0.009 0.037 0.068 0.020 0.006 0.013 0.022 
107 QTo-W-0256   (11)    9 :  0.036 0.035 0.318 0.007 0.026 0.044 0.006 0.023 0.077 0.008 0.012 0.006 0.211 0.033 0.024 0.043 0.021 0.008 0.010 0.051 
108 QTo-W-0258    (0)    9 :  0.051 0.043 0.224 0.004 0.016 0.032 0.003 0.024 0.167 0.007 0.013 0.029 0.020 0.035 0.157 0.062 0.029 0.006 0.013 0.066 
109 QTo-W-0259    (0)    9 :  0.022 0.015 0.648 0.022 0.013 0.005 0.009 0.023 0.016 0.018 0.009 0.042 0.005 0.020 0.003 0.055 0.021 0.004 0.008 0.041 
110 QTo-W-0260   (22)    9 :  0.059 0.024 0.571 0.010 0.019 0.005 0.016 0.039 0.005 0.008 0.007 0.024 0.004 0.028 0.003 0.079 0.039 0.004 0.015 0.041 
111 QTo-W-0274   (11)   10 :  0.011 0.012 0.020 0.005 0.004 0.005 0.004 0.011 0.010 0.007 0.010 0.004 0.008 0.009 0.817 0.015 0.010 0.006 0.009 0.022 
112 QTo-W-0275    (0)   10 :  0.090 0.038 0.007 0.007 0.059 0.195 0.010 0.036 0.004 0.052 0.071 0.006 0.104 0.067 0.028 0.053 0.065 0.011 0.021 0.077 
113 QTo-W-0278    (0)   10 :  0.086 0.070 0.020 0.007 0.025 0.008 0.078 0.082 0.034 0.025 0.038 0.023 0.009 0.140 0.081 0.090 0.076 0.008 0.013 0.085 
114 QTo-W-0283   (11)   10 :  0.041 0.032 0.012 0.006 0.440 0.035 0.124 0.027 0.012 0.006 0.009 0.009 0.013 0.035 0.018 0.056 0.013 0.029 0.011 0.071 
115 QTo-W-0284    (0)   10 :  0.048 0.050 0.009 0.006 0.364 0.019 0.154 0.029 0.009 0.015 0.021 0.012 0.009 0.031 0.025 0.062 0.020 0.017 0.010 0.091 
116 QTo-W-0287   (22)   10 :  0.006 0.007 0.006 0.005 0.010 0.007 0.004 0.006 0.010 0.005 0.008 0.007 0.008 0.007 0.866 0.008 0.006 0.008 0.009 0.008 
117 QTo-W-0289   (22)   10 :  0.006 0.007 0.005 0.007 0.005 0.007 0.005 0.006 0.007 0.005 0.007 0.005 0.007 0.006 0.877 0.008 0.008 0.007 0.009 0.007 
118 QTo-W-0293    (0)   10 :  0.108 0.075 0.021 0.005 0.010 0.018 0.006 0.066 0.004 0.011 0.016 0.021 0.085 0.077 0.033 0.147 0.081 0.040 0.011 0.166 
119 QTo-W-0295   (11)   10 :  0.016 0.019 0.018 0.005 0.024 0.644 0.016 0.039 0.006 0.008 0.007 0.062 0.016 0.047 0.007 0.019 0.016 0.006 0.009 0.017 
120 QTo-W-0296   (11)   11 :  0.459 0.009 0.005 0.010 0.005 0.011 0.004 0.011 0.006 0.047 0.023 0.008 0.008 0.011 0.006 0.007 0.348 0.008 0.006 0.007 
121 QTo-W-0298    (0)   11 :  0.474 0.007 0.004 0.010 0.004 0.007 0.004 0.009 0.005 0.038 0.021 0.009 0.006 0.009 0.007 0.007 0.359 0.006 0.005 0.007 
122 QTo-W-0300   (11)   11 :  0.061 0.040 0.006 0.014 0.072 0.012 0.005 0.021 0.018 0.033 0.048 0.004 0.214 0.040 0.130 0.056 0.028 0.010 0.079 0.108 
123 QTo-W-0302    (0)   12 :  0.019 0.033 0.023 0.012 0.008 0.006 0.576 0.035 0.035 0.037 0.045 0.008 0.006 0.017 0.008 0.056 0.020 0.015 0.012 0.030 
124 QTo-W-0305    (0)   13 :  0.030 0.029 0.006 0.006 0.011 0.005 0.006 0.012 0.006 0.009 0.031 0.014 0.010 0.013 0.664 0.024 0.038 0.007 0.048 0.031 
125 QTo-W-0308   (11)   13 :  0.043 0.032 0.008 0.009 0.006 0.007 0.007 0.016 0.008 0.015 0.050 0.009 0.013 0.014 0.575 0.032 0.051 0.011 0.062 0.032 
126 QTo-W-0309   (11)   13 :  0.033 0.057 0.008 0.013 0.006 0.079 0.126 0.080 0.004 0.009 0.014 0.005 0.085 0.130 0.014 0.055 0.091 0.017 0.123 0.050 
127 QTo-W-0311    (0)   14 :  0.024 0.207 0.060 0.007 0.036 0.012 0.036 0.101 0.004 0.005 0.007 0.010 0.083 0.021 0.006 0.066 0.094 0.009 0.144 0.067 
128 QTo-W-0312    (0)   15 :  0.493 0.005 0.005 0.034 0.004 0.003 0.004 0.005 0.006 0.003 0.004 0.003 0.004 0.004 0.005 0.006 0.394 0.004 0.007 0.007 
129 QTo-W-0315   (11)   15 :  0.506 0.005 0.005 0.006 0.005 0.004 0.005 0.006 0.003 0.004 0.004 0.003 0.005 0.005 0.005 0.005 0.406 0.004 0.009 0.005 
130 QTo-W-0318    (0)   16 :  0.013 0.015 0.008 0.025 0.006 0.019 0.034 0.014 0.004 0.008 0.010 0.010 0.008 0.022 0.082 0.027 0.126 0.006 0.547 0.016 
131 QTo-W-0322   (11)   16 :  0.009 0.011 0.009 0.019 0.008 0.009 0.013 0.011 0.005 0.008 0.012 0.007 0.009 0.013 0.064 0.022 0.118 0.008 0.628 0.013 
132 QTo-W-0326   (22)   16 :  0.022 0.053 0.017 0.041 0.010 0.023 0.031 0.046 0.006 0.011 0.015 0.005 0.147 0.043 0.036 0.046 0.108 0.064 0.235 0.040 
133 QTo-W-0327   (11)   16 :  0.028 0.045 0.053 0.017 0.007 0.043 0.028 0.053 0.020 0.016 0.018 0.004 0.086 0.083 0.024 0.055 0.110 0.024 0.234 0.050 
134 QTo-W-0328    (0)   17 :  0.004 0.006 0.004 0.004 0.004 0.004 0.003 0.006 0.006 0.404 0.502 0.004 0.004 0.006 0.006 0.006 0.006 0.004 0.011 0.006 
135 QTo-W-0329    (0)   17 :  0.004 0.005 0.004 0.004 0.004 0.004 0.003 0.006 0.006 0.396 0.516 0.004 0.004 0.005 0.006 0.006 0.004 0.004 0.010 0.005 
136 QTo-W-0330   (11)   17 :  0.005 0.007 0.005 0.005 0.005 0.005 0.003 0.007 0.009 0.384 0.500 0.005 0.006 0.007 0.008 0.007 0.006 0.005 0.014 0.007 


Estimated Allele Frequencies in each cluster
First column gives estimated ancestral frequencies


Locus 1 : 
4 alleles
0.7% missing data
 149   (0.850) 0.696 0.937 0.410 0.994 0.939 0.994 0.189 0.946 0.993 0.985 0.974 0.973 0.980 0.944 0.974 0.908 0.766 0.985 0.966 0.871 
 147   (0.060) 0.257 0.021 0.090 0.002 0.010 0.002 0.238 0.018 0.002 0.006 0.010 0.016 0.006 0.022 0.010 0.033 0.199 0.006 0.012 0.048 
 155   (0.053) 0.029 0.028 0.015 0.002 0.041 0.002 0.570 0.022 0.002 0.005 0.010 0.006 0.006 0.020 0.009 0.028 0.020 0.006 0.012 0.050 
 161   (0.038) 0.018 0.015 0.484 0.001 0.009 0.002 0.003 0.014 0.002 0.004 0.006 0.004 0.008 0.014 0.007 0.031 0.015 0.003 0.011 0.031 

Locus 2 : 
6 alleles
12.5% missing data
 179   (0.380) 0.197 0.549 0.426 0.221 0.063 0.057 0.029 0.623 0.966 0.924 0.866 0.721 0.054 0.679 0.430 0.513 0.229 0.046 0.163 0.406 
 176   (0.143) 0.080 0.137 0.064 0.010 0.042 0.144 0.934 0.125 0.007 0.017 0.030 0.183 0.028 0.061 0.053 0.091 0.086 0.891 0.075 0.142 
 173   (0.246) 0.138 0.173 0.265 0.014 0.805 0.770 0.018 0.136 0.016 0.030 0.053 0.052 0.881 0.164 0.106 0.225 0.123 0.035 0.161 0.240 
 164   (0.026) 0.011 0.010 0.012 0.001 0.004 0.020 0.002 0.008 0.001 0.003 0.005 0.004 0.005 0.010 0.008 0.012 0.010 0.005 0.009 0.021 
 182   (0.153) 0.548 0.102 0.068 0.751 0.076 0.007 0.013 0.075 0.008 0.020 0.037 0.033 0.024 0.058 0.244 0.104 0.521 0.017 0.571 0.144 
 170   (0.052) 0.026 0.029 0.165 0.003 0.010 0.002 0.004 0.031 0.002 0.006 0.010 0.007 0.007 0.028 0.159 0.055 0.031 0.006 0.022 0.046 

Locus 3 : 
17 alleles
0.0% missing data
 220   (0.162) 0.100 0.125 0.085 0.009 0.376 0.082 0.531 0.130 0.008 0.067 0.104 0.028 0.477 0.147 0.169 0.169 0.116 0.409 0.099 0.165 
 222   (0.179) 0.211 0.301 0.294 0.012 0.072 0.018 0.019 0.222 0.206 0.199 0.251 0.552 0.039 0.121 0.169 0.197 0.243 0.021 0.103 0.193 
 218   (0.171) 0.085 0.125 0.118 0.007 0.062 0.691 0.019 0.198 0.157 0.167 0.270 0.022 0.398 0.328 0.305 0.202 0.129 0.394 0.285 0.169 
 226   (0.065) 0.030 0.052 0.099 0.941 0.010 0.006 0.006 0.038 0.601 0.009 0.015 0.016 0.009 0.033 0.022 0.045 0.024 0.128 0.017 0.054 
 258   (0.063) 0.189 0.079 0.021 0.003 0.011 0.003 0.012 0.084 0.006 0.008 0.017 0.008 0.022 0.057 0.016 0.078 0.165 0.008 0.014 0.075 
 224   (0.055) 0.138 0.025 0.024 0.010 0.406 0.002 0.007 0.018 0.002 0.006 0.010 0.006 0.008 0.018 0.010 0.030 0.106 0.009 0.215 0.045 
 228   (0.075) 0.058 0.197 0.028 0.007 0.012 0.006 0.388 0.173 0.010 0.021 0.040 0.009 0.016 0.054 0.015 0.153 0.076 0.009 0.029 0.109 
 256   (0.018) 0.007 0.006 0.005 0.001 0.002 0.184 0.001 0.005 0.001 0.002 0.003 0.002 0.002 0.007 0.003 0.009 0.006 0.002 0.003 0.016 
 264   (0.019) 0.008 0.006 0.005 0.001 0.002 0.001 0.001 0.004 0.001 0.002 0.003 0.334 0.002 0.006 0.003 0.008 0.006 0.002 0.003 0.014 
 230   (0.027) 0.088 0.009 0.007 0.001 0.003 0.001 0.002 0.008 0.001 0.499 0.251 0.003 0.003 0.008 0.004 0.011 0.066 0.003 0.004 0.019 
 260   (0.033) 0.021 0.024 0.014 0.003 0.019 0.001 0.003 0.016 0.002 0.004 0.007 0.005 0.005 0.016 0.006 0.026 0.018 0.003 0.012 0.034 
 262   (0.021) 0.013 0.010 0.006 0.002 0.004 0.001 0.003 0.007 0.001 0.002 0.004 0.004 0.002 0.007 0.004 0.010 0.007 0.002 0.006 0.019 
 234   (0.017) 0.006 0.006 0.005 0.001 0.002 0.001 0.001 0.062 0.001 0.002 0.003 0.002 0.002 0.161 0.003 0.007 0.004 0.002 0.003 0.013 
 232   (0.030) 0.014 0.013 0.009 0.001 0.006 0.001 0.002 0.013 0.001 0.004 0.009 0.003 0.004 0.010 0.009 0.017 0.012 0.003 0.191 0.024 
 250   (0.021) 0.009 0.007 0.189 0.001 0.003 0.001 0.001 0.005 0.001 0.002 0.004 0.002 0.002 0.007 0.003 0.009 0.007 0.002 0.004 0.017 
 216   (0.018) 0.013 0.008 0.084 0.001 0.004 0.001 0.001 0.009 0.001 0.003 0.003 0.003 0.002 0.008 0.003 0.016 0.009 0.002 0.004 0.013 
 266   (0.024) 0.009 0.008 0.007 0.001 0.004 0.001 0.002 0.006 0.001 0.003 0.007 0.002 0.009 0.010 0.257 0.011 0.008 0.002 0.008 0.021 

Locus 4 : 
2 alleles
1.5% missing data
 137   (0.977) 0.991 0.986 0.994 0.999 0.997 0.999 0.999 0.983 0.999 0.954 0.946 0.998 0.998 0.993 0.996 0.963 0.993 0.998 0.994 0.982 
 139   (0.023) 0.009 0.014 0.006 0.001 0.003 0.001 0.001 0.017 0.001 0.046 0.054 0.002 0.002 0.007 0.004 0.037 0.007 0.002 0.006 0.018 

Locus 5 : 
17 alleles
11.8% missing data
 187   (0.289) 0.171 0.490 0.521 0.735 0.191 0.013 0.867 0.520 0.017 0.134 0.109 0.051 0.084 0.457 0.144 0.334 0.362 0.049 0.856 0.332 
 243   (0.043) 0.019 0.017 0.012 0.003 0.007 0.002 0.003 0.056 0.003 0.005 0.008 0.005 0.012 0.126 0.011 0.019 0.017 0.619 0.007 0.033 
 203   (0.073) 0.036 0.034 0.268 0.006 0.012 0.947 0.006 0.029 0.437 0.009 0.013 0.008 0.019 0.033 0.032 0.049 0.027 0.013 0.013 0.060 
 201   (0.114) 0.061 0.176 0.045 0.040 0.025 0.005 0.009 0.122 0.387 0.017 0.029 0.013 0.742 0.061 0.069 0.174 0.040 0.039 0.023 0.130 
 197   (0.077) 0.039 0.058 0.023 0.004 0.697 0.003 0.006 0.038 0.127 0.011 0.027 0.008 0.013 0.028 0.279 0.053 0.023 0.009 0.021 0.066 
 195   (0.066) 0.031 0.026 0.027 0.005 0.010 0.005 0.059 0.019 0.004 0.007 0.013 0.878 0.010 0.025 0.350 0.032 0.022 0.062 0.011 0.052 
 247   (0.025) 0.010 0.009 0.007 0.001 0.004 0.001 0.002 0.007 0.001 0.003 0.005 0.002 0.005 0.009 0.007 0.009 0.008 0.156 0.004 0.020 
 235   (0.026) 0.011 0.026 0.013 0.002 0.004 0.002 0.002 0.022 0.004 0.003 0.007 0.003 0.005 0.014 0.010 0.022 0.020 0.004 0.005 0.026 
 249   (0.025) 0.009 0.008 0.006 0.191 0.004 0.001 0.002 0.007 0.001 0.002 0.004 0.002 0.003 0.008 0.006 0.010 0.009 0.003 0.004 0.020 
 199   (0.069) 0.518 0.052 0.020 0.005 0.014 0.005 0.014 0.049 0.007 0.024 0.040 0.008 0.015 0.063 0.034 0.059 0.392 0.011 0.016 0.079 
 245   (0.033) 0.021 0.023 0.009 0.002 0.005 0.008 0.003 0.031 0.002 0.004 0.009 0.004 0.054 0.068 0.009 0.067 0.017 0.012 0.006 0.041 
 219   (0.046) 0.020 0.015 0.012 0.002 0.009 0.003 0.003 0.014 0.002 0.487 0.311 0.005 0.009 0.017 0.013 0.022 0.017 0.005 0.008 0.036 
 217   (0.025) 0.011 0.009 0.007 0.001 0.004 0.001 0.002 0.008 0.002 0.186 0.291 0.003 0.003 0.009 0.006 0.010 0.007 0.003 0.004 0.020 
 229   (0.018) 0.006 0.007 0.005 0.001 0.003 0.001 0.001 0.021 0.001 0.002 0.004 0.002 0.003 0.049 0.005 0.008 0.007 0.002 0.003 0.016 
 215   (0.034) 0.015 0.032 0.010 0.002 0.005 0.001 0.018 0.037 0.002 0.102 0.121 0.004 0.005 0.010 0.009 0.094 0.012 0.004 0.010 0.027 
 205   (0.013) 0.005 0.004 0.005 0.001 0.004 0.001 0.001 0.005 0.001 0.001 0.003 0.001 0.002 0.007 0.003 0.008 0.005 0.002 0.002 0.016 
 227   (0.022) 0.016 0.014 0.008 0.001 0.004 0.001 0.002 0.015 0.001 0.002 0.006 0.004 0.016 0.017 0.012 0.029 0.015 0.007 0.004 0.026 

Locus 6 : 
25 alleles
30.9% missing data
 214   (0.053) 0.030 0.035 0.019 0.003 0.020 0.116 0.005 0.033 0.004 0.032 0.047 0.011 0.011 0.027 0.018 0.052 0.028 0.345 0.018 0.054 
 222   (0.079) 0.046 0.114 0.030 0.005 0.128 0.066 0.009 0.066 0.024 0.017 0.022 0.013 0.447 0.035 0.020 0.061 0.062 0.476 0.032 0.074 
 206   (0.072) 0.060 0.082 0.033 0.008 0.018 0.384 0.023 0.175 0.009 0.018 0.026 0.013 0.020 0.243 0.017 0.054 0.058 0.012 0.020 0.069 
 218   (0.075) 0.052 0.058 0.031 0.005 0.020 0.383 0.078 0.123 0.009 0.099 0.066 0.026 0.047 0.290 0.036 0.091 0.111 0.017 0.134 0.091 
 216   (0.057) 0.037 0.043 0.355 0.007 0.013 0.003 0.027 0.038 0.430 0.085 0.069 0.010 0.013 0.033 0.018 0.055 0.042 0.009 0.030 0.054 
 208   (0.046) 0.020 0.022 0.036 0.003 0.134 0.002 0.005 0.021 0.223 0.007 0.012 0.007 0.008 0.026 0.016 0.037 0.023 0.007 0.017 0.042 
 238   (0.043) 0.082 0.032 0.015 0.549 0.009 0.002 0.004 0.023 0.166 0.012 0.017 0.007 0.007 0.017 0.009 0.023 0.071 0.006 0.010 0.035 
 204   (0.027) 0.011 0.009 0.008 0.002 0.462 0.001 0.002 0.009 0.002 0.004 0.007 0.003 0.003 0.009 0.005 0.014 0.011 0.004 0.008 0.022 
 234   (0.052) 0.034 0.081 0.090 0.003 0.011 0.003 0.123 0.064 0.007 0.011 0.016 0.008 0.008 0.026 0.012 0.043 0.047 0.008 0.017 0.056 
 242   (0.038) 0.018 0.050 0.081 0.002 0.011 0.002 0.004 0.028 0.004 0.007 0.010 0.006 0.007 0.017 0.008 0.029 0.026 0.005 0.275 0.035 
 210   (0.123) 0.402 0.222 0.051 0.391 0.054 0.009 0.675 0.219 0.035 0.089 0.081 0.492 0.028 0.102 0.557 0.268 0.341 0.051 0.078 0.174 
 246   (0.017) 0.014 0.021 0.007 0.001 0.007 0.009 0.002 0.019 0.003 0.008 0.009 0.004 0.003 0.018 0.005 0.026 0.012 0.003 0.004 0.016 
 258   (0.033) 0.028 0.071 0.012 0.003 0.007 0.002 0.005 0.044 0.027 0.008 0.009 0.006 0.006 0.012 0.008 0.021 0.040 0.005 0.012 0.033 
 240   (0.018) 0.011 0.016 0.007 0.001 0.007 0.001 0.002 0.008 0.029 0.004 0.006 0.003 0.005 0.008 0.006 0.009 0.006 0.004 0.004 0.014 
 256   (0.023) 0.012 0.009 0.007 0.001 0.004 0.001 0.002 0.007 0.002 0.004 0.005 0.003 0.232 0.006 0.004 0.008 0.010 0.003 0.005 0.017 
 254   (0.003) 0.002 0.003 0.002 0.000 0.001 0.000 0.000 0.001 0.000 0.001 0.001 0.001 0.095 0.001 0.001 0.002 0.001 0.001 0.001 0.002 
 236   (0.050) 0.035 0.033 0.079 0.003 0.020 0.004 0.005 0.033 0.004 0.300 0.158 0.359 0.025 0.035 0.012 0.061 0.028 0.012 0.017 0.049 
 248   (0.020) 0.011 0.008 0.007 0.001 0.006 0.002 0.002 0.011 0.001 0.003 0.006 0.003 0.004 0.015 0.004 0.013 0.008 0.003 0.269 0.019 
 252   (0.009) 0.006 0.007 0.003 0.001 0.002 0.001 0.001 0.010 0.001 0.002 0.004 0.001 0.006 0.019 0.002 0.016 0.008 0.001 0.002 0.012 
 224   (0.033) 0.024 0.027 0.071 0.002 0.007 0.002 0.006 0.024 0.003 0.033 0.042 0.005 0.006 0.013 0.014 0.047 0.014 0.010 0.011 0.025 
 230   (0.033) 0.017 0.015 0.011 0.002 0.009 0.001 0.003 0.011 0.004 0.138 0.207 0.004 0.005 0.015 0.006 0.017 0.011 0.004 0.007 0.030 
 228   (0.013) 0.006 0.007 0.020 0.001 0.004 0.001 0.001 0.005 0.005 0.002 0.004 0.003 0.004 0.006 0.015 0.010 0.005 0.002 0.003 0.012 
 266   (0.020) 0.010 0.008 0.007 0.001 0.004 0.001 0.002 0.007 0.002 0.004 0.005 0.003 0.003 0.007 0.075 0.010 0.008 0.003 0.005 0.015 
 212   (0.030) 0.015 0.013 0.009 0.002 0.036 0.001 0.008 0.011 0.002 0.105 0.157 0.004 0.004 0.011 0.007 0.015 0.011 0.005 0.008 0.025 
 232   (0.032) 0.016 0.014 0.009 0.002 0.007 0.001 0.003 0.011 0.002 0.006 0.015 0.004 0.005 0.011 0.123 0.017 0.018 0.004 0.015 0.026 

Locus 7 : 
7 alleles
1.5% missing data
 108   (0.646) 0.830 0.813 0.546 0.977 0.424 0.982 0.967 0.865 0.378 0.705 0.511 0.959 0.930 0.850 0.157 0.763 0.844 0.766 0.407 0.699 
 116   (0.033) 0.017 0.013 0.010 0.001 0.005 0.002 0.002 0.011 0.001 0.004 0.006 0.004 0.012 0.014 0.007 0.020 0.013 0.201 0.006 0.028 
 110   (0.151) 0.079 0.105 0.271 0.015 0.175 0.008 0.019 0.068 0.613 0.023 0.047 0.021 0.025 0.075 0.706 0.110 0.065 0.017 0.043 0.136 
 114   (0.065) 0.029 0.026 0.018 0.003 0.378 0.004 0.004 0.018 0.003 0.112 0.188 0.007 0.017 0.024 0.015 0.033 0.023 0.006 0.204 0.052 
 112   (0.060) 0.027 0.029 0.017 0.002 0.010 0.003 0.004 0.027 0.003 0.152 0.240 0.006 0.011 0.021 0.108 0.056 0.042 0.006 0.333 0.047 
 104   (0.022) 0.008 0.006 0.132 0.001 0.003 0.001 0.001 0.006 0.001 0.002 0.004 0.002 0.002 0.007 0.003 0.008 0.006 0.002 0.004 0.017 
 118   (0.023) 0.009 0.008 0.007 0.001 0.005 0.001 0.002 0.007 0.001 0.002 0.004 0.002 0.003 0.009 0.003 0.010 0.007 0.002 0.004 0.021 

Locus 8 : 
5 alleles
2.2% missing data
 160   (0.155) 0.306 0.075 0.047 0.057 0.051 0.554 0.240 0.139 0.007 0.053 0.052 0.020 0.387 0.282 0.120 0.093 0.229 0.356 0.039 0.132 
 162   (0.642) 0.456 0.772 0.635 0.925 0.435 0.438 0.735 0.707 0.983 0.857 0.829 0.100 0.588 0.628 0.829 0.674 0.585 0.623 0.902 0.670 
 164   (0.087) 0.047 0.042 0.118 0.006 0.493 0.004 0.009 0.033 0.004 0.015 0.019 0.837 0.010 0.037 0.020 0.061 0.037 0.009 0.022 0.081 
 166   (0.022) 0.012 0.012 0.009 0.002 0.004 0.001 0.002 0.010 0.001 0.004 0.006 0.003 0.002 0.009 0.004 0.014 0.010 0.002 0.006 0.019 
 158   (0.094) 0.178 0.099 0.191 0.010 0.018 0.004 0.015 0.110 0.006 0.070 0.095 0.040 0.012 0.044 0.027 0.158 0.139 0.010 0.031 0.098 

Locus 9 : 
4 alleles
0.0% missing data
 229   (0.500) 0.372 0.574 0.380 0.618 0.573 0.511 0.172 0.678 0.945 0.806 0.665 0.485 0.106 0.761 0.123 0.590 0.341 0.375 0.128 0.531 
 226   (0.365) 0.559 0.345 0.367 0.375 0.072 0.478 0.053 0.265 0.048 0.179 0.308 0.046 0.877 0.183 0.845 0.325 0.575 0.611 0.736 0.352 
 223   (0.115) 0.055 0.069 0.246 0.007 0.352 0.010 0.768 0.045 0.006 0.013 0.023 0.467 0.015 0.049 0.028 0.075 0.074 0.012 0.133 0.098 
 232   (0.020) 0.014 0.012 0.006 0.001 0.003 0.001 0.007 0.012 0.001 0.002 0.004 0.002 0.002 0.007 0.003 0.010 0.011 0.002 0.004 0.019 

Values of parameters used in structure:
DATAFILE=C:\Users\eschumacher\Documents\GitHub\Ten_Oaks\Data_Files\QUTO_wild\project_data,	OUTFILE=C:\Users\eschumacher\Documents\GitHub\Ten_Oaks\Data_Files\QUTO_wild\50-50\Results\50-50_run_99,	NUMINDS=136,	NUMLOCI=9,	MISSING=-9,	LABEL=1,	POPDATA=1,	POPFLAG=0,	PHENOTYPE=0,	EXTRACOLS=0,	MAXPOPS=20,	BURNIN=50000,	NUMREPS=50000,	USEPOPINFO=0,	INFERALPHA=1,	INFERLAMBDA=0,	POPSPECIFICLAMBDA=0,	POPALPHAS=0,	COMPUTEPROB=1,	NOADMIX=0,	ADMBURNIN=2500,	UPDATEFREQ=1,	PRINTLIKES=0,	INTERMEDSAVE=0,	PRINTKLD=0,	PRINTNET=0,	PRINTLAMBDA=0,	ANCESTDIST=0,	NUMBOXES=1000,	ANCESTPINT=0.90000,	GENSBACK=2,	MIGRPRIOR=0.05000,	PRINTQHAT=0,	PRINTQSUM=0,	ALPHA=1.0000,	FREQSCORR=1,	FPRIORMEAN=0.0100,	FPRIORSD=0.0500,	ONEFST=0,	LAMBDA=1.0000,	UNIFPRIORALPHA=1,	ALPHAMAX=10.0000,	ALPHAPRIORA=1.0000,	ALPHAPRIORB=2.0000,	ALPHAPROPSD=0.0250,	STARTATPOPINFO=0,	RANDOMIZE=1,	LINKAGE=0,	METROFREQ=10,	REPORTHITRATE=0,	MARKOVPHASE=-1,	PHASED=0,	PLOIDY=2,	PHASEINFO=0	LOCPRIOR=0, 	LOCPRIORINIT=1.000000, 	LOCDATA=0, 	LOCISPOP=0, 	LOCPRIORSTEP=0.100000, 	MAXLOCPRIOR=20.000000, 	SEED=1689806296,	
[STRAT parameters]:    NUMSIMSTATS=1000,	PHENOTYPECOL=-9,	POOLFREQ=10,	LOCUSxONLY=0,	EMERROR=0.00100,	MISSINGPHENO=-9,	