

----------------------------------------------------
STRUCTURE by Pritchard, Stephens and Donnelly (2000)
     and Falush, Stephens and Pritchard (2003)
       Code by Pritchard, Falush and Hubisz
             Version 2.3.4 (Jul 2012)
----------------------------------------------------



Command line arguments:   bin\structure -m C:\Users\eschumacher\Documents\GitHub\Ten_Oaks\Data_Files\QUTO_wild\50-50\mainparams -e C:\Users\eschumacher\Documents\GitHub\Ten_Oaks\Data_Files\QUTO_wild\50-50\extraparams 
Input File:    C:\Users\eschumacher\Documents\GitHub\Ten_Oaks\Data_Files\QUTO_wild\project_data

Run parameters:
   136 individuals
   9 loci
   15 populations assumed
   50000 Burn-in period
   50000 Reps


--------------------------------------------
Proportion of membership of each pre-defined
 population in each of the 15 clusters

Given    Inferred Clusters                                                                                           Number of
 Pop       1      2      3      4      5      6      7      8      9     10     11     12     13     14     15      Individuals

  1:     0.101  0.014  0.016  0.014  0.028  0.011  0.023  0.022  0.144  0.017  0.016  0.304  0.230  0.036  0.023        1
  2:     0.006  0.006  0.008  0.450  0.010  0.004  0.009  0.006  0.007  0.006  0.465  0.008  0.005  0.005  0.004        4
  3:     0.024  0.006  0.805  0.009  0.020  0.014  0.018  0.010  0.030  0.012  0.011  0.020  0.013  0.004  0.006        4
  4:     0.103  0.554  0.049  0.005  0.018  0.005  0.008  0.013  0.150  0.011  0.008  0.035  0.024  0.010  0.008        5
  5:     0.047  0.015  0.141  0.147  0.040  0.019  0.132  0.021  0.081  0.013  0.103  0.062  0.092  0.031  0.056       71
  6:     0.010  0.013  0.004  0.004  0.297  0.028  0.008  0.023  0.014  0.573  0.005  0.008  0.004  0.006  0.003        2
  7:     0.053  0.008  0.010  0.019  0.048  0.039  0.007  0.053  0.054  0.006  0.015  0.019  0.006  0.655  0.007        5
  8:     0.086  0.092  0.012  0.010  0.174  0.018  0.058  0.227  0.108  0.096  0.012  0.038  0.008  0.018  0.044       10
  9:     0.056  0.132  0.088  0.019  0.053  0.017  0.027  0.441  0.032  0.042  0.015  0.031  0.012  0.011  0.023        8
 10:     0.212  0.147  0.012  0.119  0.081  0.051  0.007  0.033  0.042  0.023  0.036  0.152  0.023  0.041  0.021        9
 11:     0.070  0.059  0.016  0.012  0.050  0.562  0.013  0.011  0.026  0.029  0.043  0.048  0.048  0.005  0.008        3
 12:     0.026  0.011  0.039  0.007  0.072  0.006  0.012  0.042  0.041  0.042  0.011  0.020  0.022  0.640  0.010        1
 13:     0.389  0.008  0.006  0.041  0.036  0.020  0.010  0.031  0.052  0.016  0.018  0.273  0.012  0.076  0.011        3
 14:     0.154  0.065  0.005  0.020  0.091  0.006  0.007  0.086  0.466  0.016  0.022  0.015  0.005  0.033  0.009        1
 15:     0.005  0.005  0.005  0.004  0.006  0.912  0.027  0.005  0.006  0.005  0.004  0.004  0.004  0.005  0.003        2
 16:     0.237  0.011  0.009  0.029  0.142  0.012  0.044  0.071  0.090  0.051  0.041  0.198  0.016  0.043  0.007        4
 17:     0.007  0.005  0.008  0.005  0.007  0.004  0.004  0.005  0.006  0.882  0.005  0.007  0.048  0.003  0.005        3
--------------------------------------------

Allele-freq. divergence among pops (Net nucleotide distance),
computed using point estimates of P.

      1       2       3       4       5       6       7       8       9      10      11      12      13      14      15      
 1      -    0.1169  0.1274  0.1694  0.0201  0.1290  0.1212  0.0490  0.0305  0.0619  0.1082  0.0185  0.1391  0.1862  0.1801  
 2   0.1169     -    0.1992  0.1780  0.0805  0.2190  0.2258  0.1006  0.1065  0.1546  0.1539  0.1094  0.2016  0.2342  0.1988  
 3   0.1274  0.1992     -    0.2485  0.1148  0.3051  0.1859  0.1301  0.1306  0.1276  0.2372  0.1048  0.1269  0.3603  0.2499  
 4   0.1694  0.1780  0.2485     -    0.1290  0.2334  0.2745  0.1585  0.1382  0.2189  0.1271  0.1335  0.2282  0.3162  0.2917  
 5   0.0201  0.0805  0.1148  0.1290     -    0.1217  0.1180  0.0337  0.0158  0.0493  0.0861  0.0137  0.0995  0.1686  0.1553  
 6   0.1290  0.2190  0.3051  0.2334  0.1217     -    0.1851  0.1566  0.1444  0.2200  0.1901  0.1334  0.2481  0.2568  0.2489  
 7   0.1212  0.2258  0.1859  0.2745  0.1180  0.1851     -    0.1522  0.1137  0.2028  0.2228  0.1164  0.1953  0.2540  0.2825  
 8   0.0490  0.1006  0.1301  0.1585  0.0337  0.1566  0.1522     -    0.0447  0.0947  0.1343  0.0519  0.1405  0.1649  0.1793  
 9   0.0305  0.1065  0.1306  0.1382  0.0158  0.1444  0.1137  0.0447     -    0.0756  0.0910  0.0237  0.0978  0.1630  0.1667  
10   0.0619  0.1546  0.1276  0.2189  0.0493  0.2200  0.2028  0.0947  0.0756     -    0.1638  0.0628  0.1366  0.2899  0.2275  
11   0.1082  0.1539  0.2372  0.1271  0.0861  0.1901  0.2228  0.1343  0.0910  0.1638     -    0.1056  0.2229  0.2202  0.2602  
12   0.0185  0.1094  0.1048  0.1335  0.0137  0.1334  0.1164  0.0519  0.0237  0.0628  0.1056     -    0.0848  0.1845  0.1579  
13   0.1391  0.2016  0.1269  0.2282  0.0995  0.2481  0.1953  0.1405  0.0978  0.1366  0.2229  0.0848     -    0.2901  0.1932  
14   0.1862  0.2342  0.3603  0.3162  0.1686  0.2568  0.2540  0.1649  0.1630  0.2899  0.2202  0.1845  0.2901     -    0.2827  
15   0.1801  0.1988  0.2499  0.2917  0.1553  0.2489  0.2825  0.1793  0.1667  0.2275  0.2602  0.1579  0.1932  0.2827     -    

Average distances (expected heterozygosity) between individuals in same cluster:
cluster  1  : 0.5190 
cluster  2  : 0.5144 
cluster  3  : 0.3115 
cluster  4  : 0.3183 
cluster  5  : 0.5889 
cluster  6  : 0.4320 
cluster  7  : 0.2524 
cluster  8  : 0.6178 
cluster  9  : 0.4832 
cluster 10  : 0.4827 
cluster 11  : 0.4213 
cluster 12  : 0.5069 
cluster 13  : 0.2986 
cluster 14  : 0.3503 
cluster 15  : 0.3340 

--------------------------------------------
Estimated Ln Prob of Data   = -2241.0
Mean value of ln likelihood = -1832.9
Variance of ln likelihood   = 816.0
Mean value of alpha         = 0.0357

Mean value of Fst_1         = 0.2762
Mean value of Fst_2         = 0.2998
Mean value of Fst_3         = 0.4721
Mean value of Fst_4         = 0.4831
Mean value of Fst_5         = 0.1501
Mean value of Fst_6         = 0.4091
Mean value of Fst_7         = 0.5572
Mean value of Fst_8         = 0.1665
Mean value of Fst_9         = 0.2444
Mean value of Fst_10         = 0.3211
Mean value of Fst_11         = 0.4036
Mean value of Fst_12         = 0.2947
Mean value of Fst_13         = 0.5096
Mean value of Fst_14         = 0.5172
Mean value of Fst_15         = 0.5357


Inferred ancestry of individuals:
        Label (%Miss) Pop:  Inferred clusters
  1 QTo-W-0007   (11)    1 :  0.101 0.014 0.016 0.014 0.028 0.011 0.023 0.022 0.144 0.017 0.016 0.304 0.230 0.036 0.023 
  2 QTo-W-0009    (0)    2 :  0.005 0.004 0.016 0.008 0.006 0.004 0.023 0.005 0.005 0.004 0.900 0.005 0.005 0.004 0.004 
  3 QTo-W-0010    (0)    2 :  0.010 0.009 0.006 0.850 0.022 0.006 0.005 0.012 0.012 0.008 0.031 0.013 0.006 0.007 0.004 
  4 QTo-W-0011    (0)    2 :  0.005 0.005 0.005 0.011 0.006 0.004 0.005 0.004 0.006 0.004 0.923 0.007 0.006 0.006 0.004 
  5 QTo-W-0012   (22)    2 :  0.006 0.005 0.005 0.932 0.005 0.004 0.004 0.005 0.006 0.005 0.006 0.007 0.005 0.003 0.004 
  6 QTo-W-0020   (22)    3 :  0.004 0.004 0.940 0.006 0.004 0.003 0.007 0.005 0.004 0.004 0.003 0.004 0.004 0.003 0.003 
  7 QTo-W-0021   (22)    3 :  0.015 0.006 0.859 0.006 0.008 0.006 0.015 0.010 0.012 0.010 0.006 0.011 0.020 0.005 0.011 
  8 QTo-W-0023   (22)    3 :  0.008 0.005 0.855 0.008 0.008 0.005 0.040 0.008 0.010 0.013 0.007 0.011 0.014 0.004 0.006 
  9 QTo-W-0024   (11)    3 :  0.071 0.008 0.564 0.015 0.058 0.040 0.009 0.015 0.091 0.022 0.028 0.053 0.013 0.005 0.006 
 10 QTo-W-0033    (0)    4 :  0.005 0.901 0.015 0.006 0.008 0.004 0.004 0.007 0.010 0.005 0.014 0.005 0.005 0.005 0.006 
 11 QTo-W-0035   (11)    4 :  0.005 0.920 0.005 0.006 0.007 0.004 0.005 0.006 0.006 0.005 0.006 0.006 0.005 0.006 0.007 
 12 QTo-W-0036    (0)    4 :  0.004 0.939 0.004 0.005 0.005 0.004 0.004 0.004 0.004 0.004 0.005 0.004 0.004 0.005 0.005 
 13 QTo-W-0039   (11)    4 :  0.238 0.006 0.140 0.005 0.033 0.006 0.018 0.015 0.315 0.016 0.009 0.102 0.072 0.014 0.012 
 14 QTo-W-0041    (0)    4 :  0.265 0.006 0.080 0.004 0.037 0.005 0.009 0.031 0.417 0.022 0.007 0.055 0.034 0.019 0.009 
 15 QTo-W-0044    (0)    5 :  0.042 0.004 0.012 0.005 0.008 0.008 0.040 0.009 0.008 0.005 0.627 0.041 0.004 0.032 0.153 
 16 QTo-W-0047    (0)    5 :  0.006 0.006 0.005 0.015 0.008 0.005 0.005 0.004 0.007 0.005 0.908 0.007 0.007 0.008 0.005 
 17 QTo-W-0048   (11)    5 :  0.006 0.006 0.006 0.013 0.007 0.006 0.006 0.005 0.008 0.005 0.901 0.009 0.008 0.009 0.005 
 18 QTo-W-0049    (0)    5 :  0.006 0.008 0.004 0.897 0.008 0.005 0.004 0.006 0.007 0.005 0.026 0.009 0.005 0.006 0.004 
 19 QTo-W-0050   (22)    5 :  0.019 0.137 0.022 0.032 0.049 0.069 0.520 0.023 0.039 0.019 0.029 0.020 0.009 0.006 0.007 
 20 QTo-W-0052    (0)    5 :  0.020 0.007 0.005 0.013 0.010 0.013 0.005 0.010 0.009 0.004 0.009 0.021 0.011 0.710 0.154 
 21 QTo-W-0054    (0)    5 :  0.004 0.004 0.005 0.938 0.005 0.004 0.004 0.004 0.005 0.004 0.006 0.006 0.005 0.003 0.003 
 22 QTo-W-0056    (0)    5 :  0.004 0.004 0.004 0.919 0.006 0.004 0.003 0.004 0.005 0.004 0.023 0.005 0.004 0.006 0.004 
 23 QTo-W-0057    (0)    5 :  0.007 0.007 0.004 0.797 0.007 0.005 0.004 0.005 0.014 0.005 0.123 0.006 0.004 0.009 0.004 
 24 QTo-W-0058    (0)    5 :  0.005 0.004 0.004 0.938 0.004 0.004 0.004 0.004 0.005 0.004 0.006 0.005 0.005 0.003 0.004 
 25 QTo-W-0059    (0)    5 :  0.027 0.005 0.027 0.585 0.014 0.012 0.089 0.010 0.012 0.005 0.045 0.023 0.007 0.029 0.110 
 26 QTo-W-0060    (0)    5 :  0.006 0.006 0.005 0.866 0.006 0.004 0.004 0.004 0.011 0.005 0.060 0.006 0.005 0.006 0.004 
 27 QTo-W-0061    (0)    5 :  0.065 0.006 0.055 0.472 0.083 0.008 0.008 0.020 0.101 0.037 0.006 0.066 0.048 0.014 0.010 
 28 QTo-W-0062   (11)    5 :  0.005 0.005 0.006 0.925 0.005 0.005 0.006 0.005 0.006 0.005 0.007 0.006 0.005 0.004 0.004 
 29 QTo-W-0065   (11)    5 :  0.016 0.005 0.050 0.728 0.018 0.006 0.010 0.012 0.020 0.028 0.007 0.032 0.048 0.004 0.015 
 30 QTo-W-0067    (0)    5 :  0.018 0.008 0.032 0.766 0.013 0.004 0.008 0.008 0.034 0.013 0.033 0.018 0.027 0.008 0.010 
 31 QTo-W-0071    (0)    5 :  0.265 0.007 0.014 0.005 0.040 0.014 0.010 0.022 0.534 0.012 0.011 0.033 0.020 0.006 0.007 
 32 QTo-W-0072    (0)    5 :  0.023 0.007 0.213 0.004 0.012 0.005 0.637 0.014 0.013 0.010 0.004 0.023 0.018 0.010 0.008 
 33 QTo-W-0075    (0)    5 :  0.012 0.005 0.807 0.004 0.010 0.010 0.067 0.006 0.009 0.005 0.005 0.014 0.019 0.010 0.015 
 34 QTo-W-0076   (11)    5 :  0.029 0.010 0.818 0.009 0.014 0.010 0.016 0.011 0.020 0.015 0.013 0.016 0.009 0.004 0.007 
 35 QTo-W-0077   (11)    5 :  0.019 0.014 0.328 0.028 0.027 0.005 0.049 0.012 0.031 0.013 0.336 0.081 0.042 0.005 0.010 
 36 QTo-W-0079    (0)    5 :  0.004 0.004 0.947 0.005 0.004 0.003 0.005 0.005 0.004 0.004 0.003 0.004 0.004 0.003 0.003 
 37 QTo-W-0080   (11)    5 :  0.106 0.011 0.193 0.152 0.090 0.006 0.007 0.096 0.199 0.017 0.008 0.062 0.029 0.015 0.008 
 38 QTo-W-0081   (11)    5 :  0.020 0.011 0.866 0.007 0.011 0.005 0.006 0.008 0.011 0.011 0.007 0.012 0.014 0.004 0.007 
 39 QTo-W-0082    (0)    5 :  0.038 0.005 0.778 0.017 0.014 0.008 0.009 0.018 0.067 0.011 0.007 0.012 0.008 0.004 0.006 
 40 QTo-W-0087    (0)    5 :  0.005 0.004 0.917 0.007 0.005 0.004 0.019 0.005 0.005 0.005 0.005 0.006 0.007 0.003 0.004 
 41 QTo-W-0088   (11)    5 :  0.008 0.005 0.902 0.012 0.006 0.004 0.008 0.006 0.006 0.007 0.006 0.010 0.010 0.004 0.005 
 42 QTo-W-0089   (11)    5 :  0.009 0.009 0.901 0.005 0.008 0.004 0.009 0.006 0.008 0.007 0.005 0.008 0.010 0.004 0.007 
 43 QTo-W-0090    (0)    5 :  0.022 0.031 0.788 0.007 0.021 0.005 0.009 0.010 0.041 0.008 0.027 0.010 0.010 0.004 0.008 
 44 QTo-W-0093   (11)    5 :  0.089 0.006 0.281 0.038 0.050 0.056 0.228 0.028 0.111 0.016 0.021 0.045 0.010 0.015 0.006 
 45 QTo-W-0098    (0)    5 :  0.008 0.005 0.008 0.012 0.007 0.013 0.878 0.006 0.010 0.006 0.010 0.015 0.011 0.007 0.005 
 46 QTo-W-0101   (11)    5 :  0.012 0.006 0.011 0.016 0.011 0.014 0.825 0.009 0.015 0.008 0.013 0.025 0.019 0.010 0.007 
 47 QTo-W-0114    (0)    5 :  0.007 0.004 0.012 0.004 0.006 0.005 0.908 0.005 0.008 0.006 0.004 0.009 0.011 0.005 0.006 
 48 QTo-W-0116   (11)    5 :  0.007 0.004 0.006 0.005 0.006 0.010 0.918 0.005 0.006 0.005 0.006 0.007 0.006 0.005 0.005 
 49 QTo-W-0117   (22)    5 :  0.008 0.005 0.009 0.007 0.008 0.010 0.901 0.006 0.008 0.006 0.008 0.008 0.008 0.005 0.005 
 50 QTo-W-0118    (0)    5 :  0.005 0.003 0.005 0.004 0.004 0.006 0.940 0.003 0.004 0.004 0.004 0.005 0.004 0.004 0.004 
 51 QTo-W-0121   (11)    5 :  0.012 0.006 0.040 0.006 0.010 0.009 0.841 0.007 0.015 0.006 0.024 0.009 0.006 0.004 0.004 
 52 QTo-W-0124   (11)    5 :  0.007 0.007 0.004 0.037 0.007 0.005 0.005 0.005 0.121 0.005 0.777 0.007 0.005 0.004 0.004 
 53 QTo-W-0128    (0)    5 :  0.005 0.006 0.005 0.017 0.005 0.004 0.004 0.004 0.123 0.004 0.807 0.005 0.004 0.004 0.003 
 54 QTo-W-0129    (0)    5 :  0.007 0.009 0.005 0.017 0.010 0.005 0.004 0.006 0.122 0.004 0.789 0.009 0.005 0.004 0.004 
 55 QTo-W-0131   (11)    5 :  0.042 0.133 0.057 0.058 0.342 0.015 0.007 0.064 0.123 0.031 0.025 0.051 0.020 0.005 0.027 
 56 QTo-W-0133   (11)    5 :  0.075 0.015 0.021 0.024 0.087 0.199 0.009 0.009 0.067 0.017 0.040 0.213 0.058 0.152 0.013 
 57 QTo-W-0137    (0)    5 :  0.222 0.006 0.033 0.006 0.040 0.018 0.085 0.029 0.461 0.029 0.016 0.030 0.012 0.006 0.007 
 58 QTo-W-0138    (0)    5 :  0.020 0.009 0.004 0.254 0.083 0.010 0.005 0.013 0.185 0.008 0.236 0.098 0.049 0.012 0.015 
 59 QTo-W-0139    (0)    5 :  0.005 0.005 0.004 0.005 0.005 0.004 0.004 0.004 0.006 0.004 0.007 0.005 0.007 0.015 0.921 
 60 QTo-W-0140   (22)    5 :  0.005 0.006 0.005 0.005 0.005 0.004 0.005 0.004 0.006 0.004 0.005 0.006 0.006 0.005 0.928 
 61 QTo-W-0142    (0)    5 :  0.004 0.005 0.005 0.003 0.004 0.004 0.004 0.004 0.004 0.004 0.003 0.005 0.009 0.004 0.937 
 62 QTo-W-0144    (0)    5 :  0.030 0.030 0.008 0.302 0.128 0.085 0.009 0.028 0.061 0.077 0.012 0.172 0.041 0.008 0.009 
 63 QTo-W-0149   (22)    5 :  0.007 0.005 0.008 0.005 0.008 0.006 0.006 0.006 0.007 0.085 0.005 0.008 0.833 0.004 0.008 
 64 QTo-W-0151   (11)    5 :  0.007 0.004 0.031 0.011 0.009 0.005 0.005 0.014 0.008 0.006 0.004 0.020 0.864 0.006 0.006 
 65 QTo-W-0153   (22)    5 :  0.005 0.005 0.007 0.005 0.005 0.005 0.006 0.004 0.005 0.006 0.004 0.006 0.927 0.004 0.007 
 66 QTo-W-0154    (0)    5 :  0.023 0.006 0.011 0.004 0.010 0.011 0.024 0.010 0.038 0.012 0.004 0.022 0.758 0.013 0.054 
 67 QTo-W-0159   (11)    5 :  0.253 0.007 0.009 0.019 0.020 0.025 0.034 0.013 0.380 0.011 0.007 0.115 0.027 0.069 0.011 
 68 QTo-W-0161   (11)    5 :  0.022 0.011 0.008 0.005 0.013 0.007 0.024 0.035 0.067 0.013 0.005 0.022 0.708 0.013 0.046 
 69 QTo-W-0162    (0)    5 :  0.075 0.048 0.027 0.005 0.167 0.048 0.244 0.127 0.122 0.009 0.005 0.062 0.028 0.012 0.022 
 70 QTo-W-0163   (11)    5 :  0.060 0.014 0.242 0.029 0.070 0.015 0.006 0.224 0.058 0.030 0.006 0.107 0.066 0.016 0.056 
 71 QTo-W-0167   (11)    5 :  0.050 0.050 0.019 0.013 0.070 0.024 0.344 0.037 0.093 0.023 0.077 0.020 0.010 0.157 0.014 
 72 QTo-W-0170    (0)    5 :  0.232 0.012 0.009 0.007 0.045 0.021 0.038 0.026 0.415 0.011 0.022 0.039 0.008 0.107 0.008 
 73 QTo-W-0171   (22)    5 :  0.077 0.051 0.014 0.088 0.097 0.075 0.012 0.045 0.398 0.018 0.047 0.040 0.018 0.007 0.013 
 74 QTo-W-0172   (22)    5 :  0.062 0.095 0.007 0.008 0.219 0.139 0.094 0.044 0.116 0.014 0.008 0.050 0.010 0.098 0.037 
 75 QTo-W-0173   (11)    5 :  0.264 0.006 0.012 0.009 0.022 0.006 0.016 0.021 0.478 0.016 0.013 0.042 0.018 0.065 0.011 
 76 QTo-W-0174    (0)    5 :  0.097 0.011 0.044 0.017 0.029 0.008 0.258 0.017 0.078 0.010 0.010 0.248 0.123 0.040 0.009 
 77 QTo-W-0175    (0)    5 :  0.035 0.013 0.019 0.121 0.185 0.017 0.007 0.009 0.250 0.015 0.035 0.185 0.097 0.005 0.007 
 78 QTo-W-0182   (22)    5 :  0.012 0.006 0.009 0.008 0.009 0.006 0.008 0.007 0.025 0.009 0.875 0.011 0.007 0.005 0.004 
 79 QTo-W-0184    (0)    5 :  0.119 0.084 0.051 0.011 0.120 0.009 0.038 0.231 0.053 0.016 0.014 0.150 0.046 0.048 0.010 
 80 QTo-W-0188    (0)    5 :  0.196 0.005 0.005 0.015 0.043 0.102 0.014 0.017 0.247 0.007 0.013 0.060 0.011 0.256 0.009 
 81 QTo-W-0192   (11)    5 :  0.007 0.005 0.009 0.010 0.007 0.005 0.009 0.005 0.010 0.008 0.036 0.506 0.370 0.006 0.006 
 82 QTo-W-0193    (0)    5 :  0.008 0.005 0.007 0.024 0.015 0.005 0.006 0.006 0.010 0.008 0.006 0.516 0.375 0.005 0.005 
 83 QTo-W-0194    (0)    5 :  0.007 0.004 0.006 0.021 0.006 0.004 0.005 0.005 0.007 0.006 0.022 0.519 0.378 0.004 0.004 
 84 QTo-W-0196   (11)    5 :  0.169 0.007 0.058 0.011 0.177 0.040 0.019 0.012 0.103 0.043 0.007 0.182 0.089 0.021 0.062 
 85 QTo-W-0197    (0)    5 :  0.163 0.005 0.191 0.008 0.166 0.040 0.022 0.009 0.088 0.030 0.013 0.151 0.058 0.018 0.038 
 86 QTo-W-0200   (11)    6 :  0.011 0.013 0.004 0.004 0.298 0.027 0.008 0.022 0.014 0.573 0.005 0.009 0.004 0.005 0.003 
 87 QTo-W-0201   (22)    6 :  0.009 0.013 0.004 0.004 0.297 0.028 0.008 0.025 0.013 0.573 0.005 0.008 0.004 0.007 0.003 
 88 QTo-W-0205    (0)    7 :  0.004 0.003 0.003 0.003 0.004 0.005 0.004 0.004 0.004 0.003 0.003 0.004 0.003 0.946 0.005 
 89 QTo-W-0208    (0)    7 :  0.095 0.018 0.037 0.074 0.099 0.021 0.010 0.227 0.068 0.017 0.057 0.048 0.009 0.201 0.019 
 90 QTo-W-0211    (0)    7 :  0.155 0.008 0.004 0.008 0.130 0.160 0.013 0.023 0.184 0.006 0.005 0.036 0.009 0.254 0.005 
 91 QTo-W-0212   (11)    7 :  0.004 0.004 0.003 0.005 0.004 0.004 0.004 0.004 0.005 0.003 0.005 0.005 0.004 0.942 0.004 
 92 QTo-W-0213    (0)    7 :  0.009 0.004 0.003 0.004 0.005 0.004 0.004 0.006 0.010 0.003 0.004 0.005 0.004 0.933 0.004 
 93 QTo-W-0216   (11)    8 :  0.056 0.005 0.008 0.007 0.363 0.007 0.005 0.055 0.100 0.353 0.010 0.012 0.008 0.005 0.005 
 94 QTo-W-0220    (0)    8 :  0.056 0.006 0.006 0.010 0.359 0.006 0.004 0.078 0.099 0.334 0.019 0.010 0.006 0.004 0.005 
 95 QTo-W-0224   (11)    8 :  0.283 0.059 0.008 0.028 0.107 0.056 0.019 0.076 0.079 0.015 0.030 0.180 0.008 0.008 0.045 
 96 QTo-W-0225   (11)    8 :  0.048 0.005 0.010 0.017 0.015 0.005 0.005 0.828 0.014 0.007 0.007 0.008 0.005 0.021 0.004 
 97 QTo-W-0227   (11)    8 :  0.099 0.084 0.015 0.007 0.349 0.044 0.008 0.048 0.068 0.170 0.012 0.064 0.012 0.006 0.015 
 98 QTo-W-0229    (0)    8 :  0.051 0.004 0.038 0.007 0.012 0.003 0.003 0.831 0.011 0.015 0.003 0.006 0.005 0.004 0.006 
 99 QTo-W-0231    (0)    8 :  0.022 0.284 0.008 0.005 0.337 0.008 0.003 0.150 0.091 0.021 0.016 0.011 0.003 0.035 0.007 
100 QTo-W-0238   (22)    8 :  0.171 0.020 0.008 0.008 0.055 0.013 0.032 0.087 0.417 0.022 0.010 0.048 0.017 0.053 0.039 
101 QTo-W-0240    (0)    8 :  0.055 0.435 0.007 0.008 0.117 0.009 0.022 0.064 0.174 0.018 0.010 0.023 0.010 0.031 0.017 
102 QTo-W-0242    (0)    8 :  0.017 0.022 0.010 0.003 0.023 0.026 0.475 0.050 0.029 0.008 0.004 0.014 0.010 0.011 0.298 
103 QTo-W-0244    (0)    9 :  0.071 0.688 0.007 0.003 0.024 0.019 0.048 0.029 0.022 0.012 0.004 0.047 0.006 0.009 0.012 
104 QTo-W-0245   (11)    9 :  0.053 0.224 0.013 0.006 0.081 0.016 0.011 0.463 0.033 0.015 0.013 0.024 0.015 0.012 0.021 
105 QTo-W-0251    (0)    9 :  0.028 0.007 0.376 0.004 0.054 0.048 0.077 0.011 0.030 0.269 0.004 0.051 0.023 0.013 0.005 
106 QTo-W-0253    (0)    9 :  0.057 0.006 0.017 0.004 0.035 0.006 0.024 0.790 0.020 0.007 0.005 0.010 0.005 0.009 0.006 
107 QTo-W-0256   (11)    9 :  0.063 0.046 0.093 0.078 0.044 0.007 0.007 0.467 0.064 0.009 0.075 0.027 0.008 0.006 0.006 
108 QTo-W-0258    (0)    9 :  0.138 0.032 0.178 0.047 0.064 0.007 0.005 0.331 0.051 0.011 0.013 0.062 0.006 0.004 0.051 
109 QTo-W-0259    (0)    9 :  0.024 0.019 0.016 0.005 0.036 0.011 0.029 0.749 0.010 0.005 0.004 0.009 0.023 0.009 0.050 
110 QTo-W-0260   (22)    9 :  0.018 0.038 0.005 0.005 0.083 0.024 0.012 0.692 0.025 0.005 0.004 0.018 0.010 0.026 0.036 
111 QTo-W-0274   (11)   10 :  0.533 0.006 0.013 0.006 0.021 0.006 0.006 0.069 0.012 0.011 0.007 0.296 0.007 0.004 0.005 
112 QTo-W-0275    (0)   10 :  0.033 0.120 0.004 0.261 0.083 0.114 0.008 0.010 0.050 0.085 0.037 0.089 0.090 0.011 0.006 
113 QTo-W-0278    (0)   10 :  0.120 0.045 0.041 0.009 0.113 0.101 0.008 0.036 0.064 0.039 0.007 0.257 0.050 0.088 0.022 
114 QTo-W-0283   (11)   10 :  0.016 0.579 0.011 0.035 0.119 0.009 0.006 0.022 0.023 0.008 0.027 0.020 0.010 0.105 0.010 
115 QTo-W-0284    (0)   10 :  0.020 0.514 0.009 0.022 0.151 0.011 0.008 0.021 0.023 0.034 0.016 0.020 0.007 0.131 0.013 
116 QTo-W-0287   (22)   10 :  0.565 0.010 0.012 0.007 0.008 0.005 0.005 0.039 0.006 0.007 0.008 0.306 0.005 0.004 0.011 
117 QTo-W-0289   (22)   10 :  0.565 0.005 0.009 0.007 0.008 0.008 0.008 0.046 0.007 0.008 0.007 0.306 0.005 0.006 0.005 
118 QTo-W-0293    (0)   10 :  0.040 0.016 0.005 0.020 0.209 0.194 0.007 0.034 0.170 0.008 0.201 0.028 0.019 0.006 0.043 
119 QTo-W-0295   (11)   10 :  0.012 0.031 0.007 0.702 0.015 0.011 0.005 0.021 0.026 0.008 0.009 0.043 0.017 0.018 0.074 
120 QTo-W-0296   (11)   11 :  0.009 0.005 0.006 0.011 0.006 0.825 0.011 0.006 0.009 0.006 0.007 0.012 0.075 0.005 0.009 
121 QTo-W-0298    (0)   11 :  0.007 0.004 0.005 0.008 0.007 0.847 0.012 0.005 0.008 0.005 0.006 0.011 0.061 0.005 0.009 
122 QTo-W-0300   (11)   11 :  0.194 0.168 0.037 0.017 0.137 0.015 0.015 0.021 0.060 0.078 0.117 0.122 0.008 0.006 0.005 
123 QTo-W-0302    (0)   12 :  0.026 0.011 0.039 0.007 0.072 0.006 0.012 0.042 0.041 0.042 0.011 0.020 0.022 0.640 0.010 
124 QTo-W-0305    (0)   13 :  0.536 0.010 0.007 0.006 0.019 0.014 0.006 0.032 0.010 0.014 0.008 0.309 0.005 0.006 0.019 
125 QTo-W-0308   (11)   13 :  0.516 0.006 0.008 0.007 0.021 0.024 0.007 0.035 0.013 0.023 0.010 0.307 0.008 0.007 0.009 
126 QTo-W-0309   (11)   13 :  0.115 0.008 0.004 0.109 0.069 0.021 0.017 0.026 0.135 0.012 0.035 0.204 0.022 0.217 0.005 
127 QTo-W-0311    (0)   14 :  0.154 0.065 0.005 0.020 0.091 0.006 0.007 0.086 0.466 0.016 0.022 0.015 0.005 0.033 0.009 
128 QTo-W-0312    (0)   15 :  0.005 0.005 0.007 0.003 0.006 0.893 0.048 0.005 0.005 0.004 0.004 0.004 0.003 0.005 0.003 
129 QTo-W-0315   (11)   15 :  0.006 0.005 0.004 0.004 0.007 0.930 0.006 0.005 0.006 0.005 0.005 0.005 0.004 0.005 0.003 
130 QTo-W-0318    (0)   16 :  0.322 0.008 0.005 0.017 0.137 0.014 0.044 0.057 0.045 0.060 0.006 0.224 0.008 0.044 0.010 
131 QTo-W-0322   (11)   16 :  0.302 0.012 0.005 0.010 0.156 0.012 0.048 0.060 0.050 0.089 0.009 0.205 0.006 0.028 0.008 
132 QTo-W-0326   (22)   16 :  0.166 0.014 0.007 0.039 0.140 0.012 0.060 0.044 0.142 0.035 0.109 0.162 0.015 0.048 0.006 
133 QTo-W-0327   (11)   16 :  0.158 0.010 0.020 0.052 0.133 0.008 0.022 0.121 0.124 0.020 0.037 0.202 0.032 0.052 0.005 
134 QTo-W-0328    (0)   17 :  0.006 0.004 0.007 0.004 0.006 0.003 0.004 0.005 0.006 0.808 0.005 0.007 0.128 0.003 0.004 
135 QTo-W-0329    (0)   17 :  0.006 0.004 0.006 0.005 0.006 0.004 0.004 0.005 0.006 0.930 0.004 0.006 0.008 0.003 0.005 
136 QTo-W-0330   (11)   17 :  0.009 0.005 0.010 0.006 0.008 0.004 0.006 0.006 0.007 0.908 0.005 0.009 0.008 0.003 0.006 


Estimated Allele Frequencies in each cluster
First column gives estimated ancestral frequencies


Locus 1 : 
4 alleles
0.7% missing data
 149   (0.836) 0.955 0.890 0.993 0.993 0.896 0.620 0.993 0.509 0.953 0.970 0.987 0.972 0.988 0.267 0.970 
 147   (0.070) 0.012 0.023 0.003 0.003 0.038 0.360 0.003 0.093 0.017 0.013 0.005 0.011 0.005 0.225 0.018 
 155   (0.056) 0.013 0.074 0.002 0.002 0.043 0.014 0.003 0.022 0.020 0.011 0.004 0.010 0.004 0.505 0.007 
 161   (0.039) 0.021 0.013 0.002 0.002 0.022 0.006 0.002 0.376 0.010 0.007 0.003 0.007 0.003 0.004 0.006 

Locus 2 : 
6 alleles
12.5% missing data
 179   (0.387) 0.427 0.079 0.966 0.066 0.450 0.082 0.241 0.364 0.453 0.823 0.039 0.585 0.932 0.034 0.687 
 176   (0.147) 0.088 0.064 0.007 0.161 0.101 0.035 0.014 0.073 0.134 0.033 0.578 0.047 0.014 0.922 0.212 
 173   (0.237) 0.105 0.745 0.015 0.739 0.220 0.071 0.016 0.283 0.286 0.067 0.361 0.103 0.029 0.019 0.055 
 164   (0.031) 0.007 0.006 0.001 0.025 0.017 0.005 0.002 0.013 0.008 0.007 0.004 0.006 0.003 0.002 0.005 
 182   (0.143) 0.306 0.090 0.007 0.007 0.171 0.800 0.724 0.093 0.099 0.056 0.014 0.211 0.015 0.018 0.033 
 170   (0.055) 0.067 0.016 0.003 0.002 0.041 0.008 0.003 0.175 0.019 0.013 0.005 0.047 0.008 0.006 0.008 

Locus 3 : 
17 alleles
0.0% missing data
 220   (0.145) 0.173 0.343 0.007 0.111 0.188 0.046 0.009 0.122 0.133 0.090 0.426 0.201 0.031 0.516 0.027 
 222   (0.163) 0.239 0.095 0.224 0.020 0.122 0.216 0.014 0.266 0.327 0.265 0.017 0.136 0.146 0.024 0.549 
 218   (0.179) 0.233 0.089 0.182 0.668 0.228 0.032 0.010 0.139 0.137 0.340 0.430 0.322 0.097 0.022 0.028 
 226   (0.063) 0.018 0.012 0.540 0.006 0.033 0.012 0.918 0.088 0.018 0.014 0.081 0.020 0.008 0.007 0.027 
 258   (0.064) 0.048 0.016 0.010 0.006 0.062 0.296 0.003 0.024 0.112 0.015 0.012 0.033 0.012 0.022 0.010 
 224   (0.067) 0.012 0.335 0.003 0.003 0.084 0.190 0.020 0.037 0.018 0.096 0.007 0.012 0.006 0.010 0.009 
 228   (0.073) 0.114 0.016 0.023 0.007 0.083 0.044 0.009 0.029 0.183 0.040 0.007 0.076 0.022 0.376 0.015 
 256   (0.026) 0.004 0.004 0.001 0.170 0.011 0.003 0.001 0.007 0.007 0.004 0.002 0.004 0.002 0.002 0.002 
 264   (0.020) 0.003 0.003 0.001 0.001 0.011 0.003 0.001 0.005 0.003 0.003 0.001 0.003 0.001 0.001 0.304 
 230   (0.027) 0.004 0.004 0.001 0.001 0.010 0.116 0.001 0.008 0.007 0.006 0.002 0.004 0.595 0.002 0.004 
 260   (0.037) 0.009 0.047 0.002 0.002 0.033 0.008 0.005 0.026 0.019 0.008 0.003 0.009 0.004 0.004 0.005 
 262   (0.026) 0.006 0.009 0.001 0.001 0.018 0.012 0.003 0.009 0.008 0.005 0.002 0.006 0.002 0.005 0.005 
 234   (0.016) 0.002 0.003 0.001 0.001 0.008 0.002 0.001 0.004 0.003 0.003 0.001 0.092 0.066 0.001 0.002 
 232   (0.025) 0.007 0.006 0.001 0.001 0.071 0.009 0.001 0.009 0.006 0.098 0.002 0.005 0.002 0.002 0.003 
 250   (0.021) 0.008 0.003 0.001 0.001 0.010 0.003 0.001 0.137 0.004 0.003 0.002 0.003 0.002 0.001 0.002 
 216   (0.021) 0.004 0.006 0.001 0.001 0.010 0.006 0.001 0.075 0.008 0.003 0.002 0.004 0.002 0.003 0.006 
 266   (0.027) 0.116 0.007 0.001 0.001 0.016 0.004 0.001 0.014 0.006 0.007 0.003 0.068 0.002 0.002 0.003 

Locus 4 : 
2 alleles
1.5% missing data
 137   (0.972) 0.992 0.995 0.999 0.999 0.945 0.996 0.999 0.988 0.983 0.953 0.998 0.996 0.998 0.998 0.997 
 139   (0.028) 0.008 0.005 0.001 0.001 0.055 0.004 0.001 0.012 0.017 0.047 0.002 0.004 0.002 0.002 0.003 

Locus 5 : 
17 alleles
11.8% missing data
 187   (0.280) 0.458 0.265 0.017 0.015 0.382 0.065 0.741 0.532 0.560 0.255 0.035 0.442 0.277 0.860 0.056 
 243   (0.040) 0.008 0.007 0.003 0.002 0.020 0.005 0.002 0.011 0.012 0.007 0.440 0.072 0.040 0.003 0.004 
 203   (0.079) 0.037 0.015 0.360 0.923 0.042 0.011 0.006 0.209 0.030 0.016 0.009 0.023 0.007 0.007 0.009 
 201   (0.105) 0.094 0.049 0.447 0.005 0.092 0.017 0.047 0.055 0.123 0.028 0.306 0.068 0.019 0.009 0.014 
 197   (0.088) 0.130 0.561 0.142 0.004 0.081 0.014 0.005 0.032 0.026 0.028 0.008 0.082 0.007 0.007 0.010 
 195   (0.049) 0.140 0.010 0.003 0.005 0.026 0.007 0.005 0.029 0.014 0.009 0.026 0.092 0.004 0.053 0.865 
 247   (0.022) 0.005 0.004 0.001 0.001 0.010 0.003 0.001 0.006 0.005 0.004 0.106 0.004 0.002 0.002 0.002 
 235   (0.037) 0.024 0.007 0.005 0.003 0.021 0.006 0.003 0.017 0.043 0.009 0.004 0.011 0.004 0.004 0.004 
 249   (0.024) 0.005 0.004 0.001 0.001 0.012 0.003 0.174 0.007 0.006 0.004 0.002 0.004 0.002 0.002 0.002 
 199   (0.061) 0.031 0.020 0.007 0.008 0.059 0.805 0.004 0.020 0.027 0.041 0.007 0.085 0.020 0.016 0.007 
 245   (0.027) 0.008 0.006 0.001 0.023 0.033 0.005 0.001 0.008 0.060 0.006 0.021 0.047 0.022 0.002 0.003 
 219   (0.033) 0.008 0.010 0.002 0.003 0.016 0.007 0.002 0.010 0.010 0.101 0.003 0.008 0.534 0.003 0.003 
 217   (0.037) 0.009 0.007 0.003 0.002 0.019 0.006 0.002 0.011 0.009 0.370 0.003 0.009 0.033 0.003 0.004 
 229   (0.021) 0.004 0.004 0.001 0.001 0.011 0.003 0.001 0.006 0.006 0.004 0.002 0.033 0.020 0.002 0.002 
 215   (0.040) 0.022 0.007 0.002 0.002 0.129 0.006 0.002 0.024 0.037 0.108 0.004 0.008 0.004 0.022 0.004 
 205   (0.027) 0.006 0.018 0.001 0.001 0.021 0.004 0.001 0.013 0.008 0.005 0.003 0.005 0.002 0.003 0.003 
 227   (0.031) 0.011 0.006 0.001 0.002 0.027 0.034 0.002 0.011 0.025 0.005 0.020 0.008 0.003 0.002 0.008 

Locus 6 : 
25 alleles
30.9% missing data
 214   (0.071) 0.031 0.047 0.006 0.118 0.088 0.021 0.005 0.038 0.034 0.044 0.224 0.025 0.010 0.008 0.013 
 222   (0.070) 0.054 0.144 0.031 0.087 0.047 0.018 0.006 0.030 0.171 0.019 0.481 0.018 0.012 0.008 0.012 
 206   (0.050) 0.053 0.016 0.008 0.368 0.040 0.055 0.007 0.026 0.066 0.015 0.007 0.169 0.107 0.036 0.011 
 218   (0.088) 0.087 0.027 0.013 0.366 0.092 0.034 0.007 0.047 0.091 0.029 0.020 0.239 0.209 0.102 0.029 
 216   (0.058) 0.036 0.017 0.391 0.003 0.051 0.016 0.009 0.288 0.033 0.020 0.007 0.033 0.101 0.034 0.013 
 208   (0.035) 0.012 0.119 0.203 0.002 0.026 0.009 0.003 0.043 0.014 0.009 0.004 0.013 0.006 0.004 0.005 
 238   (0.039) 0.015 0.009 0.163 0.002 0.019 0.096 0.529 0.013 0.025 0.014 0.005 0.010 0.006 0.004 0.006 
 204   (0.021) 0.005 0.343 0.002 0.001 0.012 0.004 0.001 0.007 0.005 0.004 0.002 0.004 0.002 0.002 0.003 
 234   (0.040) 0.055 0.010 0.009 0.003 0.028 0.014 0.003 0.064 0.094 0.011 0.005 0.015 0.008 0.138 0.006 
 242   (0.037) 0.032 0.011 0.004 0.002 0.085 0.013 0.002 0.063 0.068 0.114 0.004 0.010 0.006 0.005 0.005 
 210   (0.130) 0.368 0.092 0.058 0.010 0.171 0.596 0.404 0.080 0.121 0.046 0.032 0.279 0.122 0.612 0.513 
 246   (0.029) 0.011 0.015 0.007 0.012 0.035 0.008 0.002 0.013 0.019 0.013 0.004 0.014 0.009 0.004 0.007 
 258   (0.036) 0.041 0.009 0.032 0.002 0.023 0.011 0.003 0.014 0.088 0.009 0.004 0.011 0.007 0.006 0.005 
 240   (0.016) 0.005 0.008 0.040 0.001 0.009 0.004 0.001 0.006 0.007 0.004 0.004 0.004 0.003 0.002 0.003 
 256   (0.014) 0.003 0.003 0.001 0.001 0.007 0.003 0.001 0.005 0.022 0.003 0.106 0.003 0.002 0.001 0.002 
 254   (0.016) 0.004 0.005 0.002 0.001 0.010 0.004 0.001 0.006 0.013 0.003 0.046 0.004 0.003 0.002 0.002 
 236   (0.051) 0.015 0.023 0.004 0.006 0.038 0.029 0.004 0.087 0.038 0.013 0.020 0.018 0.347 0.006 0.333 
 248   (0.018) 0.005 0.006 0.001 0.003 0.077 0.017 0.001 0.008 0.007 0.123 0.002 0.011 0.004 0.002 0.003 
 252   (0.013) 0.004 0.004 0.002 0.003 0.013 0.004 0.001 0.004 0.019 0.004 0.003 0.014 0.010 0.001 0.002 
 224   (0.029) 0.016 0.007 0.003 0.002 0.047 0.009 0.002 0.082 0.018 0.034 0.005 0.008 0.004 0.007 0.004 
 230   (0.040) 0.008 0.023 0.007 0.002 0.027 0.011 0.003 0.019 0.015 0.257 0.004 0.009 0.008 0.005 0.005 
 228   (0.025) 0.013 0.008 0.008 0.002 0.014 0.006 0.002 0.026 0.008 0.006 0.003 0.009 0.003 0.002 0.007 
 266   (0.026) 0.040 0.006 0.002 0.001 0.013 0.006 0.002 0.012 0.008 0.006 0.003 0.025 0.004 0.002 0.003 
 212   (0.029) 0.006 0.042 0.002 0.001 0.017 0.006 0.002 0.010 0.009 0.194 0.004 0.006 0.005 0.007 0.004 
 232   (0.022) 0.081 0.005 0.002 0.001 0.011 0.006 0.001 0.010 0.006 0.005 0.002 0.050 0.003 0.002 0.003 

Locus 7 : 
7 alleles
1.5% missing data
 108   (0.643) 0.483 0.447 0.438 0.980 0.634 0.929 0.974 0.563 0.870 0.223 0.817 0.672 0.968 0.966 0.955 
 116   (0.036) 0.006 0.006 0.002 0.002 0.020 0.012 0.002 0.011 0.014 0.006 0.155 0.007 0.003 0.003 0.006 
 110   (0.143) 0.361 0.188 0.552 0.009 0.107 0.026 0.016 0.270 0.056 0.041 0.012 0.224 0.014 0.018 0.021 
 114   (0.065) 0.016 0.325 0.003 0.005 0.076 0.015 0.003 0.021 0.019 0.338 0.007 0.015 0.007 0.005 0.007 
 112   (0.060) 0.121 0.013 0.003 0.003 0.131 0.011 0.003 0.030 0.028 0.382 0.005 0.075 0.005 0.004 0.006 
 104   (0.027) 0.008 0.004 0.001 0.001 0.013 0.003 0.001 0.093 0.006 0.005 0.002 0.004 0.002 0.002 0.003 
 118   (0.025) 0.004 0.016 0.001 0.001 0.018 0.003 0.001 0.012 0.007 0.005 0.002 0.004 0.002 0.002 0.002 

Locus 8 : 
5 alleles
2.2% missing data
 160   (0.163) 0.100 0.079 0.007 0.530 0.100 0.389 0.067 0.056 0.090 0.034 0.376 0.221 0.159 0.224 0.024 
 162   (0.630) 0.811 0.471 0.980 0.461 0.656 0.339 0.908 0.633 0.806 0.861 0.608 0.706 0.800 0.742 0.117 
 164   (0.088) 0.025 0.420 0.004 0.004 0.070 0.020 0.006 0.124 0.030 0.016 0.007 0.023 0.012 0.010 0.793 
 166   (0.024) 0.006 0.006 0.001 0.001 0.015 0.005 0.006 0.014 0.009 0.004 0.002 0.006 0.005 0.002 0.004 
 158   (0.094) 0.058 0.023 0.009 0.004 0.159 0.246 0.013 0.174 0.066 0.084 0.008 0.044 0.025 0.022 0.063 

Locus 9 : 
4 alleles
0.0% missing data
 229   (0.494) 0.294 0.588 0.930 0.505 0.451 0.282 0.608 0.399 0.441 0.414 0.258 0.544 0.953 0.217 0.503 
 226   (0.350) 0.629 0.093 0.062 0.482 0.438 0.682 0.382 0.390 0.471 0.549 0.730 0.397 0.034 0.078 0.049 
 223   (0.130) 0.069 0.315 0.007 0.012 0.097 0.022 0.009 0.204 0.077 0.033 0.011 0.055 0.011 0.690 0.445 
 232   (0.025) 0.009 0.005 0.001 0.001 0.014 0.015 0.001 0.008 0.011 0.005 0.002 0.005 0.002 0.015 0.003 

Values of parameters used in structure:
DATAFILE=C:\Users\eschumacher\Documents\GitHub\Ten_Oaks\Data_Files\QUTO_wild\project_data,	OUTFILE=C:\Users\eschumacher\Documents\GitHub\Ten_Oaks\Data_Files\QUTO_wild\50-50\Results\50-50_run_74,	NUMINDS=136,	NUMLOCI=9,	MISSING=-9,	LABEL=1,	POPDATA=1,	POPFLAG=0,	PHENOTYPE=0,	EXTRACOLS=0,	MAXPOPS=15,	BURNIN=50000,	NUMREPS=50000,	USEPOPINFO=0,	INFERALPHA=1,	INFERLAMBDA=0,	POPSPECIFICLAMBDA=0,	POPALPHAS=0,	COMPUTEPROB=1,	NOADMIX=0,	ADMBURNIN=2500,	UPDATEFREQ=1,	PRINTLIKES=0,	INTERMEDSAVE=0,	PRINTKLD=0,	PRINTNET=0,	PRINTLAMBDA=0,	ANCESTDIST=0,	NUMBOXES=1000,	ANCESTPINT=0.90000,	GENSBACK=2,	MIGRPRIOR=0.05000,	PRINTQHAT=0,	PRINTQSUM=0,	ALPHA=1.0000,	FREQSCORR=1,	FPRIORMEAN=0.0100,	FPRIORSD=0.0500,	ONEFST=0,	LAMBDA=1.0000,	UNIFPRIORALPHA=1,	ALPHAMAX=10.0000,	ALPHAPRIORA=1.0000,	ALPHAPRIORB=2.0000,	ALPHAPROPSD=0.0250,	STARTATPOPINFO=0,	RANDOMIZE=1,	LINKAGE=0,	METROFREQ=10,	REPORTHITRATE=0,	MARKOVPHASE=-1,	PHASED=0,	PLOIDY=2,	PHASEINFO=0	LOCPRIOR=0, 	LOCPRIORINIT=1.000000, 	LOCDATA=0, 	LOCISPOP=0, 	LOCPRIORSTEP=0.100000, 	MAXLOCPRIOR=20.000000, 	SEED=1689804222,	
[STRAT parameters]:    NUMSIMSTATS=1000,	PHENOTYPECOL=-9,	POOLFREQ=10,	LOCUSxONLY=0,	EMERROR=0.00100,	MISSINGPHENO=-9,	