

----------------------------------------------------
STRUCTURE by Pritchard, Stephens and Donnelly (2000)
     and Falush, Stephens and Pritchard (2003)
       Code by Pritchard, Falush and Hubisz
             Version 2.3.4 (Jul 2012)
----------------------------------------------------



Command line arguments:   bin\structure -m C:\Users\eschumacher\Documents\GitHub\Ten_Oaks\Data_Files\QUTO_wild\50-50\mainparams -e C:\Users\eschumacher\Documents\GitHub\Ten_Oaks\Data_Files\QUTO_wild\50-50\extraparams 
Input File:    C:\Users\eschumacher\Documents\GitHub\Ten_Oaks\Data_Files\QUTO_wild\project_data

Run parameters:
   136 individuals
   9 loci
   16 populations assumed
   50000 Burn-in period
   50000 Reps


--------------------------------------------
Proportion of membership of each pre-defined
 population in each of the 16 clusters

Given    Inferred Clusters                                                                                                  Number of
 Pop       1      2      3      4      5      6      7      8      9     10     11     12     13     14     15     16      Individuals

  1:     0.011  0.033  0.011  0.019  0.018  0.020  0.065  0.527  0.018  0.053  0.119  0.012  0.022  0.013  0.043  0.014        1
  2:     0.005  0.005  0.006  0.006  0.004  0.010  0.005  0.008  0.007  0.006  0.007  0.006  0.006  0.445  0.011  0.463        4
  3:     0.013  0.004  0.005  0.016  0.006  0.017  0.011  0.021  0.795  0.012  0.030  0.018  0.008  0.009  0.022  0.011        4
  4:     0.005  0.009  0.550  0.009  0.008  0.007  0.022  0.079  0.044  0.055  0.139  0.005  0.013  0.006  0.041  0.009        5
  5:     0.018  0.028  0.013  0.013  0.054  0.127  0.069  0.096  0.137  0.039  0.074  0.014  0.019  0.145  0.047  0.107       71
  6:     0.007  0.005  0.015  0.208  0.003  0.006  0.004  0.005  0.004  0.677  0.009  0.011  0.010  0.004  0.028  0.004        2
  7:     0.031  0.637  0.007  0.008  0.007  0.008  0.005  0.017  0.010  0.033  0.059  0.024  0.040  0.017  0.084  0.014        5
  8:     0.017  0.017  0.070  0.172  0.041  0.056  0.008  0.015  0.011  0.074  0.118  0.058  0.205  0.011  0.114  0.013       10
  9:     0.016  0.011  0.120  0.044  0.022  0.023  0.011  0.016  0.086  0.035  0.032  0.046  0.432  0.018  0.072  0.016        8
 10:     0.050  0.044  0.138  0.023  0.019  0.006  0.016  0.057  0.012  0.023  0.037  0.316  0.018  0.121  0.092  0.029        9
 11:     0.561  0.005  0.051  0.027  0.007  0.011  0.041  0.015  0.014  0.020  0.019  0.091  0.007  0.011  0.079  0.040        3
 12:     0.007  0.615  0.010  0.078  0.009  0.011  0.026  0.021  0.045  0.021  0.063  0.008  0.035  0.007  0.034  0.010        1
 13:     0.022  0.062  0.007  0.020  0.008  0.009  0.008  0.083  0.006  0.074  0.041  0.568  0.009  0.042  0.025  0.017        3
 14:     0.006  0.029  0.053  0.010  0.009  0.006  0.005  0.015  0.005  0.321  0.368  0.007  0.054  0.016  0.067  0.028        1
 15:     0.913  0.005  0.005  0.004  0.003  0.020  0.004  0.004  0.005  0.008  0.006  0.005  0.005  0.004  0.005  0.004        2
 16:     0.015  0.037  0.010  0.027  0.007  0.038  0.012  0.058  0.010  0.352  0.063  0.227  0.041  0.031  0.027  0.045        4
 17:     0.004  0.003  0.005  0.870  0.005  0.005  0.053  0.007  0.008  0.008  0.007  0.007  0.005  0.005  0.006  0.005        3
--------------------------------------------

Allele-freq. divergence among pops (Net nucleotide distance),
computed using point estimates of P.

      1       2       3       4       5       6       7       8       9      10      11      12      13      14      15      16      
 1      -    0.2666  0.2355  0.2200  0.2552  0.1893  0.2845  0.1935  0.3110  0.1526  0.1471  0.1577  0.1675  0.2363  0.1221  0.1911  
 2   0.2666     -    0.2609  0.3059  0.2942  0.2690  0.3404  0.2198  0.3769  0.1839  0.1699  0.2664  0.1762  0.3307  0.1693  0.2349  
 3   0.2355  0.2609     -    0.1672  0.2101  0.2460  0.2474  0.1601  0.2126  0.1363  0.1222  0.1663  0.1233  0.1899  0.0847  0.1648  
 4   0.2200  0.3059  0.1672     -    0.2171  0.2152  0.1558  0.0953  0.1215  0.0947  0.0704  0.1022  0.1075  0.2111  0.0602  0.1595  
 5   0.2552  0.2942  0.2101  0.2171     -    0.2910  0.2243  0.1718  0.2566  0.2316  0.1584  0.2338  0.1868  0.2972  0.1419  0.2659  
 6   0.1893  0.2690  0.2460  0.2152  0.2910     -    0.2308  0.1503  0.1915  0.1141  0.1146  0.1848  0.1643  0.2811  0.1207  0.2290  
 7   0.2845  0.3404  0.2474  0.1558  0.2243  0.2308     -    0.0992  0.1516  0.1933  0.1175  0.2523  0.1768  0.2769  0.1201  0.2630  
 8   0.1935  0.2198  0.1601  0.0953  0.1718  0.1503  0.0992     -    0.1150  0.0949  0.0364  0.1573  0.0960  0.1542  0.0422  0.1532  
 9   0.3110  0.3769  0.2126  0.1215  0.2566  0.1915  0.1516  0.1150     -    0.1900  0.1191  0.1749  0.1365  0.2541  0.1026  0.2422  
10   0.1526  0.1839  0.1363  0.0947  0.2316  0.1141  0.1933  0.0949  0.1900     -    0.0311  0.0755  0.0663  0.1755  0.0394  0.1146  
11   0.1471  0.1699  0.1222  0.0704  0.1584  0.1146  0.1175  0.0364  0.1191  0.0311     -    0.0948  0.0496  0.1515  0.0118  0.1039  
12   0.1577  0.2664  0.1663  0.1022  0.2338  0.1848  0.2523  0.1573  0.1749  0.0755  0.0948     -    0.1092  0.2181  0.0734  0.1422  
13   0.1675  0.1762  0.1233  0.1075  0.1868  0.1643  0.1768  0.0960  0.1365  0.0663  0.0496  0.1092     -    0.1691  0.0367  0.1460  
14   0.2363  0.3307  0.1899  0.2111  0.2972  0.2811  0.2769  0.1542  0.2541  0.1755  0.1515  0.2181  0.1691     -    0.1206  0.1252  
15   0.1221  0.1693  0.0847  0.0602  0.1419  0.1207  0.1201  0.0422  0.1026  0.0394  0.0118  0.0734  0.0367  0.1206     -    0.0825  
16   0.1911  0.2349  0.1648  0.1595  0.2659  0.2290  0.2630  0.1532  0.2422  0.1146  0.1039  0.1422  0.1460  0.1252  0.0825     -    

Average distances (expected heterozygosity) between individuals in same cluster:
cluster  1  : 0.4277 
cluster  2  : 0.3371 
cluster  3  : 0.4921 
cluster  4  : 0.4994 
cluster  5  : 0.3271 
cluster  6  : 0.2433 
cluster  7  : 0.2313 
cluster  8  : 0.3989 
cluster  9  : 0.3079 
cluster 10  : 0.4708 
cluster 11  : 0.4954 
cluster 12  : 0.4743 
cluster 13  : 0.6108 
cluster 14  : 0.3156 
cluster 15  : 0.5974 
cluster 16  : 0.4187 

--------------------------------------------
Estimated Ln Prob of Data   = -2312.3
Mean value of ln likelihood = -1832.8
Variance of ln likelihood   = 959.0
Mean value of alpha         = 0.0358

Mean value of Fst_1         = 0.4107
Mean value of Fst_2         = 0.5378
Mean value of Fst_3         = 0.3408
Mean value of Fst_4         = 0.2992
Mean value of Fst_5         = 0.5565
Mean value of Fst_6         = 0.5882
Mean value of Fst_7         = 0.6125
Mean value of Fst_8         = 0.3080
Mean value of Fst_9         = 0.4787
Mean value of Fst_10         = 0.3028
Mean value of Fst_11         = 0.2095
Mean value of Fst_12         = 0.3144
Mean value of Fst_13         = 0.1719
Mean value of Fst_14         = 0.4918
Mean value of Fst_15         = 0.0475
Mean value of Fst_16         = 0.3931


Inferred ancestry of individuals:
        Label (%Miss) Pop:  Inferred clusters
  1 QTo-W-0007   (11)    1 :  0.011 0.033 0.011 0.019 0.018 0.020 0.065 0.527 0.018 0.053 0.119 0.012 0.022 0.013 0.043 0.014 
  2 QTo-W-0009    (0)    2 :  0.004 0.004 0.004 0.004 0.004 0.027 0.004 0.006 0.016 0.005 0.006 0.004 0.005 0.008 0.006 0.892 
  3 QTo-W-0010    (0)    2 :  0.007 0.007 0.009 0.009 0.004 0.005 0.005 0.012 0.005 0.009 0.012 0.009 0.010 0.834 0.028 0.035 
  4 QTo-W-0011    (0)    2 :  0.004 0.005 0.005 0.005 0.004 0.005 0.005 0.008 0.005 0.005 0.006 0.004 0.004 0.010 0.006 0.919 
  5 QTo-W-0012   (22)    2 :  0.004 0.003 0.005 0.005 0.003 0.004 0.005 0.007 0.005 0.005 0.005 0.006 0.005 0.927 0.005 0.007 
  6 QTo-W-0020   (22)    3 :  0.003 0.003 0.004 0.004 0.003 0.006 0.004 0.004 0.934 0.004 0.004 0.005 0.005 0.007 0.005 0.003 
  7 QTo-W-0021   (22)    3 :  0.006 0.005 0.006 0.011 0.010 0.015 0.018 0.014 0.856 0.008 0.014 0.008 0.007 0.006 0.010 0.006 
  8 QTo-W-0023   (22)    3 :  0.005 0.004 0.005 0.015 0.005 0.036 0.011 0.015 0.853 0.007 0.008 0.006 0.007 0.007 0.009 0.006 
  9 QTo-W-0024   (11)    3 :  0.038 0.005 0.006 0.033 0.006 0.009 0.011 0.053 0.538 0.030 0.094 0.055 0.015 0.014 0.063 0.030 
 10 QTo-W-0033    (0)    4 :  0.004 0.005 0.887 0.005 0.006 0.004 0.005 0.005 0.014 0.008 0.010 0.005 0.007 0.007 0.009 0.018 
 11 QTo-W-0035   (11)    4 :  0.004 0.006 0.916 0.005 0.007 0.005 0.006 0.006 0.005 0.007 0.005 0.005 0.005 0.006 0.006 0.006 
 12 QTo-W-0036    (0)    4 :  0.004 0.005 0.934 0.004 0.005 0.004 0.005 0.005 0.004 0.005 0.005 0.004 0.004 0.005 0.005 0.004 
 13 QTo-W-0039   (11)    4 :  0.006 0.014 0.006 0.013 0.013 0.015 0.060 0.251 0.131 0.096 0.276 0.007 0.013 0.005 0.086 0.007 
 14 QTo-W-0041    (0)    4 :  0.005 0.017 0.006 0.016 0.009 0.008 0.033 0.129 0.068 0.158 0.398 0.006 0.035 0.005 0.099 0.007 
 15 QTo-W-0044    (0)    5 :  0.007 0.030 0.005 0.005 0.145 0.045 0.004 0.006 0.011 0.012 0.009 0.085 0.006 0.005 0.016 0.608 
 16 QTo-W-0047    (0)    5 :  0.005 0.007 0.005 0.005 0.004 0.005 0.005 0.008 0.005 0.006 0.009 0.006 0.007 0.014 0.012 0.897 
 17 QTo-W-0048   (11)    5 :  0.005 0.010 0.006 0.006 0.006 0.007 0.006 0.019 0.006 0.006 0.007 0.005 0.005 0.014 0.007 0.885 
 18 QTo-W-0049    (0)    5 :  0.005 0.006 0.008 0.006 0.004 0.005 0.004 0.008 0.005 0.006 0.007 0.006 0.006 0.882 0.007 0.036 
 19 QTo-W-0050   (22)    5 :  0.066 0.006 0.135 0.013 0.007 0.475 0.011 0.012 0.023 0.094 0.025 0.013 0.018 0.030 0.042 0.031 
 20 QTo-W-0052    (0)    5 :  0.015 0.693 0.006 0.004 0.157 0.005 0.010 0.019 0.004 0.009 0.009 0.023 0.009 0.013 0.014 0.008 
 21 QTo-W-0054    (0)    5 :  0.004 0.003 0.004 0.004 0.003 0.004 0.005 0.007 0.004 0.005 0.005 0.004 0.004 0.932 0.004 0.006 
 22 QTo-W-0056    (0)    5 :  0.004 0.005 0.004 0.004 0.004 0.004 0.004 0.006 0.003 0.005 0.005 0.004 0.004 0.912 0.005 0.027 
 23 QTo-W-0057    (0)    5 :  0.005 0.009 0.006 0.005 0.003 0.004 0.004 0.006 0.004 0.008 0.009 0.007 0.005 0.775 0.007 0.143 
 24 QTo-W-0058    (0)    5 :  0.004 0.003 0.004 0.004 0.003 0.004 0.005 0.006 0.004 0.005 0.004 0.004 0.004 0.934 0.005 0.005 
 25 QTo-W-0059    (0)    5 :  0.011 0.025 0.006 0.006 0.108 0.087 0.005 0.017 0.027 0.010 0.011 0.039 0.009 0.573 0.030 0.036 
 26 QTo-W-0060    (0)    5 :  0.004 0.006 0.006 0.004 0.004 0.004 0.005 0.006 0.005 0.007 0.009 0.004 0.004 0.863 0.007 0.061 
 27 QTo-W-0061    (0)    5 :  0.008 0.011 0.005 0.034 0.010 0.007 0.035 0.100 0.041 0.033 0.139 0.009 0.016 0.468 0.079 0.005 
 28 QTo-W-0062   (11)    5 :  0.005 0.004 0.005 0.005 0.004 0.006 0.005 0.006 0.005 0.005 0.006 0.005 0.005 0.920 0.006 0.009 
 29 QTo-W-0065   (11)    5 :  0.006 0.004 0.005 0.029 0.014 0.011 0.041 0.050 0.050 0.010 0.020 0.011 0.011 0.713 0.017 0.008 
 30 QTo-W-0067    (0)    5 :  0.004 0.008 0.007 0.012 0.011 0.009 0.031 0.030 0.034 0.012 0.029 0.006 0.008 0.749 0.016 0.032 
 31 QTo-W-0071    (0)    5 :  0.013 0.008 0.008 0.016 0.009 0.013 0.021 0.045 0.019 0.209 0.540 0.007 0.018 0.006 0.057 0.012 
 32 QTo-W-0072    (0)    5 :  0.005 0.009 0.007 0.008 0.009 0.606 0.017 0.030 0.227 0.012 0.015 0.022 0.014 0.004 0.012 0.004 
 33 QTo-W-0075    (0)    5 :  0.011 0.011 0.004 0.005 0.014 0.056 0.018 0.023 0.800 0.006 0.011 0.009 0.006 0.004 0.015 0.006 
 34 QTo-W-0076   (11)    5 :  0.010 0.004 0.010 0.015 0.008 0.019 0.010 0.011 0.798 0.013 0.017 0.039 0.012 0.008 0.014 0.013 
 35 QTo-W-0077   (11)    5 :  0.005 0.005 0.013 0.013 0.009 0.048 0.025 0.149 0.295 0.013 0.024 0.007 0.013 0.027 0.037 0.318 
 36 QTo-W-0079    (0)    5 :  0.003 0.003 0.004 0.004 0.003 0.005 0.005 0.004 0.942 0.003 0.004 0.004 0.005 0.005 0.004 0.003 
 37 QTo-W-0080   (11)    5 :  0.007 0.010 0.011 0.022 0.008 0.007 0.024 0.059 0.157 0.046 0.176 0.033 0.086 0.132 0.216 0.007 
 38 QTo-W-0081   (11)    5 :  0.005 0.004 0.011 0.012 0.007 0.006 0.012 0.018 0.845 0.007 0.017 0.021 0.008 0.008 0.013 0.008 
 39 QTo-W-0082    (0)    5 :  0.009 0.004 0.005 0.011 0.006 0.010 0.008 0.010 0.758 0.020 0.072 0.014 0.025 0.016 0.025 0.007 
 40 QTo-W-0087    (0)    5 :  0.004 0.003 0.004 0.006 0.004 0.017 0.006 0.007 0.909 0.004 0.006 0.005 0.005 0.008 0.007 0.005 
 41 QTo-W-0088   (11)    5 :  0.004 0.004 0.005 0.008 0.005 0.008 0.008 0.011 0.894 0.006 0.008 0.006 0.007 0.013 0.007 0.006 
 42 QTo-W-0089   (11)    5 :  0.004 0.004 0.010 0.007 0.007 0.009 0.010 0.008 0.893 0.006 0.010 0.010 0.006 0.004 0.008 0.005 
 43 QTo-W-0090    (0)    5 :  0.006 0.004 0.031 0.011 0.007 0.007 0.015 0.011 0.769 0.014 0.034 0.013 0.010 0.007 0.036 0.027 
 44 QTo-W-0093   (11)    5 :  0.046 0.013 0.006 0.017 0.006 0.212 0.010 0.029 0.248 0.074 0.127 0.035 0.030 0.036 0.085 0.028 
 45 QTo-W-0098    (0)    5 :  0.014 0.007 0.004 0.007 0.005 0.862 0.008 0.022 0.008 0.008 0.009 0.008 0.006 0.013 0.009 0.010 
 46 QTo-W-0101   (11)    5 :  0.017 0.010 0.006 0.008 0.006 0.804 0.012 0.037 0.010 0.012 0.016 0.012 0.007 0.015 0.013 0.015 
 47 QTo-W-0114    (0)    5 :  0.005 0.005 0.004 0.006 0.006 0.897 0.012 0.013 0.012 0.007 0.009 0.005 0.005 0.004 0.006 0.004 
 48 QTo-W-0116   (11)    5 :  0.008 0.005 0.004 0.004 0.005 0.916 0.006 0.005 0.007 0.006 0.006 0.007 0.004 0.005 0.006 0.005 
 49 QTo-W-0117   (22)    5 :  0.010 0.005 0.005 0.006 0.005 0.890 0.008 0.007 0.010 0.010 0.008 0.008 0.006 0.007 0.007 0.008 
 50 QTo-W-0118    (0)    5 :  0.006 0.004 0.003 0.004 0.004 0.935 0.004 0.005 0.005 0.005 0.005 0.005 0.003 0.004 0.005 0.004 
 51 QTo-W-0121   (11)    5 :  0.008 0.004 0.006 0.006 0.005 0.834 0.006 0.010 0.040 0.010 0.012 0.011 0.007 0.005 0.012 0.025 
 52 QTo-W-0124   (11)    5 :  0.006 0.004 0.007 0.005 0.004 0.005 0.005 0.006 0.004 0.008 0.008 0.007 0.005 0.054 0.007 0.864 
 53 QTo-W-0128    (0)    5 :  0.004 0.004 0.006 0.004 0.003 0.004 0.004 0.005 0.005 0.005 0.005 0.006 0.004 0.028 0.005 0.908 
 54 QTo-W-0129    (0)    5 :  0.006 0.004 0.009 0.005 0.004 0.005 0.004 0.006 0.005 0.007 0.009 0.007 0.006 0.028 0.014 0.882 
 55 QTo-W-0131   (11)    5 :  0.014 0.004 0.104 0.045 0.032 0.006 0.018 0.064 0.040 0.040 0.169 0.022 0.031 0.055 0.333 0.023 
 56 QTo-W-0133   (11)    5 :  0.197 0.127 0.010 0.026 0.013 0.010 0.036 0.324 0.016 0.025 0.077 0.010 0.008 0.019 0.067 0.034 
 57 QTo-W-0137    (0)    5 :  0.016 0.007 0.006 0.022 0.008 0.064 0.011 0.029 0.032 0.171 0.459 0.013 0.017 0.006 0.121 0.017 
 58 QTo-W-0138    (0)    5 :  0.012 0.014 0.008 0.007 0.018 0.005 0.039 0.097 0.003 0.040 0.080 0.017 0.017 0.275 0.082 0.285 
 59 QTo-W-0139    (0)    5 :  0.004 0.013 0.005 0.003 0.915 0.004 0.009 0.005 0.004 0.005 0.006 0.004 0.005 0.005 0.005 0.008 
 60 QTo-W-0140   (22)    5 :  0.005 0.005 0.006 0.005 0.923 0.005 0.006 0.006 0.005 0.005 0.006 0.004 0.005 0.005 0.005 0.005 
 61 QTo-W-0142    (0)    5 :  0.004 0.004 0.004 0.004 0.932 0.004 0.010 0.006 0.005 0.004 0.005 0.004 0.004 0.003 0.004 0.003 
 62 QTo-W-0144    (0)    5 :  0.077 0.006 0.024 0.026 0.008 0.009 0.014 0.244 0.008 0.109 0.062 0.010 0.019 0.255 0.116 0.013 
 63 QTo-W-0149   (22)    5 :  0.006 0.004 0.006 0.097 0.007 0.006 0.812 0.009 0.008 0.006 0.009 0.005 0.006 0.005 0.010 0.005 
 64 QTo-W-0151   (11)    5 :  0.005 0.006 0.005 0.006 0.007 0.005 0.833 0.028 0.035 0.010 0.010 0.005 0.017 0.013 0.011 0.004 
 65 QTo-W-0153   (22)    5 :  0.005 0.004 0.004 0.005 0.007 0.005 0.923 0.007 0.006 0.005 0.006 0.004 0.004 0.005 0.005 0.005 
 66 QTo-W-0154    (0)    5 :  0.011 0.015 0.005 0.009 0.047 0.020 0.733 0.036 0.010 0.021 0.043 0.013 0.012 0.004 0.017 0.004 
 67 QTo-W-0159   (11)    5 :  0.017 0.062 0.006 0.009 0.010 0.035 0.011 0.228 0.007 0.154 0.354 0.017 0.013 0.015 0.053 0.008 
 68 QTo-W-0161   (11)    5 :  0.009 0.013 0.008 0.007 0.045 0.027 0.670 0.037 0.007 0.039 0.066 0.008 0.036 0.005 0.019 0.005 
 69 QTo-W-0162    (0)    5 :  0.054 0.012 0.029 0.008 0.018 0.200 0.035 0.028 0.026 0.121 0.137 0.025 0.088 0.005 0.210 0.004 
 70 QTo-W-0163   (11)    5 :  0.012 0.015 0.015 0.048 0.041 0.006 0.020 0.167 0.210 0.023 0.067 0.023 0.239 0.029 0.080 0.006 
 71 QTo-W-0167   (11)    5 :  0.020 0.124 0.043 0.016 0.012 0.267 0.009 0.023 0.020 0.193 0.099 0.012 0.030 0.011 0.052 0.068 
 72 QTo-W-0170    (0)    5 :  0.022 0.097 0.011 0.011 0.007 0.037 0.009 0.028 0.009 0.202 0.390 0.031 0.029 0.008 0.089 0.020 
 73 QTo-W-0171   (22)    5 :  0.084 0.007 0.047 0.016 0.016 0.012 0.020 0.038 0.016 0.166 0.264 0.018 0.041 0.077 0.132 0.046 
 74 QTo-W-0172   (22)    5 :  0.112 0.087 0.050 0.010 0.032 0.074 0.010 0.019 0.007 0.084 0.113 0.029 0.032 0.008 0.325 0.008 
 75 QTo-W-0173   (11)    5 :  0.007 0.060 0.006 0.014 0.014 0.017 0.020 0.099 0.011 0.204 0.437 0.010 0.017 0.008 0.062 0.014 
 76 QTo-W-0174    (0)    5 :  0.006 0.029 0.009 0.011 0.009 0.224 0.024 0.467 0.043 0.037 0.071 0.010 0.016 0.012 0.024 0.009 
 77 QTo-W-0175    (0)    5 :  0.017 0.005 0.012 0.014 0.008 0.007 0.044 0.248 0.014 0.054 0.159 0.010 0.015 0.104 0.247 0.042 
 78 QTo-W-0182   (22)    5 :  0.006 0.005 0.006 0.008 0.005 0.007 0.006 0.008 0.008 0.009 0.008 0.011 0.006 0.009 0.009 0.890 
 79 QTo-W-0184    (0)    5 :  0.008 0.040 0.058 0.017 0.010 0.040 0.020 0.200 0.040 0.085 0.064 0.108 0.196 0.011 0.090 0.014 
 80 QTo-W-0188    (0)    5 :  0.079 0.216 0.005 0.010 0.009 0.014 0.007 0.131 0.005 0.126 0.285 0.009 0.015 0.015 0.061 0.013 
 81 QTo-W-0192   (11)    5 :  0.005 0.005 0.005 0.007 0.005 0.008 0.013 0.871 0.009 0.008 0.009 0.006 0.006 0.009 0.010 0.024 
 82 QTo-W-0193    (0)    5 :  0.005 0.005 0.004 0.007 0.005 0.006 0.012 0.883 0.006 0.007 0.009 0.006 0.005 0.020 0.016 0.005 
 83 QTo-W-0194    (0)    5 :  0.005 0.004 0.004 0.006 0.004 0.005 0.011 0.891 0.006 0.006 0.008 0.004 0.005 0.018 0.007 0.016 
 84 QTo-W-0196   (11)    5 :  0.028 0.019 0.005 0.057 0.039 0.017 0.050 0.404 0.040 0.030 0.187 0.017 0.011 0.009 0.079 0.007 
 85 QTo-W-0197    (0)    5 :  0.023 0.016 0.005 0.040 0.026 0.015 0.027 0.353 0.152 0.031 0.176 0.020 0.010 0.006 0.087 0.013 
 86 QTo-W-0200   (11)    6 :  0.007 0.004 0.015 0.209 0.003 0.006 0.004 0.005 0.004 0.679 0.010 0.010 0.008 0.004 0.026 0.004 
 87 QTo-W-0201   (22)    6 :  0.007 0.005 0.016 0.206 0.003 0.006 0.004 0.005 0.004 0.675 0.009 0.012 0.011 0.004 0.030 0.004 
 88 QTo-W-0205    (0)    7 :  0.005 0.943 0.004 0.003 0.004 0.004 0.003 0.004 0.003 0.004 0.004 0.004 0.004 0.003 0.004 0.003 
 89 QTo-W-0208    (0)    7 :  0.019 0.183 0.015 0.026 0.017 0.011 0.008 0.027 0.036 0.034 0.065 0.104 0.167 0.065 0.171 0.053 
 90 QTo-W-0211    (0)    7 :  0.120 0.195 0.007 0.005 0.005 0.015 0.007 0.044 0.004 0.115 0.209 0.006 0.019 0.008 0.237 0.005 
 91 QTo-W-0212   (11)    7 :  0.004 0.938 0.004 0.003 0.004 0.004 0.003 0.006 0.003 0.004 0.005 0.003 0.004 0.005 0.004 0.006 
 92 QTo-W-0213    (0)    7 :  0.005 0.926 0.004 0.003 0.003 0.004 0.003 0.005 0.003 0.007 0.012 0.004 0.007 0.004 0.006 0.004 
 93 QTo-W-0216   (11)    8 :  0.006 0.005 0.005 0.720 0.005 0.005 0.007 0.012 0.007 0.008 0.165 0.016 0.006 0.007 0.016 0.009 
 94 QTo-W-0220    (0)    8 :  0.006 0.005 0.006 0.690 0.005 0.005 0.007 0.010 0.005 0.008 0.165 0.015 0.017 0.012 0.023 0.021 
 95 QTo-W-0224   (11)    8 :  0.060 0.007 0.058 0.020 0.037 0.016 0.009 0.015 0.009 0.137 0.066 0.325 0.033 0.037 0.132 0.041 
 96 QTo-W-0225   (11)    8 :  0.004 0.018 0.005 0.007 0.004 0.005 0.005 0.007 0.009 0.012 0.014 0.008 0.864 0.016 0.013 0.008 
 97 QTo-W-0227   (11)    8 :  0.039 0.006 0.100 0.220 0.013 0.008 0.013 0.041 0.015 0.093 0.121 0.141 0.038 0.007 0.132 0.013 
 98 QTo-W-0229    (0)    8 :  0.004 0.004 0.004 0.009 0.006 0.003 0.005 0.005 0.034 0.015 0.010 0.008 0.871 0.007 0.011 0.004 
 99 QTo-W-0231    (0)    8 :  0.006 0.033 0.164 0.014 0.007 0.003 0.003 0.004 0.007 0.012 0.083 0.009 0.031 0.006 0.604 0.015 
100 QTo-W-0238   (22)    8 :  0.014 0.052 0.015 0.017 0.039 0.031 0.015 0.020 0.009 0.273 0.335 0.034 0.079 0.007 0.049 0.009 
101 QTo-W-0240    (0)    8 :  0.009 0.026 0.322 0.011 0.018 0.019 0.011 0.018 0.006 0.168 0.194 0.013 0.038 0.008 0.127 0.011 
102 QTo-W-0242    (0)    8 :  0.024 0.014 0.017 0.014 0.272 0.461 0.009 0.020 0.009 0.015 0.030 0.007 0.071 0.003 0.029 0.003 
103 QTo-W-0244    (0)    9 :  0.019 0.010 0.653 0.008 0.014 0.044 0.005 0.008 0.008 0.076 0.024 0.088 0.020 0.003 0.015 0.004 
104 QTo-W-0245   (11)    9 :  0.013 0.011 0.185 0.010 0.021 0.011 0.014 0.009 0.013 0.097 0.039 0.035 0.414 0.006 0.109 0.013 
105 QTo-W-0251    (0)    9 :  0.046 0.011 0.006 0.296 0.006 0.067 0.013 0.054 0.344 0.011 0.038 0.009 0.008 0.004 0.083 0.004 
106 QTo-W-0253    (0)    9 :  0.006 0.008 0.005 0.010 0.006 0.020 0.004 0.007 0.016 0.014 0.017 0.033 0.824 0.004 0.023 0.004 
107 QTo-W-0256   (11)    9 :  0.007 0.007 0.053 0.010 0.006 0.007 0.008 0.012 0.086 0.019 0.044 0.039 0.437 0.075 0.113 0.078 
108 QTo-W-0258    (0)    9 :  0.007 0.004 0.029 0.010 0.042 0.005 0.007 0.007 0.201 0.029 0.044 0.159 0.268 0.039 0.137 0.012 
109 QTo-W-0259    (0)    9 :  0.011 0.009 0.012 0.005 0.047 0.023 0.024 0.012 0.016 0.009 0.018 0.003 0.780 0.005 0.022 0.005 
110 QTo-W-0260   (22)    9 :  0.022 0.027 0.016 0.005 0.036 0.009 0.010 0.020 0.005 0.022 0.034 0.005 0.705 0.005 0.074 0.004 
111 QTo-W-0274   (11)   10 :  0.005 0.004 0.005 0.015 0.005 0.005 0.006 0.011 0.010 0.013 0.011 0.832 0.031 0.006 0.033 0.007 
112 QTo-W-0275    (0)   10 :  0.121 0.011 0.097 0.081 0.006 0.007 0.053 0.094 0.005 0.035 0.027 0.033 0.010 0.273 0.117 0.031 
113 QTo-W-0278    (0)   10 :  0.114 0.087 0.040 0.039 0.025 0.007 0.037 0.286 0.042 0.024 0.072 0.103 0.022 0.010 0.085 0.008 
114 QTo-W-0283   (11)   10 :  0.009 0.117 0.560 0.007 0.010 0.007 0.006 0.027 0.013 0.017 0.032 0.017 0.018 0.038 0.090 0.034 
115 QTo-W-0284    (0)   10 :  0.015 0.140 0.485 0.031 0.013 0.008 0.005 0.028 0.009 0.012 0.038 0.026 0.014 0.022 0.138 0.017 
116 QTo-W-0287   (22)   10 :  0.005 0.004 0.011 0.008 0.008 0.005 0.005 0.006 0.013 0.008 0.006 0.890 0.006 0.007 0.010 0.008 
117 QTo-W-0289   (22)   10 :  0.007 0.005 0.005 0.007 0.005 0.008 0.005 0.007 0.009 0.009 0.007 0.901 0.005 0.007 0.007 0.007 
118 QTo-W-0293    (0)   10 :  0.166 0.005 0.010 0.006 0.032 0.006 0.017 0.011 0.004 0.072 0.115 0.038 0.032 0.019 0.325 0.141 
119 QTo-W-0295   (11)   10 :  0.011 0.018 0.027 0.008 0.065 0.004 0.009 0.043 0.007 0.018 0.022 0.008 0.024 0.706 0.021 0.009 
120 QTo-W-0296   (11)   11 :  0.824 0.004 0.005 0.006 0.008 0.009 0.063 0.011 0.006 0.007 0.008 0.016 0.005 0.010 0.009 0.008 
121 QTo-W-0298    (0)   11 :  0.845 0.004 0.004 0.005 0.009 0.010 0.052 0.011 0.005 0.006 0.007 0.017 0.004 0.008 0.007 0.006 
122 QTo-W-0300   (11)   11 :  0.014 0.005 0.144 0.070 0.005 0.015 0.008 0.023 0.031 0.046 0.043 0.241 0.012 0.016 0.221 0.107 
123 QTo-W-0302    (0)   12 :  0.007 0.615 0.010 0.078 0.009 0.011 0.026 0.021 0.045 0.021 0.063 0.008 0.035 0.007 0.034 0.010 
124 QTo-W-0305    (0)   13 :  0.016 0.005 0.010 0.021 0.013 0.005 0.005 0.007 0.007 0.024 0.007 0.842 0.005 0.005 0.020 0.007 
125 QTo-W-0308   (11)   13 :  0.024 0.006 0.006 0.029 0.007 0.007 0.006 0.011 0.007 0.034 0.010 0.808 0.007 0.007 0.020 0.010 
126 QTo-W-0309   (11)   13 :  0.025 0.174 0.007 0.010 0.005 0.016 0.011 0.230 0.004 0.165 0.104 0.053 0.014 0.113 0.034 0.035 
127 QTo-W-0311    (0)   14 :  0.006 0.029 0.053 0.010 0.009 0.006 0.005 0.015 0.005 0.321 0.368 0.007 0.054 0.016 0.067 0.028 
128 QTo-W-0312    (0)   15 :  0.901 0.005 0.005 0.004 0.003 0.034 0.003 0.004 0.006 0.008 0.006 0.004 0.005 0.003 0.006 0.004 
129 QTo-W-0315   (11)   15 :  0.926 0.005 0.005 0.005 0.003 0.006 0.004 0.004 0.003 0.008 0.006 0.005 0.006 0.004 0.005 0.004 
130 QTo-W-0318    (0)   16 :  0.019 0.039 0.007 0.025 0.009 0.034 0.007 0.027 0.004 0.381 0.040 0.355 0.014 0.016 0.015 0.007 
131 QTo-W-0322   (11)   16 :  0.018 0.020 0.011 0.037 0.008 0.038 0.005 0.013 0.005 0.422 0.038 0.326 0.019 0.011 0.021 0.008 
132 QTo-W-0326   (22)   16 :  0.013 0.039 0.011 0.026 0.006 0.056 0.010 0.082 0.007 0.332 0.097 0.111 0.025 0.036 0.031 0.117 
133 QTo-W-0327   (11)   16 :  0.010 0.051 0.011 0.019 0.005 0.022 0.024 0.111 0.023 0.274 0.079 0.118 0.106 0.061 0.040 0.047 
134 QTo-W-0328    (0)   17 :  0.004 0.003 0.005 0.782 0.005 0.004 0.144 0.007 0.007 0.007 0.006 0.007 0.005 0.005 0.006 0.005 
135 QTo-W-0329    (0)   17 :  0.003 0.003 0.005 0.927 0.004 0.004 0.006 0.006 0.007 0.006 0.005 0.005 0.004 0.004 0.006 0.004 
136 QTo-W-0330   (11)   17 :  0.005 0.003 0.006 0.901 0.006 0.005 0.008 0.008 0.010 0.010 0.008 0.008 0.005 0.006 0.007 0.005 


Estimated Allele Frequencies in each cluster
First column gives estimated ancestral frequencies


Locus 1 : 
4 alleles
0.7% missing data
 149   (0.839) 0.612 0.232 0.912 0.971 0.972 0.994 0.989 0.977 0.993 0.959 0.942 0.975 0.462 0.993 0.852 0.987 
 147   (0.064) 0.368 0.235 0.015 0.011 0.016 0.002 0.004 0.009 0.003 0.013 0.019 0.009 0.096 0.003 0.058 0.005 
 155   (0.058) 0.014 0.530 0.063 0.011 0.007 0.002 0.004 0.009 0.002 0.018 0.025 0.009 0.018 0.002 0.056 0.005 
 161   (0.038) 0.006 0.003 0.011 0.007 0.005 0.001 0.003 0.005 0.002 0.011 0.013 0.007 0.424 0.002 0.034 0.004 

Locus 2 : 
6 alleles
12.5% missing data
 179   (0.371) 0.077 0.032 0.069 0.853 0.684 0.226 0.940 0.806 0.966 0.246 0.526 0.348 0.381 0.061 0.394 0.037 
 176   (0.158) 0.035 0.925 0.061 0.033 0.217 0.012 0.015 0.052 0.007 0.140 0.151 0.047 0.077 0.161 0.147 0.547 
 173   (0.247) 0.073 0.019 0.770 0.058 0.056 0.014 0.025 0.090 0.016 0.228 0.193 0.096 0.274 0.747 0.253 0.394 
 164   (0.028) 0.005 0.002 0.005 0.006 0.005 0.001 0.002 0.005 0.001 0.009 0.009 0.007 0.012 0.022 0.024 0.004 
 182   (0.147) 0.802 0.016 0.083 0.037 0.030 0.744 0.014 0.025 0.007 0.348 0.100 0.398 0.071 0.006 0.138 0.014 
 170   (0.050) 0.007 0.005 0.012 0.012 0.008 0.003 0.004 0.023 0.002 0.030 0.021 0.104 0.185 0.002 0.045 0.004 

Locus 3 : 
17 alleles
0.0% missing data
 220   (0.153) 0.053 0.528 0.358 0.157 0.027 0.009 0.018 0.169 0.007 0.113 0.121 0.213 0.106 0.109 0.144 0.434 
 222   (0.197) 0.231 0.026 0.090 0.259 0.544 0.014 0.153 0.113 0.225 0.206 0.318 0.193 0.284 0.021 0.206 0.020 
 218   (0.162) 0.031 0.019 0.079 0.384 0.022 0.008 0.019 0.325 0.176 0.193 0.120 0.302 0.118 0.670 0.162 0.433 
 226   (0.063) 0.011 0.007 0.011 0.015 0.028 0.934 0.006 0.024 0.552 0.020 0.023 0.014 0.102 0.006 0.056 0.072 
 258   (0.065) 0.287 0.019 0.014 0.018 0.011 0.003 0.008 0.038 0.009 0.056 0.106 0.014 0.024 0.005 0.079 0.010 
 224   (0.052) 0.193 0.008 0.366 0.037 0.006 0.011 0.004 0.008 0.002 0.144 0.020 0.009 0.029 0.002 0.046 0.005 
 228   (0.077) 0.035 0.373 0.014 0.045 0.014 0.008 0.017 0.131 0.019 0.092 0.204 0.016 0.030 0.007 0.106 0.007 
 256   (0.020) 0.003 0.001 0.003 0.004 0.002 0.001 0.001 0.003 0.001 0.004 0.006 0.003 0.006 0.172 0.016 0.002 
 264   (0.019) 0.002 0.001 0.003 0.003 0.317 0.001 0.001 0.003 0.001 0.003 0.005 0.003 0.005 0.001 0.016 0.001 
 230   (0.029) 0.118 0.002 0.004 0.006 0.003 0.001 0.759 0.004 0.001 0.005 0.008 0.005 0.008 0.001 0.024 0.002 
 260   (0.029) 0.007 0.003 0.032 0.006 0.005 0.004 0.004 0.005 0.001 0.019 0.023 0.005 0.017 0.001 0.031 0.002 
 262   (0.015) 0.009 0.003 0.005 0.003 0.003 0.002 0.001 0.003 0.001 0.006 0.007 0.003 0.006 0.001 0.015 0.001 
 234   (0.021) 0.003 0.001 0.003 0.004 0.002 0.001 0.001 0.159 0.001 0.004 0.005 0.003 0.006 0.001 0.015 0.001 
 232   (0.026) 0.005 0.002 0.007 0.045 0.003 0.001 0.002 0.005 0.001 0.118 0.013 0.009 0.009 0.001 0.021 0.002 
 250   (0.020) 0.003 0.001 0.003 0.003 0.002 0.001 0.001 0.003 0.001 0.003 0.005 0.003 0.157 0.001 0.016 0.001 
 216   (0.022) 0.005 0.003 0.004 0.004 0.007 0.001 0.002 0.004 0.001 0.005 0.007 0.003 0.085 0.001 0.019 0.002 
 266   (0.030) 0.004 0.002 0.007 0.008 0.003 0.001 0.002 0.004 0.001 0.007 0.009 0.202 0.009 0.001 0.026 0.003 

Locus 4 : 
2 alleles
1.5% missing data
 137   (0.975) 0.997 0.998 0.997 0.896 0.998 0.999 0.998 0.997 0.999 0.996 0.973 0.996 0.993 0.999 0.980 0.998 
 139   (0.025) 0.003 0.002 0.003 0.104 0.002 0.001 0.002 0.003 0.001 0.004 0.027 0.004 0.007 0.001 0.020 0.002 

Locus 5 : 
17 alleles
11.8% missing data
 187   (0.293) 0.061 0.869 0.233 0.121 0.053 0.737 0.193 0.521 0.018 0.803 0.554 0.266 0.549 0.015 0.300 0.035 
 243   (0.041) 0.005 0.003 0.006 0.008 0.004 0.002 0.003 0.120 0.003 0.008 0.012 0.009 0.012 0.002 0.035 0.416 
 203   (0.081) 0.011 0.008 0.014 0.017 0.008 0.006 0.007 0.015 0.367 0.019 0.035 0.032 0.228 0.926 0.078 0.012 
 201   (0.111) 0.018 0.009 0.042 0.033 0.014 0.045 0.015 0.081 0.443 0.037 0.101 0.076 0.052 0.007 0.134 0.337 
 197   (0.068) 0.011 0.005 0.621 0.029 0.007 0.003 0.006 0.012 0.142 0.018 0.031 0.237 0.022 0.003 0.060 0.007 
 195   (0.057) 0.009 0.051 0.011 0.011 0.874 0.005 0.004 0.009 0.004 0.012 0.018 0.265 0.025 0.006 0.050 0.023 
 247   (0.032) 0.004 0.003 0.005 0.006 0.003 0.002 0.002 0.005 0.001 0.006 0.010 0.008 0.010 0.002 0.027 0.101 
 235   (0.031) 0.005 0.002 0.005 0.009 0.004 0.003 0.004 0.008 0.004 0.015 0.040 0.011 0.014 0.002 0.033 0.003 
 249   (0.021) 0.003 0.001 0.003 0.004 0.002 0.183 0.001 0.003 0.001 0.004 0.007 0.005 0.005 0.001 0.018 0.002 
 199   (0.056) 0.816 0.014 0.014 0.040 0.007 0.003 0.013 0.095 0.006 0.016 0.035 0.031 0.017 0.006 0.054 0.006 
 245   (0.033) 0.006 0.003 0.007 0.007 0.005 0.002 0.015 0.051 0.002 0.016 0.037 0.010 0.011 0.022 0.046 0.031 
 219   (0.041) 0.009 0.003 0.010 0.085 0.004 0.002 0.695 0.008 0.002 0.010 0.013 0.011 0.012 0.003 0.037 0.004 
 217   (0.030) 0.004 0.002 0.005 0.377 0.003 0.002 0.032 0.005 0.002 0.006 0.010 0.007 0.008 0.001 0.028 0.003 
 229   (0.022) 0.003 0.002 0.004 0.004 0.002 0.001 0.002 0.052 0.001 0.004 0.007 0.005 0.007 0.001 0.019 0.002 
 215   (0.029) 0.004 0.019 0.005 0.239 0.003 0.002 0.003 0.005 0.002 0.006 0.065 0.009 0.010 0.001 0.025 0.003 
 205   (0.026) 0.003 0.002 0.011 0.005 0.002 0.001 0.002 0.004 0.001 0.006 0.009 0.006 0.008 0.001 0.027 0.002 
 227   (0.028) 0.028 0.002 0.005 0.005 0.006 0.001 0.003 0.005 0.001 0.014 0.017 0.013 0.010 0.001 0.032 0.013 

Locus 6 : 
25 alleles
30.9% missing data
 214   (0.048) 0.016 0.005 0.033 0.076 0.009 0.003 0.008 0.012 0.004 0.021 0.042 0.026 0.020 0.118 0.050 0.211 
 222   (0.060) 0.016 0.007 0.139 0.018 0.010 0.004 0.013 0.015 0.029 0.075 0.130 0.014 0.025 0.086 0.061 0.481 
 206   (0.056) 0.047 0.028 0.017 0.020 0.010 0.006 0.012 0.284 0.007 0.041 0.078 0.013 0.030 0.365 0.058 0.008 
 218   (0.074) 0.036 0.094 0.022 0.026 0.029 0.005 0.169 0.280 0.010 0.124 0.066 0.077 0.034 0.372 0.079 0.020 
 216   (0.050) 0.015 0.029 0.014 0.024 0.009 0.006 0.125 0.020 0.405 0.040 0.033 0.020 0.320 0.003 0.047 0.006 
 208   (0.041) 0.009 0.005 0.128 0.012 0.006 0.003 0.006 0.016 0.203 0.020 0.019 0.013 0.044 0.002 0.036 0.005 
 238   (0.050) 0.115 0.005 0.011 0.020 0.008 0.534 0.008 0.011 0.164 0.020 0.033 0.010 0.017 0.002 0.047 0.005 
 204   (0.025) 0.005 0.002 0.385 0.006 0.004 0.001 0.003 0.005 0.002 0.008 0.009 0.005 0.008 0.001 0.019 0.002 
 234   (0.044) 0.016 0.128 0.010 0.013 0.006 0.003 0.010 0.018 0.008 0.045 0.091 0.011 0.076 0.003 0.052 0.005 
 242   (0.047) 0.010 0.005 0.013 0.048 0.007 0.003 0.008 0.014 0.005 0.193 0.060 0.010 0.070 0.002 0.044 0.005 
 210   (0.134) 0.595 0.642 0.077 0.056 0.514 0.408 0.126 0.208 0.055 0.108 0.165 0.506 0.062 0.010 0.159 0.027 
 246   (0.024) 0.007 0.003 0.011 0.015 0.006 0.002 0.012 0.016 0.005 0.011 0.030 0.006 0.010 0.010 0.029 0.003 
 258   (0.032) 0.011 0.005 0.008 0.010 0.005 0.003 0.007 0.009 0.030 0.036 0.085 0.009 0.015 0.002 0.034 0.004 
 240   (0.021) 0.006 0.002 0.008 0.007 0.003 0.001 0.006 0.004 0.039 0.006 0.010 0.006 0.008 0.001 0.020 0.004 
 256   (0.017) 0.003 0.001 0.004 0.004 0.002 0.001 0.002 0.003 0.001 0.004 0.005 0.003 0.005 0.002 0.014 0.118 
 254   (0.015) 0.005 0.001 0.004 0.004 0.002 0.001 0.002 0.003 0.001 0.004 0.005 0.003 0.005 0.001 0.012 0.050 
 236   (0.055) 0.027 0.006 0.020 0.014 0.336 0.003 0.450 0.017 0.004 0.025 0.034 0.014 0.094 0.006 0.052 0.019 
 248   (0.033) 0.014 0.003 0.009 0.047 0.004 0.002 0.005 0.017 0.002 0.167 0.013 0.007 0.011 0.003 0.030 0.004 
 252   (0.021) 0.007 0.002 0.006 0.007 0.003 0.001 0.005 0.018 0.002 0.008 0.016 0.005 0.007 0.003 0.023 0.004 
 224   (0.036) 0.010 0.009 0.009 0.075 0.005 0.002 0.005 0.008 0.004 0.011 0.029 0.016 0.081 0.002 0.032 0.005 
 230   (0.031) 0.008 0.003 0.015 0.273 0.004 0.002 0.008 0.006 0.005 0.008 0.012 0.006 0.011 0.001 0.028 0.003 
 228   (0.015) 0.004 0.001 0.006 0.005 0.007 0.001 0.002 0.003 0.007 0.006 0.007 0.014 0.020 0.001 0.014 0.002 
 266   (0.023) 0.005 0.002 0.005 0.007 0.003 0.001 0.003 0.004 0.002 0.006 0.008 0.063 0.009 0.001 0.020 0.003 
 212   (0.031) 0.008 0.007 0.044 0.208 0.004 0.002 0.005 0.006 0.002 0.007 0.011 0.007 0.010 0.002 0.025 0.003 
 232   (0.018) 0.006 0.002 0.004 0.007 0.002 0.001 0.002 0.003 0.001 0.007 0.008 0.138 0.006 0.001 0.016 0.002 

Locus 7 : 
7 alleles
1.5% missing data
 108   (0.642) 0.933 0.966 0.438 0.294 0.958 0.978 0.972 0.929 0.429 0.624 0.838 0.200 0.582 0.981 0.674 0.826 
 116   (0.034) 0.010 0.002 0.005 0.006 0.005 0.001 0.002 0.005 0.001 0.010 0.012 0.007 0.011 0.002 0.030 0.145 
 110   (0.148) 0.028 0.019 0.188 0.047 0.021 0.014 0.012 0.040 0.562 0.047 0.070 0.600 0.257 0.009 0.145 0.013 
 114   (0.068) 0.014 0.005 0.343 0.271 0.007 0.003 0.006 0.011 0.003 0.132 0.025 0.017 0.020 0.004 0.058 0.007 
 112   (0.058) 0.009 0.004 0.011 0.373 0.005 0.002 0.004 0.008 0.003 0.178 0.039 0.169 0.017 0.002 0.049 0.005 
 104   (0.025) 0.003 0.002 0.004 0.004 0.002 0.001 0.002 0.003 0.001 0.005 0.008 0.004 0.105 0.001 0.020 0.002 
 118   (0.024) 0.003 0.002 0.010 0.005 0.002 0.001 0.001 0.003 0.001 0.005 0.008 0.004 0.008 0.001 0.023 0.002 

Locus 8 : 
5 alleles
2.2% missing data
 160   (0.156) 0.402 0.230 0.071 0.036 0.021 0.063 0.060 0.275 0.007 0.045 0.060 0.147 0.052 0.537 0.139 0.380 
 162   (0.635) 0.339 0.738 0.453 0.779 0.113 0.916 0.895 0.639 0.981 0.879 0.781 0.796 0.613 0.454 0.656 0.603 
 164   (0.091) 0.020 0.010 0.450 0.019 0.815 0.006 0.014 0.015 0.004 0.027 0.039 0.025 0.129 0.004 0.089 0.008 
 166   (0.021) 0.006 0.002 0.005 0.004 0.003 0.004 0.007 0.004 0.001 0.009 0.010 0.004 0.011 0.001 0.019 0.002 
 158   (0.097) 0.234 0.020 0.021 0.162 0.048 0.012 0.023 0.068 0.008 0.039 0.110 0.028 0.195 0.004 0.097 0.008 

Locus 9 : 
4 alleles
0.0% missing data
 229   (0.496) 0.278 0.193 0.593 0.482 0.503 0.609 0.959 0.855 0.932 0.239 0.510 0.120 0.404 0.498 0.525 0.239 
 226   (0.354) 0.688 0.069 0.083 0.485 0.048 0.382 0.029 0.109 0.061 0.643 0.397 0.822 0.370 0.490 0.340 0.749 
 223   (0.126) 0.023 0.729 0.321 0.029 0.447 0.007 0.010 0.032 0.007 0.110 0.078 0.055 0.218 0.011 0.113 0.010 
 232   (0.023) 0.012 0.010 0.004 0.004 0.002 0.001 0.002 0.004 0.001 0.008 0.014 0.003 0.007 0.001 0.022 0.002 

Values of parameters used in structure:
DATAFILE=C:\Users\eschumacher\Documents\GitHub\Ten_Oaks\Data_Files\QUTO_wild\project_data,	OUTFILE=C:\Users\eschumacher\Documents\GitHub\Ten_Oaks\Data_Files\QUTO_wild\50-50\Results\50-50_run_79,	NUMINDS=136,	NUMLOCI=9,	MISSING=-9,	LABEL=1,	POPDATA=1,	POPFLAG=0,	PHENOTYPE=0,	EXTRACOLS=0,	MAXPOPS=16,	BURNIN=50000,	NUMREPS=50000,	USEPOPINFO=0,	INFERALPHA=1,	INFERLAMBDA=0,	POPSPECIFICLAMBDA=0,	POPALPHAS=0,	COMPUTEPROB=1,	NOADMIX=0,	ADMBURNIN=2500,	UPDATEFREQ=1,	PRINTLIKES=0,	INTERMEDSAVE=0,	PRINTKLD=0,	PRINTNET=0,	PRINTLAMBDA=0,	ANCESTDIST=0,	NUMBOXES=1000,	ANCESTPINT=0.90000,	GENSBACK=2,	MIGRPRIOR=0.05000,	PRINTQHAT=0,	PRINTQSUM=0,	ALPHA=1.0000,	FREQSCORR=1,	FPRIORMEAN=0.0100,	FPRIORSD=0.0500,	ONEFST=0,	LAMBDA=1.0000,	UNIFPRIORALPHA=1,	ALPHAMAX=10.0000,	ALPHAPRIORA=1.0000,	ALPHAPRIORB=2.0000,	ALPHAPROPSD=0.0250,	STARTATPOPINFO=0,	RANDOMIZE=1,	LINKAGE=0,	METROFREQ=10,	REPORTHITRATE=0,	MARKOVPHASE=-1,	PHASED=0,	PLOIDY=2,	PHASEINFO=0	LOCPRIOR=0, 	LOCPRIORINIT=1.000000, 	LOCDATA=0, 	LOCISPOP=0, 	LOCPRIORSTEP=0.100000, 	MAXLOCPRIOR=20.000000, 	SEED=1689804588,	
[STRAT parameters]:    NUMSIMSTATS=1000,	PHENOTYPECOL=-9,	POOLFREQ=10,	LOCUSxONLY=0,	EMERROR=0.00100,	MISSINGPHENO=-9,	