

----------------------------------------------------
STRUCTURE by Pritchard, Stephens and Donnelly (2000)
     and Falush, Stephens and Pritchard (2003)
       Code by Pritchard, Falush and Hubisz
             Version 2.3.4 (Jul 2012)
----------------------------------------------------



Command line arguments:   bin\structure -m C:\Users\eschumacher\Documents\GitHub\Ten_Oaks\Data_Files\QUTO_wild\50-50\mainparams -e C:\Users\eschumacher\Documents\GitHub\Ten_Oaks\Data_Files\QUTO_wild\50-50\extraparams 
Input File:    C:\Users\eschumacher\Documents\GitHub\Ten_Oaks\Data_Files\QUTO_wild\project_data

Run parameters:
   136 individuals
   9 loci
   15 populations assumed
   50000 Burn-in period
   50000 Reps


--------------------------------------------
Proportion of membership of each pre-defined
 population in each of the 15 clusters

Given    Inferred Clusters                                                                                           Number of
 Pop       1      2      3      4      5      6      7      8      9     10     11     12     13     14     15      Individuals

  1:     0.023  0.048  0.023  0.014  0.012  0.172  0.019  0.548  0.013  0.031  0.010  0.013  0.025  0.015  0.033        1
  2:     0.006  0.004  0.009  0.466  0.006  0.007  0.006  0.008  0.005  0.011  0.005  0.449  0.005  0.007  0.006        4
  3:     0.009  0.010  0.016  0.010  0.018  0.029  0.014  0.024  0.005  0.021  0.013  0.008  0.004  0.809  0.011        4
  4:     0.012  0.012  0.008  0.008  0.005  0.202  0.008  0.083  0.550  0.011  0.004  0.006  0.008  0.037  0.047        5
  5:     0.019  0.097  0.131  0.098  0.016  0.088  0.014  0.098  0.022  0.053  0.017  0.145  0.030  0.138  0.035       71
  6:     0.006  0.003  0.006  0.005  0.008  0.007  0.075  0.005  0.019  0.006  0.006  0.004  0.004  0.004  0.842        2
  7:     0.048  0.005  0.008  0.018  0.024  0.080  0.009  0.019  0.006  0.066  0.032  0.019  0.636  0.011  0.020        5
  8:     0.214  0.023  0.056  0.013  0.051  0.099  0.206  0.016  0.071  0.107  0.019  0.011  0.016  0.014  0.084       10
  9:     0.441  0.018  0.025  0.013  0.057  0.038  0.044  0.017  0.119  0.065  0.016  0.017  0.009  0.087  0.034        8
 10:     0.017  0.017  0.006  0.024  0.325  0.046  0.024  0.072  0.122  0.114  0.046  0.114  0.043  0.012  0.017        9
 11:     0.008  0.039  0.011  0.031  0.088  0.035  0.028  0.015  0.036  0.087  0.572  0.011  0.005  0.013  0.020        3
 12:     0.034  0.018  0.012  0.012  0.009  0.042  0.091  0.025  0.010  0.045  0.007  0.007  0.627  0.044  0.019        1
 13:     0.008  0.006  0.010  0.017  0.578  0.045  0.019  0.072  0.007  0.035  0.023  0.036  0.057  0.006  0.081        3
 14:     0.052  0.006  0.007  0.023  0.008  0.379  0.006  0.020  0.045  0.054  0.006  0.017  0.029  0.004  0.344        1
 15:     0.005  0.003  0.017  0.004  0.005  0.006  0.005  0.004  0.004  0.006  0.919  0.004  0.005  0.005  0.008        2
 16:     0.028  0.008  0.032  0.038  0.132  0.060  0.017  0.051  0.009  0.052  0.010  0.028  0.031  0.009  0.493        4
 17:     0.005  0.034  0.004  0.004  0.006  0.007  0.896  0.006  0.005  0.006  0.004  0.005  0.003  0.007  0.007        3
--------------------------------------------

Allele-freq. divergence among pops (Net nucleotide distance),
computed using point estimates of P.

      1       2       3       4       5       6       7       8       9      10      11      12      13      14      15      
 1      -    0.1486  0.1624  0.1488  0.1141  0.0558  0.1126  0.0954  0.1123  0.0476  0.1713  0.1720  0.1740  0.1395  0.0842  
 2   0.1486     -    0.2231  0.2343  0.2153  0.1073  0.1416  0.0911  0.1676  0.1233  0.2429  0.2538  0.2996  0.1595  0.2113  
 3   0.1624  0.2231     -    0.2234  0.1937  0.1090  0.2153  0.1468  0.2321  0.1339  0.1908  0.2780  0.2663  0.1874  0.1169  
 4   0.1488  0.2343  0.2234     -    0.1410  0.1127  0.1577  0.1477  0.1592  0.0609  0.1939  0.1306  0.2220  0.2385  0.1316  
 5   0.1141  0.2153  0.1937  0.1410     -    0.1081  0.1059  0.1580  0.1531  0.0730  0.1656  0.2165  0.2684  0.1692  0.0892  
 6   0.0558  0.1073  0.1090  0.1127  0.1081     -    0.0852  0.0370  0.1176  0.0301  0.1585  0.1618  0.1645  0.1227  0.0504  
 7   0.1126  0.1416  0.2153  0.1577  0.1059  0.0852     -    0.0917  0.1573  0.0752  0.2246  0.2077  0.3047  0.1193  0.1183  
 8   0.0954  0.0911  0.1468  0.1477  0.1580  0.0370  0.0917     -    0.1432  0.0591  0.1935  0.1486  0.2201  0.1123  0.1158  
 9   0.1123  0.1676  0.2321  0.1592  0.1531  0.1176  0.1573  0.1432     -    0.0677  0.2218  0.1815  0.2442  0.2033  0.1471  
10   0.0476  0.1233  0.1339  0.0609  0.0730  0.0301  0.0752  0.0591  0.0677     -    0.1249  0.1008  0.1797  0.1281  0.0574  
11   0.1713  0.2429  0.1908  0.1939  0.1656  0.1585  0.2246  0.1935  0.2218  0.1249     -    0.2387  0.2666  0.3133  0.1613  
12   0.1720  0.2538  0.2780  0.1306  0.2165  0.1618  0.2077  0.1486  0.1815  0.1008  0.2387     -    0.3267  0.2503  0.1921  
13   0.1740  0.2996  0.2663  0.2220  0.2684  0.1645  0.3047  0.2201  0.2442  0.1797  0.2666  0.3267     -    0.3719  0.2027  
14   0.1395  0.1595  0.1874  0.2385  0.1692  0.1227  0.1193  0.1123  0.2033  0.1281  0.3133  0.2503  0.3719     -    0.2136  
15   0.0842  0.2113  0.1169  0.1316  0.0892  0.0504  0.1183  0.1158  0.1471  0.0574  0.1613  0.1921  0.2027  0.2136     -    

Average distances (expected heterozygosity) between individuals in same cluster:
cluster  1  : 0.6135 
cluster  2  : 0.3427 
cluster  3  : 0.2469 
cluster  4  : 0.4218 
cluster  5  : 0.4787 
cluster  6  : 0.4682 
cluster  7  : 0.5021 
cluster  8  : 0.4056 
cluster  9  : 0.5110 
cluster 10  : 0.5871 
cluster 11  : 0.4242 
cluster 12  : 0.3166 
cluster 13  : 0.3447 
cluster 14  : 0.3089 
cluster 15  : 0.4427 

--------------------------------------------
Estimated Ln Prob of Data   = -2239.5
Mean value of ln likelihood = -1847.1
Variance of ln likelihood   = 784.8
Mean value of alpha         = 0.0358

Mean value of Fst_1         = 0.1777
Mean value of Fst_2         = 0.5175
Mean value of Fst_3         = 0.5872
Mean value of Fst_4         = 0.4086
Mean value of Fst_5         = 0.3004
Mean value of Fst_6         = 0.2378
Mean value of Fst_7         = 0.2909
Mean value of Fst_8         = 0.3016
Mean value of Fst_9         = 0.3176
Mean value of Fst_10         = 0.1151
Mean value of Fst_11         = 0.4216
Mean value of Fst_12         = 0.4924
Mean value of Fst_13         = 0.5288
Mean value of Fst_14         = 0.4804
Mean value of Fst_15         = 0.3192


Inferred ancestry of individuals:
        Label (%Miss) Pop:  Inferred clusters
  1 QTo-W-0007   (11)    1 :  0.023 0.048 0.023 0.014 0.012 0.172 0.019 0.548 0.013 0.031 0.010 0.013 0.025 0.015 0.033 
  2 QTo-W-0009    (0)    2 :  0.005 0.004 0.022 0.901 0.004 0.005 0.005 0.007 0.004 0.006 0.004 0.008 0.004 0.015 0.005 
  3 QTo-W-0010    (0)    2 :  0.009 0.005 0.005 0.031 0.010 0.011 0.009 0.012 0.009 0.026 0.007 0.846 0.006 0.005 0.010 
  4 QTo-W-0011    (0)    2 :  0.004 0.004 0.005 0.925 0.004 0.006 0.005 0.007 0.004 0.005 0.004 0.011 0.006 0.005 0.004 
  5 QTo-W-0012   (22)    2 :  0.004 0.004 0.004 0.006 0.005 0.005 0.005 0.007 0.005 0.006 0.004 0.930 0.003 0.005 0.005 
  6 QTo-W-0020   (22)    3 :  0.005 0.004 0.006 0.004 0.005 0.004 0.004 0.004 0.004 0.004 0.003 0.007 0.003 0.939 0.004 
  7 QTo-W-0021   (22)    3 :  0.010 0.018 0.014 0.005 0.008 0.014 0.010 0.017 0.006 0.007 0.006 0.006 0.004 0.866 0.008 
  8 QTo-W-0023   (22)    3 :  0.008 0.008 0.034 0.007 0.007 0.008 0.016 0.016 0.005 0.007 0.005 0.008 0.004 0.861 0.007 
  9 QTo-W-0024   (11)    3 :  0.012 0.008 0.010 0.025 0.051 0.091 0.025 0.058 0.005 0.066 0.037 0.012 0.004 0.570 0.024 
 10 QTo-W-0033    (0)    4 :  0.007 0.005 0.004 0.017 0.005 0.012 0.005 0.006 0.885 0.013 0.004 0.007 0.005 0.016 0.009 
 11 QTo-W-0035   (11)    4 :  0.005 0.007 0.005 0.006 0.006 0.006 0.005 0.006 0.915 0.007 0.005 0.008 0.007 0.006 0.006 
 12 QTo-W-0036    (0)    4 :  0.004 0.005 0.004 0.005 0.004 0.005 0.004 0.005 0.936 0.005 0.003 0.005 0.005 0.004 0.006 
 13 QTo-W-0039   (11)    4 :  0.011 0.030 0.016 0.007 0.007 0.455 0.013 0.252 0.006 0.013 0.006 0.006 0.010 0.097 0.071 
 14 QTo-W-0041    (0)    4 :  0.030 0.015 0.009 0.006 0.005 0.529 0.011 0.145 0.005 0.019 0.004 0.005 0.012 0.060 0.143 
 15 QTo-W-0044    (0)    5 :  0.006 0.028 0.043 0.621 0.160 0.009 0.005 0.005 0.010 0.012 0.008 0.005 0.068 0.011 0.008 
 16 QTo-W-0047    (0)    5 :  0.004 0.005 0.005 0.882 0.005 0.006 0.007 0.008 0.005 0.020 0.006 0.025 0.006 0.005 0.011 
 17 QTo-W-0048   (11)    5 :  0.005 0.006 0.007 0.902 0.005 0.007 0.006 0.011 0.006 0.007 0.006 0.012 0.009 0.006 0.005 
 18 QTo-W-0049    (0)    5 :  0.005 0.004 0.005 0.025 0.006 0.007 0.007 0.008 0.007 0.011 0.005 0.896 0.006 0.004 0.005 
 19 QTo-W-0050   (22)    5 :  0.022 0.008 0.452 0.028 0.014 0.035 0.010 0.014 0.118 0.052 0.076 0.035 0.006 0.026 0.103 
 20 QTo-W-0052    (0)    5 :  0.007 0.066 0.005 0.013 0.036 0.010 0.005 0.020 0.014 0.013 0.013 0.014 0.772 0.004 0.008 
 21 QTo-W-0054    (0)    5 :  0.004 0.004 0.004 0.006 0.004 0.005 0.004 0.007 0.004 0.005 0.004 0.936 0.003 0.004 0.005 
 22 QTo-W-0056    (0)    5 :  0.004 0.003 0.004 0.023 0.004 0.005 0.005 0.006 0.004 0.005 0.004 0.921 0.005 0.004 0.004 
 23 QTo-W-0057    (0)    5 :  0.004 0.003 0.004 0.123 0.007 0.010 0.005 0.006 0.007 0.014 0.005 0.791 0.009 0.004 0.008 
 24 QTo-W-0058    (0)    5 :  0.004 0.004 0.004 0.006 0.004 0.005 0.004 0.007 0.004 0.006 0.004 0.938 0.003 0.004 0.005 
 25 QTo-W-0059    (0)    5 :  0.010 0.031 0.097 0.084 0.063 0.014 0.005 0.017 0.012 0.024 0.010 0.559 0.043 0.021 0.008 
 26 QTo-W-0060    (0)    5 :  0.004 0.004 0.004 0.056 0.004 0.009 0.004 0.007 0.006 0.009 0.004 0.870 0.006 0.005 0.006 
 27 QTo-W-0061    (0)    5 :  0.016 0.019 0.009 0.006 0.010 0.148 0.040 0.115 0.006 0.062 0.006 0.477 0.012 0.044 0.028 
 28 QTo-W-0062   (11)    5 :  0.005 0.005 0.005 0.008 0.005 0.006 0.005 0.006 0.005 0.007 0.005 0.922 0.004 0.006 0.006 
 29 QTo-W-0065   (11)    5 :  0.010 0.028 0.011 0.008 0.012 0.026 0.029 0.056 0.005 0.012 0.006 0.728 0.004 0.054 0.010 
 30 QTo-W-0067    (0)    5 :  0.007 0.017 0.009 0.033 0.006 0.040 0.013 0.033 0.007 0.013 0.004 0.762 0.007 0.036 0.012 
 31 QTo-W-0071    (0)    5 :  0.016 0.011 0.010 0.010 0.009 0.608 0.012 0.040 0.006 0.032 0.012 0.006 0.006 0.019 0.202 
 32 QTo-W-0072    (0)    5 :  0.013 0.011 0.652 0.003 0.022 0.021 0.009 0.026 0.007 0.010 0.005 0.004 0.008 0.200 0.008 
 33 QTo-W-0075    (0)    5 :  0.007 0.017 0.078 0.006 0.009 0.021 0.006 0.022 0.006 0.008 0.010 0.004 0.011 0.790 0.006 
 34 QTo-W-0076   (11)    5 :  0.010 0.007 0.019 0.012 0.036 0.021 0.015 0.012 0.011 0.015 0.009 0.008 0.004 0.805 0.014 
 35 QTo-W-0077   (11)    5 :  0.011 0.013 0.059 0.298 0.009 0.029 0.013 0.140 0.013 0.044 0.005 0.029 0.005 0.322 0.011 
 36 QTo-W-0079    (0)    5 :  0.005 0.004 0.005 0.003 0.004 0.004 0.004 0.004 0.004 0.003 0.003 0.005 0.003 0.946 0.003 
 37 QTo-W-0080   (11)    5 :  0.075 0.012 0.006 0.008 0.043 0.222 0.014 0.076 0.011 0.128 0.007 0.170 0.009 0.175 0.044 
 38 QTo-W-0081   (11)    5 :  0.007 0.009 0.007 0.007 0.017 0.013 0.013 0.016 0.011 0.010 0.005 0.008 0.004 0.868 0.007 
 39 QTo-W-0082    (0)    5 :  0.021 0.006 0.009 0.007 0.014 0.065 0.011 0.008 0.005 0.016 0.008 0.015 0.004 0.767 0.044 
 40 QTo-W-0087    (0)    5 :  0.005 0.005 0.015 0.005 0.005 0.006 0.006 0.008 0.004 0.005 0.004 0.009 0.003 0.915 0.005 
 41 QTo-W-0088   (11)    5 :  0.006 0.007 0.008 0.007 0.006 0.008 0.008 0.012 0.005 0.007 0.004 0.012 0.004 0.902 0.005 
 42 QTo-W-0089   (11)    5 :  0.006 0.009 0.009 0.005 0.009 0.010 0.008 0.009 0.010 0.006 0.004 0.005 0.004 0.902 0.006 
 43 QTo-W-0090    (0)    5 :  0.009 0.009 0.008 0.026 0.014 0.041 0.012 0.011 0.029 0.036 0.005 0.007 0.003 0.777 0.013 
 44 QTo-W-0093   (11)    5 :  0.026 0.007 0.223 0.026 0.033 0.135 0.019 0.036 0.005 0.056 0.045 0.040 0.015 0.256 0.077 
 45 QTo-W-0098    (0)    5 :  0.006 0.006 0.875 0.010 0.008 0.008 0.006 0.020 0.004 0.008 0.014 0.012 0.007 0.008 0.007 
 46 QTo-W-0101   (11)    5 :  0.009 0.009 0.822 0.014 0.010 0.016 0.007 0.034 0.006 0.011 0.015 0.015 0.008 0.010 0.014 
 47 QTo-W-0114    (0)    5 :  0.005 0.009 0.909 0.004 0.005 0.010 0.006 0.012 0.004 0.006 0.004 0.004 0.005 0.012 0.006 
 48 QTo-W-0116   (11)    5 :  0.004 0.005 0.920 0.006 0.007 0.005 0.005 0.005 0.004 0.005 0.010 0.005 0.005 0.006 0.007 
 49 QTo-W-0117   (22)    5 :  0.006 0.006 0.895 0.008 0.008 0.009 0.006 0.007 0.005 0.007 0.010 0.007 0.005 0.009 0.012 
 50 QTo-W-0118    (0)    5 :  0.003 0.004 0.940 0.004 0.005 0.005 0.003 0.004 0.003 0.004 0.006 0.004 0.004 0.005 0.005 
 51 QTo-W-0121   (11)    5 :  0.006 0.005 0.837 0.024 0.010 0.014 0.006 0.010 0.005 0.016 0.008 0.005 0.004 0.040 0.008 
 52 QTo-W-0124   (11)    5 :  0.005 0.004 0.005 0.700 0.006 0.007 0.005 0.006 0.007 0.194 0.006 0.039 0.004 0.004 0.007 
 53 QTo-W-0128    (0)    5 :  0.004 0.003 0.004 0.728 0.005 0.006 0.004 0.005 0.005 0.202 0.004 0.016 0.004 0.005 0.005 
 54 QTo-W-0129    (0)    5 :  0.006 0.004 0.004 0.705 0.006 0.007 0.006 0.007 0.007 0.210 0.006 0.017 0.005 0.005 0.006 
 55 QTo-W-0131   (11)    5 :  0.044 0.023 0.007 0.022 0.026 0.167 0.045 0.070 0.086 0.389 0.012 0.050 0.004 0.041 0.014 
 56 QTo-W-0133   (11)    5 :  0.008 0.020 0.011 0.040 0.010 0.110 0.029 0.350 0.011 0.046 0.185 0.019 0.129 0.017 0.014 
 57 QTo-W-0137    (0)    5 :  0.013 0.008 0.062 0.013 0.016 0.514 0.022 0.038 0.005 0.075 0.016 0.007 0.006 0.027 0.177 
 58 QTo-W-0138    (0)    5 :  0.017 0.030 0.005 0.230 0.033 0.046 0.007 0.111 0.012 0.215 0.017 0.232 0.015 0.004 0.027 
 59 QTo-W-0139    (0)    5 :  0.006 0.667 0.004 0.011 0.007 0.010 0.004 0.007 0.218 0.006 0.005 0.006 0.038 0.005 0.006 
 60 QTo-W-0140   (22)    5 :  0.006 0.689 0.005 0.005 0.006 0.007 0.005 0.006 0.238 0.006 0.005 0.005 0.008 0.005 0.006 
 61 QTo-W-0142    (0)    5 :  0.005 0.714 0.005 0.003 0.007 0.006 0.005 0.009 0.216 0.004 0.005 0.003 0.007 0.005 0.004 
 62 QTo-W-0144    (0)    5 :  0.016 0.011 0.008 0.010 0.009 0.070 0.017 0.278 0.024 0.085 0.072 0.251 0.007 0.008 0.135 
 63 QTo-W-0149   (22)    5 :  0.006 0.818 0.007 0.005 0.005 0.009 0.093 0.011 0.006 0.010 0.006 0.006 0.004 0.009 0.005 
 64 QTo-W-0151   (11)    5 :  0.018 0.816 0.005 0.004 0.005 0.009 0.008 0.039 0.005 0.011 0.006 0.017 0.007 0.039 0.012 
 65 QTo-W-0153   (22)    5 :  0.004 0.926 0.006 0.004 0.004 0.006 0.007 0.008 0.005 0.005 0.005 0.005 0.004 0.007 0.004 
 66 QTo-W-0154    (0)    5 :  0.012 0.780 0.027 0.005 0.009 0.047 0.009 0.040 0.007 0.010 0.008 0.004 0.014 0.012 0.017 
 67 QTo-W-0159   (11)    5 :  0.014 0.015 0.031 0.008 0.016 0.440 0.010 0.226 0.007 0.026 0.020 0.016 0.053 0.008 0.111 
 68 QTo-W-0161   (11)    5 :  0.031 0.659 0.048 0.006 0.008 0.089 0.007 0.041 0.011 0.015 0.010 0.006 0.017 0.009 0.044 
 69 QTo-W-0162    (0)    5 :  0.088 0.024 0.219 0.004 0.023 0.151 0.008 0.029 0.028 0.213 0.059 0.005 0.010 0.025 0.112 
 70 QTo-W-0163   (11)    5 :  0.220 0.033 0.006 0.006 0.021 0.068 0.065 0.192 0.018 0.070 0.012 0.030 0.015 0.227 0.018 
 71 QTo-W-0167   (11)    5 :  0.031 0.009 0.316 0.098 0.010 0.114 0.008 0.020 0.044 0.036 0.021 0.013 0.113 0.017 0.150 
 72 QTo-W-0170    (0)    5 :  0.028 0.007 0.036 0.023 0.020 0.487 0.008 0.019 0.011 0.039 0.023 0.008 0.078 0.007 0.206 
 73 QTo-W-0171   (22)    5 :  0.027 0.013 0.013 0.040 0.017 0.281 0.014 0.043 0.043 0.206 0.075 0.083 0.007 0.015 0.122 
 74 QTo-W-0172   (22)    5 :  0.024 0.023 0.070 0.009 0.026 0.170 0.011 0.017 0.050 0.297 0.110 0.007 0.091 0.006 0.090 
 75 QTo-W-0173   (11)    5 :  0.014 0.013 0.017 0.015 0.009 0.569 0.012 0.087 0.006 0.018 0.007 0.008 0.046 0.010 0.168 
 76 QTo-W-0174    (0)    5 :  0.015 0.018 0.264 0.009 0.009 0.107 0.013 0.422 0.009 0.020 0.007 0.016 0.033 0.038 0.020 
 77 QTo-W-0175    (0)    5 :  0.012 0.022 0.007 0.021 0.019 0.121 0.014 0.301 0.013 0.335 0.017 0.078 0.005 0.015 0.020 
 78 QTo-W-0182   (22)    5 :  0.006 0.005 0.008 0.849 0.012 0.011 0.010 0.009 0.006 0.044 0.007 0.008 0.006 0.009 0.012 
 79 QTo-W-0184    (0)    5 :  0.243 0.016 0.040 0.015 0.086 0.094 0.015 0.179 0.048 0.107 0.008 0.012 0.037 0.038 0.061 
 80 QTo-W-0188    (0)    5 :  0.018 0.007 0.013 0.015 0.008 0.392 0.009 0.113 0.006 0.048 0.074 0.015 0.194 0.005 0.084 
 81 QTo-W-0192   (11)    5 :  0.007 0.008 0.009 0.024 0.006 0.014 0.007 0.869 0.005 0.011 0.005 0.012 0.006 0.009 0.008 
 82 QTo-W-0193    (0)    5 :  0.005 0.007 0.006 0.006 0.005 0.010 0.007 0.891 0.004 0.016 0.005 0.021 0.005 0.006 0.007 
 83 QTo-W-0194    (0)    5 :  0.005 0.007 0.005 0.016 0.004 0.008 0.006 0.897 0.004 0.006 0.004 0.020 0.004 0.006 0.005 
 84 QTo-W-0196   (11)    5 :  0.013 0.041 0.017 0.008 0.016 0.247 0.079 0.408 0.006 0.025 0.028 0.011 0.029 0.048 0.026 
 85 QTo-W-0197    (0)    5 :  0.010 0.023 0.013 0.013 0.015 0.254 0.053 0.350 0.005 0.031 0.024 0.007 0.024 0.160 0.019 
 86 QTo-W-0200   (11)    6 :  0.006 0.004 0.006 0.005 0.009 0.007 0.075 0.005 0.018 0.006 0.006 0.004 0.004 0.004 0.843 
 87 QTo-W-0201   (22)    6 :  0.007 0.003 0.006 0.005 0.008 0.007 0.074 0.004 0.020 0.006 0.006 0.004 0.005 0.004 0.841 
 88 QTo-W-0205    (0)    7 :  0.004 0.004 0.004 0.003 0.004 0.005 0.003 0.004 0.003 0.004 0.005 0.003 0.948 0.003 0.004 
 89 QTo-W-0208    (0)    7 :  0.194 0.009 0.014 0.070 0.104 0.076 0.027 0.028 0.014 0.138 0.019 0.074 0.168 0.041 0.023 
 90 QTo-W-0211    (0)    7 :  0.032 0.005 0.014 0.005 0.006 0.302 0.006 0.054 0.007 0.177 0.127 0.008 0.191 0.004 0.063 
 91 QTo-W-0212   (11)    7 :  0.004 0.003 0.004 0.005 0.004 0.005 0.003 0.005 0.004 0.005 0.005 0.005 0.940 0.003 0.004 
 92 QTo-W-0213    (0)    7 :  0.006 0.003 0.004 0.005 0.004 0.013 0.003 0.005 0.004 0.006 0.005 0.004 0.931 0.003 0.005 
 93 QTo-W-0216   (11)    8 :  0.014 0.007 0.006 0.010 0.008 0.009 0.889 0.011 0.005 0.009 0.007 0.007 0.006 0.006 0.007 
 94 QTo-W-0220    (0)    8 :  0.026 0.005 0.004 0.023 0.009 0.011 0.859 0.009 0.006 0.015 0.005 0.010 0.005 0.005 0.007 
 95 QTo-W-0224   (11)    8 :  0.040 0.021 0.017 0.042 0.277 0.066 0.021 0.016 0.064 0.141 0.067 0.035 0.007 0.010 0.178 
 96 QTo-W-0225   (11)    8 :  0.865 0.004 0.005 0.008 0.008 0.015 0.007 0.007 0.005 0.010 0.005 0.021 0.017 0.010 0.014 
 97 QTo-W-0227   (11)    8 :  0.058 0.014 0.008 0.013 0.151 0.091 0.223 0.033 0.100 0.119 0.042 0.007 0.007 0.021 0.114 
 98 QTo-W-0229    (0)    8 :  0.860 0.005 0.003 0.003 0.010 0.012 0.007 0.005 0.004 0.009 0.004 0.009 0.004 0.047 0.018 
 99 QTo-W-0231    (0)    8 :  0.040 0.005 0.003 0.011 0.009 0.176 0.019 0.006 0.136 0.540 0.006 0.005 0.032 0.008 0.005 
100 QTo-W-0238   (22)    8 :  0.076 0.024 0.025 0.009 0.023 0.383 0.011 0.027 0.020 0.031 0.013 0.007 0.040 0.010 0.302 
101 QTo-W-0240    (0)    8 :  0.037 0.010 0.023 0.011 0.011 0.180 0.013 0.022 0.310 0.154 0.009 0.008 0.027 0.007 0.178 
102 QTo-W-0242    (0)    8 :  0.122 0.139 0.465 0.004 0.008 0.047 0.014 0.023 0.057 0.040 0.031 0.004 0.015 0.012 0.020 
103 QTo-W-0244    (0)    9 :  0.020 0.008 0.047 0.004 0.069 0.035 0.006 0.008 0.631 0.020 0.016 0.003 0.009 0.009 0.114 
104 QTo-W-0245   (11)    9 :  0.479 0.021 0.010 0.012 0.037 0.044 0.009 0.011 0.189 0.065 0.015 0.006 0.010 0.011 0.081 
105 QTo-W-0251    (0)    9 :  0.011 0.011 0.078 0.005 0.009 0.049 0.299 0.067 0.006 0.051 0.048 0.004 0.011 0.344 0.008 
106 QTo-W-0253    (0)    9 :  0.841 0.005 0.020 0.004 0.027 0.013 0.011 0.006 0.006 0.019 0.006 0.003 0.007 0.017 0.015 
107 QTo-W-0256   (11)    9 :  0.414 0.006 0.007 0.056 0.053 0.037 0.010 0.013 0.040 0.166 0.007 0.071 0.007 0.096 0.017 
108 QTo-W-0258    (0)    9 :  0.201 0.014 0.005 0.012 0.250 0.038 0.009 0.007 0.043 0.152 0.006 0.039 0.004 0.199 0.021 
109 QTo-W-0259    (0)    9 :  0.801 0.056 0.024 0.004 0.003 0.017 0.005 0.011 0.019 0.012 0.011 0.005 0.009 0.016 0.007 
110 QTo-W-0260   (22)    9 :  0.763 0.021 0.010 0.005 0.004 0.070 0.005 0.013 0.016 0.035 0.021 0.006 0.016 0.005 0.010 
111 QTo-W-0274   (11)   10 :  0.028 0.006 0.006 0.007 0.853 0.013 0.014 0.010 0.005 0.021 0.005 0.006 0.004 0.011 0.011 
112 QTo-W-0275    (0)   10 :  0.009 0.046 0.006 0.028 0.035 0.037 0.103 0.112 0.067 0.159 0.106 0.255 0.011 0.005 0.022 
113 QTo-W-0278    (0)   10 :  0.024 0.026 0.008 0.007 0.108 0.056 0.033 0.348 0.033 0.083 0.104 0.009 0.100 0.044 0.019 
114 QTo-W-0283   (11)   10 :  0.019 0.008 0.006 0.026 0.018 0.112 0.007 0.037 0.483 0.112 0.008 0.040 0.102 0.012 0.011 
115 QTo-W-0284    (0)   10 :  0.013 0.008 0.007 0.015 0.019 0.110 0.028 0.027 0.425 0.164 0.011 0.021 0.133 0.009 0.009 
116 QTo-W-0287   (22)   10 :  0.006 0.005 0.005 0.009 0.902 0.007 0.008 0.006 0.010 0.009 0.004 0.007 0.004 0.011 0.008 
117 QTo-W-0289   (22)   10 :  0.006 0.004 0.008 0.008 0.906 0.007 0.007 0.006 0.005 0.007 0.007 0.007 0.005 0.008 0.010 
118 QTo-W-0293    (0)   10 :  0.024 0.023 0.006 0.103 0.076 0.051 0.006 0.011 0.022 0.446 0.161 0.016 0.006 0.004 0.044 
119 QTo-W-0295   (11)   10 :  0.025 0.028 0.005 0.009 0.010 0.024 0.009 0.093 0.046 0.028 0.011 0.670 0.019 0.008 0.016 
120 QTo-W-0296   (11)   11 :  0.006 0.058 0.009 0.008 0.007 0.009 0.006 0.012 0.006 0.008 0.843 0.011 0.004 0.006 0.007 
121 QTo-W-0298    (0)   11 :  0.005 0.052 0.010 0.006 0.010 0.008 0.005 0.010 0.005 0.006 0.860 0.008 0.005 0.005 0.006 
122 QTo-W-0300   (11)   11 :  0.013 0.006 0.014 0.081 0.247 0.088 0.074 0.023 0.097 0.247 0.014 0.015 0.006 0.029 0.046 
123 QTo-W-0302    (0)   12 :  0.034 0.018 0.012 0.012 0.009 0.042 0.091 0.025 0.010 0.045 0.007 0.007 0.627 0.044 0.019 
124 QTo-W-0305    (0)   13 :  0.006 0.006 0.006 0.007 0.867 0.008 0.020 0.007 0.010 0.013 0.016 0.005 0.005 0.006 0.017 
125 QTo-W-0308   (11)   13 :  0.007 0.006 0.008 0.009 0.824 0.009 0.030 0.009 0.005 0.012 0.031 0.007 0.006 0.007 0.029 
126 QTo-W-0309   (11)   13 :  0.012 0.006 0.015 0.034 0.042 0.117 0.009 0.199 0.008 0.081 0.022 0.097 0.159 0.005 0.196 
127 QTo-W-0311    (0)   14 :  0.052 0.006 0.007 0.023 0.008 0.379 0.006 0.020 0.045 0.054 0.006 0.017 0.029 0.004 0.344 
128 QTo-W-0312    (0)   15 :  0.005 0.003 0.028 0.004 0.005 0.006 0.005 0.004 0.004 0.006 0.909 0.003 0.005 0.006 0.007 
129 QTo-W-0315   (11)   15 :  0.005 0.004 0.006 0.005 0.005 0.006 0.004 0.004 0.005 0.006 0.928 0.004 0.006 0.004 0.009 
130 QTo-W-0318    (0)   16 :  0.009 0.007 0.027 0.006 0.209 0.034 0.011 0.025 0.007 0.017 0.016 0.017 0.033 0.004 0.576 
131 QTo-W-0322   (11)   16 :  0.013 0.006 0.028 0.009 0.178 0.032 0.023 0.011 0.009 0.013 0.008 0.011 0.017 0.005 0.638 
132 QTo-W-0326   (22)   16 :  0.022 0.007 0.053 0.097 0.070 0.103 0.020 0.064 0.011 0.090 0.009 0.033 0.032 0.007 0.382 
133 QTo-W-0327   (11)   16 :  0.069 0.011 0.022 0.038 0.071 0.072 0.013 0.106 0.009 0.089 0.008 0.053 0.043 0.021 0.374 
134 QTo-W-0328    (0)   17 :  0.005 0.088 0.004 0.004 0.006 0.007 0.845 0.006 0.005 0.006 0.004 0.004 0.003 0.007 0.006 
135 QTo-W-0329    (0)   17 :  0.004 0.005 0.004 0.004 0.006 0.006 0.933 0.006 0.004 0.005 0.004 0.004 0.003 0.007 0.006 
136 QTo-W-0330   (11)   17 :  0.005 0.008 0.005 0.005 0.007 0.008 0.911 0.008 0.005 0.007 0.004 0.005 0.003 0.009 0.009 


Estimated Allele Frequencies in each cluster
First column gives estimated ancestral frequencies


Locus 1 : 
4 alleles
0.7% missing data
 149   (0.839) 0.449 0.987 0.994 0.987 0.973 0.936 0.971 0.977 0.923 0.873 0.616 0.993 0.229 0.993 0.969 
 147   (0.067) 0.102 0.006 0.003 0.006 0.011 0.021 0.012 0.009 0.015 0.049 0.365 0.003 0.242 0.003 0.011 
 155   (0.058) 0.018 0.004 0.002 0.005 0.009 0.032 0.011 0.009 0.052 0.052 0.014 0.002 0.526 0.002 0.013 
 161   (0.036) 0.432 0.002 0.001 0.003 0.007 0.012 0.006 0.005 0.010 0.026 0.005 0.002 0.003 0.002 0.007 

Locus 2 : 
6 alleles
12.5% missing data
 179   (0.361) 0.381 0.906 0.249 0.038 0.371 0.527 0.865 0.795 0.111 0.266 0.071 0.067 0.033 0.966 0.196 
 176   (0.148) 0.074 0.045 0.014 0.620 0.055 0.170 0.030 0.046 0.071 0.118 0.032 0.164 0.925 0.006 0.089 
 173   (0.261) 0.264 0.026 0.015 0.318 0.131 0.169 0.057 0.108 0.719 0.439 0.071 0.736 0.020 0.016 0.189 
 164   (0.027) 0.012 0.003 0.001 0.004 0.008 0.008 0.006 0.005 0.006 0.019 0.004 0.024 0.002 0.001 0.008 
 182   (0.148) 0.070 0.015 0.718 0.015 0.333 0.105 0.032 0.025 0.080 0.120 0.815 0.007 0.015 0.007 0.495 
 170   (0.054) 0.199 0.005 0.003 0.005 0.102 0.021 0.011 0.021 0.013 0.038 0.007 0.002 0.005 0.003 0.024 

Locus 3 : 
17 alleles
0.0% missing data
 220   (0.177) 0.117 0.016 0.010 0.424 0.226 0.103 0.192 0.167 0.320 0.227 0.052 0.110 0.532 0.008 0.118 
 222   (0.171) 0.270 0.292 0.014 0.018 0.206 0.336 0.247 0.115 0.138 0.158 0.225 0.021 0.022 0.228 0.184 
 218   (0.167) 0.115 0.014 0.007 0.427 0.264 0.093 0.402 0.329 0.070 0.210 0.028 0.669 0.019 0.179 0.254 
 226   (0.064) 0.106 0.006 0.932 0.088 0.019 0.022 0.016 0.022 0.011 0.044 0.013 0.006 0.008 0.543 0.015 
 258   (0.066) 0.024 0.006 0.003 0.009 0.018 0.104 0.017 0.041 0.015 0.093 0.287 0.005 0.016 0.010 0.035 
 224   (0.058) 0.032 0.004 0.014 0.008 0.011 0.024 0.019 0.010 0.328 0.040 0.198 0.003 0.008 0.002 0.143 
 228   (0.065) 0.024 0.008 0.007 0.007 0.013 0.239 0.044 0.128 0.012 0.056 0.034 0.006 0.375 0.018 0.075 
 256   (0.023) 0.006 0.001 0.001 0.002 0.003 0.007 0.004 0.004 0.003 0.015 0.003 0.173 0.001 0.001 0.003 
 264   (0.021) 0.005 0.123 0.001 0.001 0.003 0.004 0.004 0.003 0.041 0.014 0.003 0.001 0.001 0.001 0.003 
 230   (0.025) 0.007 0.517 0.001 0.002 0.004 0.006 0.005 0.004 0.004 0.017 0.125 0.001 0.002 0.001 0.003 
 260   (0.029) 0.017 0.003 0.005 0.002 0.006 0.020 0.006 0.005 0.029 0.034 0.007 0.001 0.003 0.001 0.018 
 262   (0.019) 0.006 0.002 0.002 0.002 0.004 0.008 0.004 0.003 0.006 0.017 0.009 0.001 0.004 0.001 0.007 
 234   (0.021) 0.006 0.001 0.001 0.002 0.003 0.005 0.004 0.154 0.003 0.014 0.003 0.001 0.001 0.001 0.003 
 232   (0.024) 0.009 0.002 0.001 0.002 0.010 0.008 0.023 0.004 0.008 0.016 0.005 0.001 0.002 0.001 0.128 
 250   (0.021) 0.157 0.001 0.001 0.002 0.003 0.005 0.003 0.003 0.003 0.014 0.003 0.001 0.001 0.001 0.003 
 216   (0.017) 0.091 0.002 0.001 0.001 0.003 0.007 0.003 0.003 0.003 0.012 0.003 0.001 0.002 0.001 0.003 
 266   (0.030) 0.008 0.002 0.001 0.003 0.203 0.010 0.007 0.004 0.006 0.020 0.004 0.001 0.002 0.001 0.006 

Locus 4 : 
2 alleles
1.5% missing data
 137   (0.975) 0.993 0.998 0.999 0.998 0.996 0.994 0.872 0.997 0.996 0.985 0.997 0.999 0.998 0.999 0.997 
 139   (0.025) 0.007 0.002 0.001 0.002 0.004 0.006 0.128 0.003 0.004 0.015 0.003 0.001 0.002 0.001 0.003 

Locus 5 : 
17 alleles
11.8% missing data
 187   (0.273) 0.563 0.127 0.739 0.036 0.183 0.630 0.073 0.490 0.206 0.251 0.053 0.014 0.808 0.016 0.849 
 243   (0.044) 0.012 0.003 0.002 0.449 0.010 0.013 0.008 0.119 0.007 0.029 0.005 0.002 0.003 0.003 0.006 
 203   (0.072) 0.215 0.005 0.006 0.009 0.036 0.029 0.015 0.016 0.013 0.056 0.010 0.932 0.007 0.370 0.013 
 201   (0.106) 0.046 0.010 0.045 0.279 0.074 0.121 0.031 0.081 0.032 0.205 0.016 0.005 0.009 0.440 0.027 
 197   (0.082) 0.026 0.006 0.004 0.008 0.236 0.032 0.035 0.015 0.560 0.059 0.012 0.003 0.007 0.142 0.018 
 195   (0.070) 0.027 0.321 0.007 0.053 0.333 0.022 0.013 0.012 0.105 0.047 0.011 0.007 0.112 0.004 0.011 
 247   (0.008) 0.002 0.001 0.000 0.106 0.002 0.002 0.002 0.002 0.001 0.010 0.002 0.001 0.001 0.000 0.003 
 235   (0.032) 0.013 0.003 0.002 0.003 0.012 0.045 0.008 0.010 0.006 0.024 0.005 0.003 0.003 0.004 0.015 
 249   (0.026) 0.007 0.002 0.179 0.002 0.006 0.007 0.005 0.004 0.004 0.017 0.003 0.001 0.002 0.001 0.003 
 199   (0.053) 0.016 0.007 0.004 0.006 0.025 0.025 0.036 0.109 0.013 0.046 0.820 0.006 0.014 0.006 0.012 
 245   (0.037) 0.012 0.007 0.002 0.022 0.018 0.020 0.008 0.059 0.008 0.075 0.009 0.016 0.003 0.002 0.009 
 219   (0.037) 0.010 0.468 0.002 0.004 0.011 0.008 0.111 0.008 0.009 0.031 0.008 0.003 0.003 0.002 0.005 
 217   (0.040) 0.011 0.031 0.002 0.004 0.010 0.012 0.348 0.008 0.007 0.028 0.006 0.002 0.003 0.003 0.006 
 229   (0.030) 0.008 0.002 0.001 0.003 0.007 0.008 0.006 0.053 0.005 0.020 0.004 0.001 0.002 0.001 0.005 
 215   (0.030) 0.012 0.003 0.002 0.003 0.008 0.008 0.290 0.006 0.005 0.023 0.004 0.001 0.020 0.002 0.005 
 205   (0.029) 0.009 0.002 0.001 0.003 0.007 0.010 0.006 0.004 0.010 0.028 0.004 0.001 0.002 0.001 0.004 
 227   (0.032) 0.010 0.003 0.001 0.010 0.021 0.008 0.006 0.005 0.007 0.052 0.028 0.001 0.002 0.001 0.009 

Locus 6 : 
25 alleles
30.9% missing data
 214   (0.064) 0.026 0.007 0.004 0.235 0.027 0.028 0.098 0.015 0.032 0.061 0.019 0.120 0.007 0.006 0.022 
 222   (0.070) 0.026 0.008 0.005 0.475 0.017 0.138 0.022 0.017 0.126 0.122 0.017 0.088 0.008 0.032 0.070 
 206   (0.053) 0.028 0.008 0.006 0.008 0.013 0.088 0.022 0.276 0.016 0.049 0.044 0.363 0.025 0.008 0.026 
 218   (0.063) 0.028 0.083 0.004 0.016 0.060 0.057 0.022 0.285 0.019 0.087 0.030 0.371 0.087 0.010 0.156 
 216   (0.063) 0.316 0.070 0.008 0.008 0.025 0.033 0.030 0.026 0.018 0.051 0.018 0.004 0.033 0.407 0.047 
 208   (0.042) 0.053 0.006 0.003 0.005 0.014 0.016 0.012 0.014 0.116 0.030 0.010 0.002 0.005 0.203 0.014 
 238   (0.053) 0.018 0.006 0.521 0.006 0.011 0.035 0.022 0.011 0.012 0.038 0.124 0.002 0.005 0.162 0.017 
 204   (0.024) 0.008 0.002 0.001 0.003 0.006 0.009 0.006 0.004 0.351 0.015 0.005 0.001 0.002 0.002 0.007 
 234   (0.047) 0.077 0.006 0.003 0.006 0.012 0.121 0.014 0.019 0.011 0.035 0.016 0.003 0.123 0.009 0.036 
 242   (0.035) 0.065 0.004 0.002 0.004 0.007 0.062 0.020 0.012 0.010 0.024 0.008 0.002 0.004 0.004 0.209 
 210   (0.131) 0.066 0.271 0.420 0.042 0.501 0.180 0.063 0.200 0.110 0.124 0.596 0.010 0.654 0.053 0.096 
 246   (0.028) 0.012 0.005 0.002 0.004 0.007 0.026 0.017 0.017 0.012 0.030 0.007 0.012 0.003 0.006 0.008 
 258   (0.025) 0.011 0.003 0.002 0.003 0.008 0.089 0.009 0.007 0.006 0.022 0.009 0.001 0.005 0.028 0.040 
 240   (0.023) 0.008 0.003 0.002 0.004 0.006 0.011 0.008 0.005 0.008 0.015 0.006 0.001 0.002 0.040 0.006 
 256   (0.023) 0.007 0.002 0.001 0.097 0.004 0.007 0.006 0.004 0.005 0.052 0.005 0.002 0.002 0.002 0.004 
 254   (0.024) 0.008 0.003 0.001 0.041 0.005 0.010 0.007 0.005 0.006 0.031 0.006 0.001 0.003 0.002 0.005 
 236   (0.041) 0.093 0.486 0.003 0.017 0.014 0.019 0.011 0.015 0.055 0.053 0.025 0.005 0.005 0.003 0.014 
 248   (0.019) 0.007 0.002 0.001 0.002 0.004 0.007 0.018 0.014 0.007 0.014 0.008 0.002 0.002 0.001 0.184 
 252   (0.015) 0.005 0.003 0.001 0.002 0.004 0.007 0.005 0.020 0.004 0.021 0.005 0.002 0.001 0.002 0.004 
 224   (0.035) 0.087 0.004 0.002 0.006 0.015 0.011 0.092 0.008 0.009 0.029 0.009 0.002 0.009 0.004 0.008 
 230   (0.028) 0.010 0.004 0.002 0.003 0.006 0.014 0.273 0.006 0.012 0.025 0.008 0.001 0.003 0.005 0.005 
 228   (0.018) 0.017 0.003 0.001 0.002 0.022 0.006 0.005 0.003 0.008 0.016 0.004 0.001 0.002 0.007 0.005 
 266   (0.019) 0.008 0.003 0.001 0.002 0.064 0.006 0.006 0.004 0.004 0.013 0.004 0.001 0.002 0.002 0.004 
 212   (0.029) 0.009 0.003 0.002 0.004 0.006 0.011 0.204 0.006 0.036 0.022 0.007 0.002 0.007 0.002 0.006 
 232   (0.029) 0.009 0.003 0.002 0.003 0.142 0.007 0.010 0.005 0.006 0.020 0.008 0.001 0.002 0.002 0.007 

Locus 7 : 
7 alleles
1.5% missing data
 108   (0.631) 0.588 0.973 0.976 0.818 0.188 0.870 0.321 0.922 0.498 0.694 0.934 0.980 0.965 0.430 0.591 
 116   (0.035) 0.010 0.003 0.001 0.152 0.011 0.010 0.007 0.005 0.006 0.034 0.011 0.002 0.003 0.001 0.007 
 110   (0.149) 0.251 0.011 0.015 0.014 0.621 0.063 0.047 0.045 0.164 0.134 0.027 0.009 0.019 0.561 0.039 
 114   (0.075) 0.021 0.006 0.003 0.007 0.021 0.024 0.249 0.013 0.307 0.057 0.014 0.005 0.005 0.003 0.138 
 112   (0.063) 0.017 0.004 0.002 0.005 0.152 0.020 0.367 0.009 0.012 0.043 0.009 0.003 0.004 0.003 0.218 
 104   (0.023) 0.105 0.001 0.001 0.002 0.004 0.005 0.004 0.003 0.004 0.015 0.003 0.001 0.002 0.001 0.003 
 118   (0.024) 0.008 0.001 0.001 0.002 0.004 0.008 0.005 0.003 0.009 0.023 0.003 0.001 0.002 0.001 0.004 

Locus 8 : 
5 alleles
2.2% missing data
 160   (0.162) 0.051 0.031 0.065 0.373 0.154 0.060 0.036 0.277 0.062 0.192 0.412 0.531 0.224 0.007 0.035 
 162   (0.625) 0.587 0.455 0.915 0.609 0.785 0.806 0.752 0.637 0.413 0.632 0.327 0.460 0.744 0.980 0.904 
 164   (0.092) 0.144 0.480 0.007 0.008 0.027 0.041 0.019 0.016 0.494 0.084 0.020 0.004 0.010 0.004 0.024 
 166   (0.023) 0.012 0.004 0.005 0.002 0.004 0.010 0.004 0.004 0.005 0.019 0.006 0.001 0.002 0.001 0.008 
 158   (0.098) 0.207 0.030 0.009 0.009 0.030 0.084 0.189 0.066 0.025 0.073 0.235 0.004 0.020 0.008 0.028 

Locus 9 : 
4 alleles
0.0% missing data
 229   (0.498) 0.410 0.826 0.619 0.272 0.132 0.543 0.513 0.854 0.562 0.431 0.283 0.507 0.198 0.932 0.178 
 226   (0.346) 0.356 0.026 0.372 0.715 0.819 0.368 0.452 0.101 0.083 0.449 0.683 0.480 0.061 0.060 0.680 
 223   (0.132) 0.226 0.147 0.008 0.011 0.045 0.074 0.030 0.039 0.352 0.101 0.023 0.012 0.731 0.007 0.137 
 232   (0.024) 0.008 0.002 0.001 0.002 0.004 0.016 0.004 0.005 0.004 0.018 0.011 0.001 0.011 0.001 0.006 

Values of parameters used in structure:
DATAFILE=C:\Users\eschumacher\Documents\GitHub\Ten_Oaks\Data_Files\QUTO_wild\project_data,	OUTFILE=C:\Users\eschumacher\Documents\GitHub\Ten_Oaks\Data_Files\QUTO_wild\50-50\Results\50-50_run_71,	NUMINDS=136,	NUMLOCI=9,	MISSING=-9,	LABEL=1,	POPDATA=1,	POPFLAG=0,	PHENOTYPE=0,	EXTRACOLS=0,	MAXPOPS=15,	BURNIN=50000,	NUMREPS=50000,	USEPOPINFO=0,	INFERALPHA=1,	INFERLAMBDA=0,	POPSPECIFICLAMBDA=0,	POPALPHAS=0,	COMPUTEPROB=1,	NOADMIX=0,	ADMBURNIN=2500,	UPDATEFREQ=1,	PRINTLIKES=0,	INTERMEDSAVE=0,	PRINTKLD=0,	PRINTNET=0,	PRINTLAMBDA=0,	ANCESTDIST=0,	NUMBOXES=1000,	ANCESTPINT=0.90000,	GENSBACK=2,	MIGRPRIOR=0.05000,	PRINTQHAT=0,	PRINTQSUM=0,	ALPHA=1.0000,	FREQSCORR=1,	FPRIORMEAN=0.0100,	FPRIORSD=0.0500,	ONEFST=0,	LAMBDA=1.0000,	UNIFPRIORALPHA=1,	ALPHAMAX=10.0000,	ALPHAPRIORA=1.0000,	ALPHAPRIORB=2.0000,	ALPHAPROPSD=0.0250,	STARTATPOPINFO=0,	RANDOMIZE=1,	LINKAGE=0,	METROFREQ=10,	REPORTHITRATE=0,	MARKOVPHASE=-1,	PHASED=0,	PLOIDY=2,	PHASEINFO=0	LOCPRIOR=0, 	LOCPRIORINIT=1.000000, 	LOCDATA=0, 	LOCISPOP=0, 	LOCPRIORSTEP=0.100000, 	MAXLOCPRIOR=20.000000, 	SEED=1689804012,	
[STRAT parameters]:    NUMSIMSTATS=1000,	PHENOTYPECOL=-9,	POOLFREQ=10,	LOCUSxONLY=0,	EMERROR=0.00100,	MISSINGPHENO=-9,	