

----------------------------------------------------
STRUCTURE by Pritchard, Stephens and Donnelly (2000)
     and Falush, Stephens and Pritchard (2003)
       Code by Pritchard, Falush and Hubisz
             Version 2.3.4 (Jul 2012)
----------------------------------------------------



Command line arguments:   bin\structure -m C:\Users\eschumacher\Documents\GitHub\Ten_Oaks\Data_Files\QUTO_wild\50-50\mainparams -e C:\Users\eschumacher\Documents\GitHub\Ten_Oaks\Data_Files\QUTO_wild\50-50\extraparams 
Input File:    C:\Users\eschumacher\Documents\GitHub\Ten_Oaks\Data_Files\QUTO_wild\project_data

Run parameters:
   136 individuals
   9 loci
   18 populations assumed
   50000 Burn-in period
   50000 Reps


--------------------------------------------
Proportion of membership of each pre-defined
 population in each of the 18 clusters

Given    Inferred Clusters                                                                                                                Number of
 Pop       1      2      3      4      5      6      7      8      9     10     11     12     13     14     15     16     17     18      Individuals

  1:     0.011  0.021  0.016  0.055  0.033  0.056  0.073  0.083  0.091  0.019  0.027  0.015  0.011  0.434  0.010  0.012  0.016  0.017        1
  2:     0.006  0.010  0.456  0.006  0.010  0.008  0.005  0.007  0.007  0.006  0.005  0.005  0.006  0.009  0.005  0.439  0.004  0.008        4
  3:     0.018  0.016  0.011  0.014  0.020  0.019  0.012  0.030  0.025  0.008  0.004  0.016  0.005  0.020  0.011  0.008  0.006  0.757        4
  4:     0.006  0.008  0.009  0.048  0.034  0.039  0.013  0.089  0.101  0.013  0.009  0.009  0.544  0.032  0.004  0.006  0.007  0.030        5
  5:     0.014  0.124  0.103  0.034  0.040  0.037  0.064  0.047  0.059  0.016  0.026  0.010  0.011  0.077  0.015  0.140  0.053  0.129       71
  6:     0.007  0.006  0.005  0.487  0.008  0.314  0.004  0.006  0.092  0.008  0.005  0.022  0.015  0.005  0.005  0.004  0.003  0.004        2
  7:     0.024  0.007  0.014  0.030  0.059  0.036  0.004  0.028  0.048  0.036  0.623  0.004  0.005  0.016  0.032  0.016  0.006  0.010        5
  8:     0.078  0.054  0.011  0.110  0.107  0.105  0.007  0.083  0.079  0.193  0.015  0.025  0.049  0.011  0.014  0.010  0.039  0.012       10
  9:     0.043  0.025  0.014  0.024  0.050  0.041  0.011  0.031  0.045  0.406  0.011  0.045  0.112  0.014  0.018  0.015  0.019  0.077        8
 10:     0.313  0.006  0.024  0.019  0.079  0.044  0.013  0.048  0.040  0.015  0.047  0.023  0.111  0.042  0.034  0.112  0.017  0.012        9
 11:     0.082  0.011  0.032  0.017  0.067  0.037  0.035  0.093  0.019  0.006  0.005  0.026  0.034  0.014  0.493  0.010  0.007  0.012        3
 12:     0.017  0.013  0.010  0.058  0.043  0.045  0.025  0.047  0.028  0.027  0.592  0.011  0.009  0.017  0.006  0.006  0.008  0.039        1
 13:     0.509  0.010  0.015  0.056  0.045  0.045  0.006  0.048  0.066  0.007  0.051  0.017  0.007  0.050  0.024  0.032  0.009  0.006        3
 14:     0.007  0.006  0.022  0.173  0.076  0.195  0.005  0.056  0.289  0.040  0.030  0.006  0.051  0.009  0.005  0.015  0.011  0.004        1
 15:     0.005  0.022  0.004  0.008  0.006  0.006  0.004  0.007  0.006  0.005  0.005  0.004  0.005  0.004  0.899  0.004  0.003  0.005        2
 16:     0.063  0.028  0.032  0.255  0.058  0.146  0.008  0.082  0.173  0.023  0.026  0.013  0.008  0.040  0.010  0.020  0.007  0.008        4
 17:     0.006  0.004  0.004  0.006  0.005  0.005  0.033  0.006  0.005  0.004  0.003  0.890  0.004  0.006  0.003  0.004  0.004  0.006        3
--------------------------------------------

Allele-freq. divergence among pops (Net nucleotide distance),
computed using point estimates of P.

      1       2       3       4       5       6       7       8       9      10      11      12      13      14      15      16      17      18      
 1      -    0.2020  0.1408  0.0735  0.0657  0.0665  0.2579  0.0839  0.0890  0.1108  0.2839  0.1247  0.1755  0.1611  0.1753  0.2151  0.2277  0.1614  
 2   0.2020     -    0.2354  0.1158  0.1224  0.1155  0.2503  0.1196  0.1046  0.1735  0.2801  0.2583  0.2670  0.1613  0.1994  0.2855  0.3018  0.1950  
 3   0.1408  0.2354     -    0.1082  0.0845  0.0897  0.2838  0.1101  0.1042  0.1560  0.2458  0.2106  0.1836  0.1586  0.2050  0.1305  0.2772  0.2519  
 4   0.0735  0.1158  0.1082     -    0.0225  0.0061  0.1862  0.0368  0.0117  0.0637  0.1955  0.1107  0.1452  0.0799  0.1523  0.1662  0.2156  0.1661  
 5   0.0657  0.1224  0.0845  0.0225     -    0.0064  0.1389  0.0108  0.0138  0.0433  0.1825  0.0941  0.1027  0.0475  0.1316  0.1217  0.1543  0.1104  
 6   0.0665  0.1155  0.0897  0.0061  0.0064     -    0.1605  0.0213  0.0067  0.0470  0.1842  0.1002  0.1123  0.0620  0.1396  0.1357  0.1823  0.1368  
 7   0.2579  0.2503  0.2838  0.1862  0.1389  0.1605     -    0.1252  0.1551  0.1999  0.3709  0.1916  0.2810  0.1202  0.3157  0.2963  0.2461  0.1686  
 8   0.0839  0.1196  0.1101  0.0368  0.0108  0.0213  0.1252     -    0.0211  0.0697  0.1911  0.1064  0.1388  0.0363  0.1275  0.1470  0.1507  0.1099  
 9   0.0890  0.1046  0.1042  0.0117  0.0138  0.0067  0.1551  0.0211     -    0.0558  0.1739  0.1184  0.1395  0.0559  0.1488  0.1513  0.1841  0.1445  
10   0.1108  0.1735  0.1560  0.0637  0.0433  0.0470  0.1999  0.0697  0.0558     -    0.1887  0.1501  0.1434  0.1077  0.1786  0.1752  0.2002  0.1418  
11   0.2839  0.2801  0.2458  0.1955  0.1825  0.1842  0.3709  0.1911  0.1739  0.1887     -    0.3701  0.2887  0.2434  0.2778  0.3425  0.3070  0.3930  
12   0.1247  0.2583  0.2106  0.1107  0.0941  0.1002  0.1916  0.1064  0.1184  0.1501  0.3701     -    0.2171  0.1370  0.2821  0.2567  0.2626  0.1408  
13   0.1755  0.2670  0.1836  0.1452  0.1027  0.1123  0.2810  0.1388  0.1395  0.1434  0.2887  0.2171     -    0.1813  0.2640  0.2050  0.2277  0.2318  
14   0.1611  0.1613  0.1586  0.0799  0.0475  0.0620  0.1202  0.0363  0.0559  0.1077  0.2434  0.1370  0.1813     -    0.2162  0.1504  0.1867  0.1249  
15   0.1753  0.1994  0.2050  0.1523  0.1316  0.1396  0.3157  0.1275  0.1488  0.1786  0.2778  0.2821  0.2640  0.2162     -    0.2505  0.2746  0.3298  
16   0.2151  0.2855  0.1305  0.1662  0.1217  0.1357  0.2963  0.1470  0.1513  0.1752  0.3425  0.2567  0.2050  0.1504  0.2505     -    0.3068  0.2598  
17   0.2277  0.3018  0.2772  0.2156  0.1543  0.1823  0.2461  0.1507  0.1841  0.2002  0.3070  0.2626  0.2277  0.1867  0.2746  0.3068     -    0.2701  
18   0.1614  0.1950  0.2519  0.1661  0.1104  0.1368  0.1686  0.1099  0.1445  0.1418  0.3930  0.1408  0.2318  0.1249  0.3298  0.2598  0.2701     -    

Average distances (expected heterozygosity) between individuals in same cluster:
cluster  1  : 0.4908 
cluster  2  : 0.2398 
cluster  3  : 0.4125 
cluster  4  : 0.5111 
cluster  5  : 0.5915 
cluster  6  : 0.5596 
cluster  7  : 0.2001 
cluster  8  : 0.5120 
cluster  9  : 0.4890 
cluster 10  : 0.6125 
cluster 11  : 0.3284 
cluster 12  : 0.4053 
cluster 13  : 0.4651 
cluster 14  : 0.3957 
cluster 15  : 0.4226 
cluster 16  : 0.3118 
cluster 17  : 0.3153 
cluster 18  : 0.3021 

--------------------------------------------
Estimated Ln Prob of Data   = -2307.4
Mean value of ln likelihood = -1793.4
Variance of ln likelihood   = 1028.0
Mean value of alpha         = 0.0355

Mean value of Fst_1         = 0.3001
Mean value of Fst_2         = 0.5989
Mean value of Fst_3         = 0.4120
Mean value of Fst_4         = 0.3235
Mean value of Fst_5         = 0.1055
Mean value of Fst_6         = 0.2066
Mean value of Fst_7         = 0.6756
Mean value of Fst_8         = 0.3260
Mean value of Fst_9         = 0.2932
Mean value of Fst_10         = 0.1903
Mean value of Fst_11         = 0.5552
Mean value of Fst_12         = 0.4380
Mean value of Fst_13         = 0.3922
Mean value of Fst_14         = 0.3413
Mean value of Fst_15         = 0.4412
Mean value of Fst_16         = 0.4994
Mean value of Fst_17         = 0.5755
Mean value of Fst_18         = 0.4925


Inferred ancestry of individuals:
        Label (%Miss) Pop:  Inferred clusters
  1 QTo-W-0007   (11)    1 :  0.011 0.021 0.016 0.055 0.033 0.056 0.073 0.083 0.091 0.019 0.027 0.015 0.011 0.434 0.010 0.012 0.016 0.017 
  2 QTo-W-0009    (0)    2 :  0.004 0.027 0.880 0.005 0.006 0.006 0.005 0.006 0.005 0.005 0.004 0.004 0.004 0.007 0.004 0.008 0.004 0.017 
  3 QTo-W-0010    (0)    2 :  0.009 0.005 0.027 0.009 0.022 0.017 0.005 0.013 0.011 0.009 0.007 0.006 0.009 0.012 0.007 0.822 0.004 0.005 
  4 QTo-W-0011    (0)    2 :  0.004 0.005 0.909 0.004 0.006 0.005 0.005 0.006 0.005 0.004 0.006 0.004 0.004 0.008 0.005 0.011 0.004 0.005 
  5 QTo-W-0012   (22)    2 :  0.005 0.004 0.007 0.005 0.005 0.005 0.004 0.005 0.005 0.004 0.003 0.005 0.005 0.007 0.004 0.917 0.003 0.005 
  6 QTo-W-0020   (22)    3 :  0.005 0.006 0.003 0.004 0.004 0.004 0.004 0.004 0.004 0.005 0.003 0.004 0.004 0.004 0.003 0.007 0.003 0.928 
  7 QTo-W-0021   (22)    3 :  0.009 0.016 0.006 0.009 0.012 0.012 0.021 0.014 0.014 0.009 0.005 0.014 0.006 0.014 0.005 0.006 0.010 0.818 
  8 QTo-W-0023   (22)    3 :  0.007 0.033 0.006 0.007 0.010 0.008 0.013 0.009 0.008 0.007 0.004 0.018 0.005 0.015 0.004 0.007 0.005 0.834 
  9 QTo-W-0024   (11)    3 :  0.050 0.008 0.027 0.037 0.053 0.052 0.010 0.092 0.075 0.013 0.004 0.027 0.006 0.045 0.033 0.012 0.006 0.449 
 10 QTo-W-0033    (0)    4 :  0.005 0.004 0.018 0.007 0.008 0.010 0.004 0.007 0.009 0.006 0.005 0.005 0.879 0.005 0.004 0.007 0.005 0.012 
 11 QTo-W-0035   (11)    4 :  0.005 0.006 0.006 0.006 0.006 0.006 0.006 0.006 0.006 0.005 0.007 0.005 0.904 0.006 0.004 0.006 0.007 0.005 
 12 QTo-W-0036    (0)    4 :  0.005 0.004 0.005 0.005 0.005 0.005 0.004 0.004 0.004 0.004 0.005 0.004 0.925 0.004 0.003 0.005 0.005 0.004 
 13 QTo-W-0039   (11)    4 :  0.008 0.017 0.008 0.086 0.063 0.076 0.031 0.245 0.218 0.014 0.011 0.017 0.006 0.094 0.006 0.005 0.011 0.082 
 14 QTo-W-0041    (0)    4 :  0.007 0.009 0.006 0.136 0.088 0.099 0.018 0.181 0.267 0.038 0.015 0.015 0.005 0.052 0.005 0.004 0.008 0.047 
 15 QTo-W-0044    (0)    5 :  0.095 0.039 0.591 0.009 0.009 0.011 0.004 0.009 0.009 0.006 0.036 0.005 0.004 0.005 0.006 0.005 0.145 0.012 
 16 QTo-W-0047    (0)    5 :  0.006 0.005 0.878 0.006 0.010 0.009 0.005 0.010 0.006 0.004 0.007 0.005 0.005 0.010 0.005 0.019 0.004 0.005 
 17 QTo-W-0048   (11)    5 :  0.005 0.007 0.875 0.006 0.007 0.006 0.006 0.008 0.007 0.004 0.009 0.006 0.006 0.016 0.005 0.014 0.006 0.006 
 18 QTo-W-0049    (0)    5 :  0.006 0.004 0.028 0.007 0.008 0.008 0.004 0.007 0.006 0.005 0.006 0.005 0.008 0.008 0.005 0.879 0.004 0.004 
 19 QTo-W-0050   (22)    5 :  0.014 0.449 0.025 0.061 0.037 0.060 0.010 0.021 0.036 0.018 0.006 0.009 0.124 0.014 0.057 0.029 0.007 0.024 
 20 QTo-W-0052    (0)    5 :  0.023 0.005 0.008 0.009 0.012 0.010 0.010 0.011 0.011 0.007 0.685 0.004 0.005 0.017 0.019 0.013 0.148 0.004 
 21 QTo-W-0054    (0)    5 :  0.004 0.004 0.006 0.004 0.005 0.005 0.005 0.005 0.005 0.004 0.003 0.004 0.004 0.007 0.004 0.924 0.003 0.004 
 22 QTo-W-0056    (0)    5 :  0.004 0.004 0.022 0.005 0.005 0.004 0.004 0.005 0.005 0.004 0.006 0.003 0.004 0.006 0.004 0.907 0.004 0.004 
 23 QTo-W-0057    (0)    5 :  0.007 0.004 0.142 0.007 0.006 0.008 0.003 0.006 0.009 0.004 0.009 0.004 0.007 0.007 0.005 0.765 0.004 0.004 
 24 QTo-W-0058    (0)    5 :  0.004 0.004 0.006 0.005 0.005 0.005 0.005 0.005 0.005 0.004 0.003 0.004 0.004 0.007 0.004 0.923 0.003 0.004 
 25 QTo-W-0059    (0)    5 :  0.049 0.083 0.040 0.008 0.023 0.014 0.005 0.017 0.011 0.010 0.026 0.005 0.005 0.013 0.011 0.558 0.096 0.026 
 26 QTo-W-0060    (0)    5 :  0.004 0.004 0.066 0.006 0.006 0.007 0.004 0.006 0.008 0.004 0.006 0.005 0.006 0.007 0.004 0.847 0.004 0.005 
 27 QTo-W-0061    (0)    5 :  0.011 0.007 0.005 0.041 0.082 0.045 0.026 0.110 0.074 0.010 0.010 0.020 0.005 0.068 0.006 0.443 0.006 0.029 
 28 QTo-W-0062   (11)    5 :  0.005 0.005 0.008 0.005 0.006 0.006 0.006 0.006 0.006 0.005 0.004 0.005 0.005 0.006 0.004 0.908 0.004 0.006 
 29 QTo-W-0065   (11)    5 :  0.012 0.010 0.007 0.012 0.012 0.013 0.044 0.021 0.016 0.009 0.004 0.026 0.004 0.052 0.005 0.690 0.013 0.049 
 30 QTo-W-0067    (0)    5 :  0.007 0.008 0.035 0.014 0.014 0.014 0.023 0.017 0.026 0.008 0.008 0.014 0.007 0.036 0.004 0.727 0.008 0.031 
 31 QTo-W-0071    (0)    5 :  0.007 0.009 0.011 0.187 0.065 0.121 0.014 0.082 0.401 0.012 0.005 0.011 0.005 0.031 0.013 0.005 0.006 0.015 
 32 QTo-W-0072    (0)    5 :  0.022 0.604 0.003 0.010 0.015 0.014 0.014 0.023 0.016 0.013 0.009 0.008 0.006 0.020 0.004 0.004 0.007 0.206 
 33 QTo-W-0075    (0)    5 :  0.009 0.061 0.006 0.006 0.014 0.008 0.017 0.046 0.015 0.008 0.011 0.005 0.004 0.015 0.010 0.004 0.014 0.747 
 34 QTo-W-0076   (11)    5 :  0.039 0.016 0.012 0.014 0.018 0.020 0.008 0.015 0.017 0.010 0.004 0.017 0.011 0.009 0.009 0.008 0.008 0.765 
 35 QTo-W-0077   (11)    5 :  0.007 0.046 0.297 0.011 0.036 0.021 0.021 0.037 0.023 0.013 0.005 0.015 0.011 0.132 0.005 0.025 0.007 0.287 
 36 QTo-W-0079    (0)    5 :  0.004 0.005 0.003 0.003 0.003 0.004 0.004 0.004 0.004 0.005 0.002 0.004 0.003 0.004 0.003 0.004 0.003 0.937 
 37 QTo-W-0080   (11)    5 :  0.028 0.006 0.007 0.067 0.145 0.098 0.017 0.051 0.099 0.083 0.009 0.019 0.008 0.073 0.005 0.124 0.008 0.152 
 38 QTo-W-0081   (11)    5 :  0.022 0.006 0.007 0.009 0.020 0.014 0.012 0.034 0.014 0.007 0.004 0.018 0.012 0.017 0.004 0.007 0.007 0.785 
 39 QTo-W-0082    (0)    5 :  0.014 0.008 0.006 0.027 0.022 0.025 0.007 0.015 0.055 0.018 0.004 0.013 0.005 0.008 0.007 0.015 0.006 0.744 
 40 QTo-W-0087    (0)    5 :  0.005 0.015 0.005 0.005 0.007 0.005 0.006 0.008 0.006 0.006 0.003 0.006 0.004 0.009 0.004 0.008 0.004 0.895 
 41 QTo-W-0088   (11)    5 :  0.006 0.007 0.007 0.006 0.007 0.006 0.008 0.011 0.007 0.006 0.004 0.009 0.004 0.012 0.004 0.013 0.005 0.877 
 42 QTo-W-0089   (11)    5 :  0.013 0.009 0.005 0.006 0.011 0.012 0.009 0.011 0.009 0.006 0.004 0.010 0.010 0.007 0.004 0.004 0.007 0.863 
 43 QTo-W-0090    (0)    5 :  0.016 0.007 0.027 0.014 0.036 0.030 0.010 0.016 0.035 0.009 0.003 0.010 0.033 0.010 0.005 0.007 0.007 0.726 
 44 QTo-W-0093   (11)    5 :  0.024 0.203 0.023 0.062 0.077 0.051 0.007 0.099 0.086 0.026 0.012 0.011 0.004 0.018 0.035 0.035 0.005 0.223 
 45 QTo-W-0098    (0)    5 :  0.008 0.845 0.010 0.009 0.008 0.008 0.009 0.010 0.009 0.006 0.007 0.006 0.004 0.023 0.013 0.012 0.004 0.008 
 46 QTo-W-0101   (11)    5 :  0.011 0.775 0.013 0.013 0.013 0.013 0.012 0.014 0.016 0.011 0.008 0.008 0.005 0.038 0.015 0.016 0.006 0.012 
 47 QTo-W-0114    (0)    5 :  0.006 0.883 0.004 0.006 0.006 0.007 0.011 0.010 0.008 0.005 0.005 0.006 0.004 0.012 0.005 0.004 0.007 0.011 
 48 QTo-W-0116   (11)    5 :  0.006 0.902 0.005 0.006 0.005 0.006 0.005 0.007 0.006 0.004 0.005 0.004 0.004 0.005 0.012 0.005 0.005 0.007 
 49 QTo-W-0117   (22)    5 :  0.007 0.879 0.008 0.008 0.007 0.008 0.007 0.008 0.010 0.005 0.005 0.006 0.005 0.007 0.010 0.006 0.005 0.009 
 50 QTo-W-0118    (0)    5 :  0.005 0.924 0.005 0.005 0.004 0.005 0.004 0.005 0.005 0.003 0.004 0.004 0.003 0.004 0.007 0.004 0.004 0.005 
 51 QTo-W-0121   (11)    5 :  0.010 0.815 0.023 0.009 0.011 0.010 0.006 0.018 0.012 0.006 0.004 0.006 0.005 0.008 0.009 0.005 0.004 0.038 
 52 QTo-W-0124   (11)    5 :  0.006 0.005 0.852 0.007 0.007 0.008 0.004 0.008 0.009 0.005 0.004 0.005 0.008 0.006 0.005 0.054 0.004 0.004 
 53 QTo-W-0128    (0)    5 :  0.006 0.004 0.896 0.005 0.005 0.006 0.003 0.006 0.006 0.004 0.004 0.004 0.006 0.005 0.004 0.025 0.004 0.005 
 54 QTo-W-0129    (0)    5 :  0.009 0.004 0.863 0.007 0.015 0.012 0.004 0.009 0.009 0.005 0.004 0.006 0.008 0.007 0.005 0.025 0.004 0.005 
 55 QTo-W-0131   (11)    5 :  0.029 0.007 0.020 0.025 0.270 0.124 0.011 0.115 0.125 0.026 0.004 0.018 0.064 0.057 0.010 0.038 0.025 0.031 
 56 QTo-W-0133   (11)    5 :  0.012 0.009 0.037 0.039 0.052 0.037 0.021 0.200 0.055 0.008 0.124 0.019 0.008 0.186 0.149 0.019 0.012 0.013 
 57 QTo-W-0137    (0)    5 :  0.013 0.057 0.017 0.157 0.104 0.105 0.008 0.083 0.339 0.014 0.006 0.017 0.005 0.020 0.012 0.006 0.006 0.029 
 58 QTo-W-0138    (0)    5 :  0.026 0.005 0.208 0.036 0.092 0.089 0.026 0.068 0.087 0.011 0.015 0.010 0.009 0.075 0.008 0.218 0.014 0.004 
 59 QTo-W-0139    (0)    5 :  0.004 0.004 0.007 0.005 0.005 0.005 0.007 0.005 0.006 0.004 0.014 0.004 0.005 0.005 0.004 0.005 0.908 0.004 
 60 QTo-W-0140   (22)    5 :  0.004 0.005 0.004 0.005 0.005 0.005 0.006 0.005 0.006 0.005 0.005 0.004 0.006 0.005 0.004 0.005 0.915 0.005 
 61 QTo-W-0142    (0)    5 :  0.004 0.004 0.003 0.004 0.004 0.004 0.009 0.005 0.004 0.004 0.004 0.004 0.004 0.006 0.004 0.003 0.925 0.005 
 62 QTo-W-0144    (0)    5 :  0.008 0.008 0.013 0.077 0.068 0.116 0.011 0.061 0.066 0.019 0.007 0.014 0.017 0.207 0.056 0.236 0.009 0.008 
 63 QTo-W-0149   (22)    5 :  0.005 0.006 0.005 0.006 0.010 0.006 0.800 0.009 0.007 0.005 0.004 0.098 0.005 0.009 0.005 0.006 0.007 0.008 
 64 QTo-W-0151   (11)    5 :  0.005 0.005 0.004 0.011 0.010 0.012 0.815 0.009 0.011 0.017 0.006 0.006 0.004 0.031 0.005 0.014 0.006 0.029 
 65 QTo-W-0153   (22)    5 :  0.004 0.006 0.005 0.005 0.005 0.005 0.913 0.006 0.005 0.004 0.004 0.005 0.004 0.007 0.004 0.005 0.006 0.007 
 66 QTo-W-0154    (0)    5 :  0.010 0.021 0.004 0.021 0.015 0.016 0.675 0.040 0.046 0.011 0.014 0.012 0.005 0.030 0.011 0.004 0.054 0.011 
 67 QTo-W-0159   (11)    5 :  0.014 0.032 0.007 0.132 0.052 0.093 0.012 0.151 0.312 0.011 0.037 0.009 0.006 0.081 0.018 0.016 0.011 0.006 
 68 QTo-W-0161   (11)    5 :  0.007 0.025 0.005 0.044 0.032 0.035 0.604 0.037 0.068 0.024 0.014 0.008 0.007 0.035 0.007 0.005 0.033 0.008 
 69 QTo-W-0162    (0)    5 :  0.016 0.170 0.004 0.077 0.138 0.113 0.023 0.094 0.139 0.074 0.013 0.009 0.016 0.030 0.045 0.004 0.014 0.021 
 70 QTo-W-0163   (11)    5 :  0.028 0.005 0.006 0.037 0.088 0.057 0.019 0.061 0.047 0.209 0.011 0.028 0.012 0.126 0.013 0.027 0.032 0.193 
 71 QTo-W-0167   (11)    5 :  0.010 0.285 0.072 0.113 0.039 0.091 0.008 0.033 0.085 0.024 0.114 0.008 0.033 0.020 0.025 0.011 0.010 0.020 
 72 QTo-W-0170    (0)    5 :  0.015 0.030 0.019 0.191 0.095 0.112 0.008 0.065 0.299 0.019 0.074 0.007 0.010 0.016 0.018 0.007 0.007 0.008 
 73 QTo-W-0171   (22)    5 :  0.019 0.013 0.036 0.089 0.113 0.147 0.014 0.087 0.229 0.025 0.006 0.017 0.031 0.029 0.055 0.064 0.013 0.013 
 74 QTo-W-0172   (22)    5 :  0.017 0.071 0.008 0.062 0.220 0.130 0.008 0.075 0.090 0.021 0.096 0.009 0.043 0.014 0.088 0.007 0.035 0.006 
 75 QTo-W-0173   (11)    5 :  0.009 0.016 0.014 0.164 0.066 0.110 0.013 0.125 0.352 0.012 0.040 0.014 0.005 0.026 0.008 0.008 0.011 0.008 
 76 QTo-W-0174    (0)    5 :  0.013 0.240 0.009 0.045 0.025 0.033 0.024 0.079 0.063 0.012 0.030 0.009 0.008 0.341 0.007 0.012 0.008 0.041 
 77 QTo-W-0175    (0)    5 :  0.019 0.007 0.013 0.040 0.155 0.145 0.030 0.103 0.123 0.010 0.005 0.016 0.008 0.207 0.011 0.091 0.007 0.012 
 78 QTo-W-0182   (22)    5 :  0.012 0.006 0.873 0.010 0.008 0.009 0.006 0.008 0.009 0.006 0.006 0.008 0.005 0.008 0.007 0.008 0.004 0.007 
 79 QTo-W-0184    (0)    5 :  0.075 0.036 0.013 0.072 0.091 0.081 0.015 0.084 0.057 0.161 0.042 0.009 0.042 0.160 0.008 0.010 0.009 0.035 
 80 QTo-W-0188    (0)    5 :  0.009 0.013 0.014 0.113 0.061 0.088 0.007 0.113 0.217 0.015 0.179 0.006 0.004 0.049 0.083 0.015 0.008 0.004 
 81 QTo-W-0192   (11)    5 :  0.006 0.008 0.018 0.008 0.008 0.008 0.011 0.011 0.008 0.005 0.005 0.007 0.005 0.865 0.005 0.009 0.005 0.008 
 82 QTo-W-0193    (0)    5 :  0.005 0.006 0.005 0.007 0.011 0.010 0.010 0.011 0.008 0.005 0.004 0.007 0.004 0.878 0.004 0.013 0.004 0.006 
 83 QTo-W-0194    (0)    5 :  0.004 0.006 0.011 0.006 0.007 0.007 0.008 0.008 0.007 0.004 0.004 0.006 0.004 0.888 0.004 0.015 0.005 0.006 
 84 QTo-W-0196   (11)    5 :  0.019 0.011 0.006 0.053 0.090 0.065 0.032 0.368 0.091 0.008 0.013 0.011 0.005 0.169 0.015 0.009 0.020 0.015 
 85 QTo-W-0197    (0)    5 :  0.019 0.009 0.011 0.053 0.095 0.060 0.024 0.373 0.093 0.007 0.010 0.009 0.004 0.145 0.011 0.006 0.013 0.058 
 86 QTo-W-0200   (11)    6 :  0.007 0.006 0.005 0.488 0.007 0.315 0.004 0.006 0.093 0.008 0.004 0.022 0.015 0.005 0.005 0.004 0.003 0.004 
 87 QTo-W-0201   (22)    6 :  0.008 0.006 0.004 0.486 0.009 0.313 0.004 0.006 0.092 0.009 0.005 0.022 0.015 0.005 0.006 0.004 0.003 0.004 
 88 QTo-W-0205    (0)    7 :  0.004 0.004 0.003 0.004 0.004 0.004 0.003 0.005 0.004 0.004 0.935 0.003 0.003 0.004 0.007 0.003 0.004 0.003 
 89 QTo-W-0208    (0)    7 :  0.102 0.011 0.052 0.048 0.131 0.069 0.007 0.048 0.055 0.142 0.163 0.010 0.010 0.019 0.018 0.063 0.015 0.037 
 90 QTo-W-0211    (0)    7 :  0.006 0.013 0.005 0.089 0.151 0.096 0.005 0.079 0.170 0.024 0.163 0.004 0.005 0.046 0.128 0.008 0.005 0.004 
 91 QTo-W-0212   (11)    7 :  0.003 0.004 0.006 0.004 0.004 0.004 0.004 0.004 0.005 0.004 0.932 0.003 0.004 0.005 0.004 0.005 0.004 0.003 
 92 QTo-W-0213    (0)    7 :  0.003 0.004 0.004 0.006 0.006 0.005 0.003 0.006 0.009 0.006 0.922 0.003 0.004 0.005 0.005 0.004 0.003 0.003 
 93 QTo-W-0216   (11)    8 :  0.171 0.006 0.009 0.246 0.109 0.137 0.008 0.167 0.009 0.006 0.004 0.086 0.005 0.012 0.005 0.008 0.005 0.007 
 94 QTo-W-0220    (0)    8 :  0.172 0.005 0.015 0.241 0.113 0.140 0.007 0.168 0.009 0.011 0.004 0.075 0.005 0.010 0.005 0.011 0.004 0.006 
 95 QTo-W-0224   (11)    8 :  0.189 0.016 0.028 0.097 0.115 0.126 0.006 0.095 0.114 0.023 0.006 0.010 0.040 0.014 0.047 0.026 0.037 0.011 
 96 QTo-W-0225   (11)    8 :  0.007 0.005 0.007 0.013 0.012 0.010 0.004 0.008 0.014 0.847 0.018 0.006 0.005 0.008 0.005 0.018 0.004 0.009 
 97 QTo-W-0227   (11)    8 :  0.188 0.007 0.011 0.211 0.105 0.123 0.008 0.142 0.029 0.023 0.005 0.018 0.060 0.016 0.023 0.007 0.011 0.012 
 98 QTo-W-0229    (0)    8 :  0.009 0.003 0.003 0.015 0.008 0.012 0.005 0.006 0.010 0.851 0.004 0.008 0.004 0.005 0.003 0.007 0.005 0.044 
 99 QTo-W-0231    (0)    8 :  0.008 0.003 0.011 0.009 0.420 0.183 0.003 0.073 0.111 0.028 0.033 0.015 0.073 0.004 0.006 0.005 0.007 0.006 
100 QTo-W-0238   (22)    8 :  0.012 0.023 0.008 0.170 0.074 0.146 0.012 0.067 0.296 0.053 0.032 0.014 0.018 0.016 0.011 0.008 0.034 0.008 
101 QTo-W-0240    (0)    8 :  0.012 0.019 0.011 0.082 0.093 0.144 0.008 0.074 0.170 0.026 0.030 0.014 0.264 0.013 0.009 0.009 0.017 0.006 
102 QTo-W-0242    (0)    8 :  0.007 0.452 0.003 0.022 0.021 0.026 0.008 0.028 0.024 0.058 0.013 0.006 0.015 0.013 0.027 0.004 0.264 0.009 
103 QTo-W-0244    (0)    9 :  0.040 0.044 0.004 0.060 0.028 0.044 0.005 0.029 0.056 0.019 0.009 0.008 0.607 0.009 0.015 0.003 0.011 0.009 
104 QTo-W-0245   (11)    9 :  0.029 0.011 0.011 0.045 0.065 0.067 0.013 0.035 0.055 0.393 0.011 0.006 0.196 0.011 0.015 0.006 0.018 0.013 
105 QTo-W-0251    (0)    9 :  0.009 0.075 0.004 0.014 0.033 0.016 0.011 0.081 0.027 0.008 0.012 0.313 0.005 0.028 0.038 0.004 0.005 0.315 
106 QTo-W-0253    (0)    9 :  0.028 0.023 0.005 0.026 0.018 0.023 0.004 0.013 0.019 0.782 0.007 0.006 0.005 0.007 0.006 0.003 0.006 0.019 
107 QTo-W-0256   (11)    9 :  0.055 0.007 0.068 0.014 0.086 0.057 0.006 0.033 0.046 0.406 0.007 0.011 0.038 0.011 0.007 0.063 0.006 0.081 
108 QTo-W-0258    (0)    9 :  0.174 0.004 0.010 0.017 0.116 0.070 0.006 0.028 0.054 0.248 0.003 0.011 0.021 0.006 0.005 0.033 0.033 0.160 
109 QTo-W-0259    (0)    9 :  0.004 0.023 0.004 0.008 0.016 0.016 0.028 0.010 0.034 0.737 0.009 0.004 0.012 0.016 0.013 0.005 0.045 0.016 
110 QTo-W-0260   (22)    9 :  0.004 0.011 0.005 0.011 0.037 0.033 0.014 0.017 0.071 0.651 0.028 0.004 0.013 0.025 0.041 0.005 0.025 0.005 
111 QTo-W-0274   (11)   10 :  0.827 0.005 0.007 0.012 0.022 0.015 0.005 0.012 0.010 0.028 0.004 0.010 0.005 0.011 0.005 0.005 0.005 0.011 
112 QTo-W-0275    (0)   10 :  0.030 0.007 0.038 0.024 0.106 0.078 0.042 0.064 0.031 0.006 0.011 0.093 0.069 0.048 0.094 0.250 0.006 0.004 
113 QTo-W-0278    (0)   10 :  0.094 0.007 0.008 0.040 0.075 0.048 0.028 0.172 0.038 0.022 0.082 0.032 0.025 0.176 0.086 0.008 0.024 0.037 
114 QTo-W-0283   (11)   10 :  0.020 0.006 0.028 0.018 0.077 0.045 0.006 0.025 0.047 0.017 0.135 0.007 0.468 0.034 0.009 0.037 0.009 0.012 
115 QTo-W-0284    (0)   10 :  0.029 0.008 0.015 0.018 0.121 0.054 0.005 0.030 0.061 0.013 0.157 0.034 0.384 0.023 0.010 0.018 0.012 0.009 
116 QTo-W-0287   (22)   10 :  0.871 0.006 0.008 0.008 0.011 0.011 0.004 0.007 0.007 0.005 0.004 0.009 0.011 0.006 0.004 0.008 0.008 0.013 
117 QTo-W-0289   (22)   10 :  0.878 0.008 0.007 0.009 0.010 0.008 0.005 0.009 0.008 0.005 0.005 0.008 0.005 0.006 0.008 0.007 0.005 0.008 
118 QTo-W-0293    (0)   10 :  0.063 0.006 0.100 0.030 0.268 0.111 0.013 0.096 0.136 0.020 0.006 0.006 0.012 0.008 0.085 0.016 0.020 0.004 
119 QTo-W-0295   (11)   10 :  0.007 0.004 0.008 0.013 0.020 0.022 0.007 0.018 0.023 0.020 0.019 0.008 0.023 0.066 0.010 0.662 0.063 0.006 
120 QTo-W-0296   (11)   11 :  0.006 0.010 0.008 0.007 0.008 0.009 0.054 0.111 0.008 0.005 0.004 0.006 0.005 0.014 0.722 0.009 0.008 0.006 
121 QTo-W-0298    (0)   11 :  0.008 0.010 0.005 0.006 0.007 0.007 0.044 0.112 0.007 0.004 0.005 0.005 0.004 0.010 0.745 0.007 0.009 0.005 
122 QTo-W-0300   (11)   11 :  0.232 0.012 0.083 0.037 0.188 0.095 0.006 0.056 0.041 0.009 0.005 0.068 0.093 0.019 0.013 0.014 0.004 0.025 
123 QTo-W-0302    (0)   12 :  0.017 0.013 0.010 0.058 0.043 0.045 0.025 0.047 0.028 0.027 0.592 0.011 0.009 0.017 0.006 0.006 0.008 0.039 
124 QTo-W-0305    (0)   13 :  0.783 0.006 0.008 0.012 0.029 0.025 0.004 0.026 0.014 0.005 0.005 0.017 0.008 0.007 0.023 0.005 0.014 0.006 
125 QTo-W-0308   (11)   13 :  0.723 0.009 0.010 0.022 0.036 0.031 0.006 0.027 0.022 0.007 0.006 0.028 0.006 0.009 0.036 0.007 0.007 0.007 
126 QTo-W-0309   (11)   13 :  0.021 0.014 0.027 0.132 0.070 0.078 0.009 0.091 0.161 0.008 0.141 0.006 0.007 0.133 0.013 0.083 0.004 0.004 
127 QTo-W-0311    (0)   14 :  0.007 0.006 0.022 0.173 0.076 0.195 0.005 0.056 0.289 0.040 0.030 0.006 0.051 0.009 0.005 0.015 0.011 0.004 
128 QTo-W-0312    (0)   15 :  0.005 0.038 0.004 0.007 0.006 0.006 0.003 0.008 0.005 0.005 0.005 0.004 0.004 0.004 0.884 0.003 0.003 0.006 
129 QTo-W-0315   (11)   15 :  0.005 0.006 0.004 0.009 0.006 0.006 0.004 0.006 0.006 0.006 0.005 0.004 0.005 0.004 0.914 0.004 0.003 0.004 
130 QTo-W-0318    (0)   16 :  0.094 0.026 0.006 0.281 0.050 0.164 0.005 0.080 0.172 0.007 0.032 0.013 0.007 0.021 0.014 0.014 0.010 0.004 
131 QTo-W-0322   (11)   16 :  0.079 0.027 0.007 0.309 0.055 0.175 0.005 0.075 0.176 0.009 0.015 0.020 0.008 0.012 0.008 0.009 0.007 0.004 
132 QTo-W-0326   (22)   16 :  0.042 0.043 0.082 0.217 0.062 0.123 0.009 0.082 0.173 0.022 0.027 0.012 0.009 0.051 0.010 0.026 0.005 0.006 
133 QTo-W-0327   (11)   16 :  0.035 0.017 0.031 0.215 0.066 0.122 0.015 0.090 0.171 0.054 0.029 0.009 0.007 0.078 0.009 0.033 0.005 0.017 
134 QTo-W-0328    (0)   17 :  0.006 0.004 0.004 0.005 0.006 0.006 0.088 0.005 0.005 0.004 0.003 0.840 0.004 0.005 0.003 0.004 0.004 0.005 
135 QTo-W-0329    (0)   17 :  0.005 0.004 0.004 0.005 0.004 0.005 0.005 0.005 0.005 0.004 0.003 0.927 0.004 0.005 0.003 0.004 0.004 0.005 
136 QTo-W-0330   (11)   17 :  0.007 0.005 0.005 0.007 0.006 0.006 0.007 0.007 0.007 0.005 0.003 0.904 0.004 0.007 0.004 0.005 0.005 0.007 


Estimated Allele Frequencies in each cluster
First column gives estimated ancestral frequencies


Locus 1 : 
4 alleles
0.7% missing data
 149   (0.844) 0.970 0.994 0.988 0.962 0.880 0.922 0.991 0.953 0.936 0.428 0.200 0.976 0.935 0.973 0.549 0.994 0.976 0.993 
 147   (0.063) 0.011 0.002 0.005 0.013 0.046 0.029 0.004 0.017 0.023 0.096 0.238 0.010 0.011 0.010 0.431 0.003 0.014 0.003 
 155   (0.057) 0.011 0.002 0.005 0.017 0.048 0.031 0.003 0.020 0.027 0.018 0.560 0.009 0.044 0.011 0.014 0.002 0.006 0.002 
 161   (0.035) 0.008 0.001 0.003 0.008 0.026 0.019 0.002 0.010 0.014 0.458 0.003 0.005 0.010 0.006 0.006 0.002 0.004 0.002 

Locus 2 : 
6 alleles
12.5% missing data
 179   (0.367) 0.436 0.220 0.035 0.381 0.405 0.350 0.955 0.568 0.392 0.380 0.028 0.877 0.059 0.802 0.068 0.055 0.690 0.966 
 176   (0.145) 0.057 0.012 0.563 0.117 0.125 0.118 0.010 0.083 0.137 0.069 0.932 0.025 0.045 0.041 0.035 0.160 0.214 0.007 
 173   (0.256) 0.126 0.015 0.381 0.157 0.250 0.272 0.019 0.131 0.214 0.280 0.019 0.055 0.805 0.097 0.057 0.753 0.053 0.016 
 164   (0.029) 0.008 0.001 0.004 0.009 0.020 0.015 0.002 0.009 0.009 0.012 0.002 0.005 0.006 0.006 0.005 0.023 0.004 0.001 
 182   (0.152) 0.258 0.749 0.013 0.303 0.160 0.206 0.011 0.185 0.228 0.069 0.014 0.029 0.075 0.030 0.828 0.007 0.031 0.007 
 170   (0.052) 0.115 0.003 0.004 0.034 0.040 0.040 0.004 0.024 0.021 0.190 0.005 0.009 0.010 0.024 0.008 0.002 0.008 0.003 

Locus 3 : 
17 alleles
0.0% missing data
 220   (0.169) 0.220 0.009 0.438 0.171 0.179 0.161 0.015 0.181 0.119 0.103 0.533 0.054 0.372 0.152 0.051 0.105 0.028 0.008 
 222   (0.182) 0.179 0.012 0.017 0.169 0.192 0.206 0.112 0.192 0.299 0.281 0.020 0.402 0.078 0.099 0.208 0.018 0.548 0.217 
 218   (0.179) 0.274 0.007 0.437 0.225 0.196 0.188 0.017 0.204 0.163 0.121 0.020 0.423 0.069 0.372 0.030 0.675 0.021 0.166 
 226   (0.060) 0.019 0.941 0.070 0.019 0.044 0.032 0.005 0.025 0.022 0.104 0.006 0.015 0.009 0.025 0.012 0.005 0.026 0.578 
 258   (0.065) 0.018 0.003 0.008 0.047 0.081 0.067 0.006 0.060 0.099 0.023 0.012 0.014 0.011 0.036 0.306 0.004 0.009 0.008 
 224   (0.055) 0.011 0.011 0.005 0.119 0.040 0.093 0.003 0.016 0.035 0.028 0.008 0.011 0.397 0.011 0.211 0.002 0.006 0.002 
 228   (0.067) 0.014 0.006 0.006 0.088 0.099 0.080 0.009 0.226 0.169 0.023 0.380 0.039 0.010 0.064 0.025 0.005 0.009 0.011 
 256   (0.018) 0.003 0.001 0.001 0.004 0.012 0.007 0.001 0.005 0.004 0.005 0.001 0.003 0.002 0.005 0.002 0.176 0.002 0.001 
 264   (0.023) 0.004 0.001 0.002 0.004 0.015 0.008 0.001 0.006 0.005 0.006 0.001 0.003 0.003 0.003 0.003 0.001 0.328 0.001 
 230   (0.030) 0.005 0.001 0.002 0.006 0.018 0.015 0.821 0.028 0.008 0.008 0.002 0.005 0.004 0.005 0.115 0.001 0.004 0.001 
 260   (0.040) 0.008 0.004 0.003 0.016 0.037 0.028 0.003 0.019 0.027 0.018 0.004 0.008 0.023 0.008 0.008 0.002 0.005 0.002 
 262   (0.013) 0.003 0.001 0.001 0.006 0.012 0.009 0.001 0.007 0.006 0.005 0.004 0.003 0.004 0.003 0.007 0.001 0.004 0.001 
 234   (0.014) 0.002 0.001 0.001 0.003 0.010 0.006 0.001 0.003 0.003 0.004 0.001 0.002 0.002 0.203 0.002 0.001 0.001 0.001 
 232   (0.019) 0.011 0.001 0.001 0.111 0.017 0.068 0.001 0.011 0.019 0.006 0.001 0.005 0.004 0.003 0.003 0.001 0.002 0.001 
 250   (0.026) 0.004 0.001 0.002 0.004 0.017 0.008 0.001 0.007 0.007 0.173 0.002 0.004 0.003 0.004 0.003 0.001 0.002 0.001 
 216   (0.014) 0.002 0.001 0.001 0.003 0.011 0.009 0.002 0.004 0.008 0.083 0.003 0.002 0.002 0.004 0.009 0.001 0.003 0.001 
 266   (0.028) 0.220 0.001 0.003 0.005 0.022 0.012 0.001 0.007 0.006 0.008 0.002 0.007 0.005 0.004 0.004 0.001 0.003 0.001 

Locus 4 : 
2 alleles
1.5% missing data
 137   (0.976) 0.977 0.999 0.998 0.957 0.967 0.967 0.999 0.967 0.995 0.993 0.998 0.987 0.997 0.997 0.997 0.999 0.998 0.999 
 139   (0.024) 0.023 0.001 0.002 0.043 0.033 0.033 0.001 0.033 0.005 0.007 0.002 0.013 0.003 0.003 0.003 0.001 0.002 0.001 

Locus 5 : 
17 alleles
11.8% missing data
 187   (0.255) 0.137 0.740 0.029 0.668 0.310 0.505 0.157 0.315 0.651 0.531 0.862 0.052 0.196 0.512 0.059 0.012 0.043 0.015 
 243   (0.041) 0.011 0.002 0.433 0.008 0.029 0.018 0.003 0.012 0.010 0.012 0.003 0.007 0.006 0.152 0.005 0.002 0.003 0.003 
 203   (0.079) 0.039 0.006 0.010 0.021 0.066 0.042 0.005 0.031 0.026 0.242 0.007 0.015 0.013 0.020 0.011 0.933 0.008 0.389 
 201   (0.111) 0.087 0.039 0.343 0.046 0.119 0.082 0.011 0.209 0.093 0.052 0.009 0.031 0.028 0.056 0.017 0.006 0.011 0.424 
 197   (0.076) 0.246 0.004 0.007 0.039 0.062 0.049 0.005 0.046 0.024 0.023 0.006 0.015 0.680 0.014 0.011 0.003 0.007 0.139 
 195   (0.053) 0.287 0.004 0.020 0.012 0.038 0.025 0.004 0.017 0.016 0.024 0.057 0.009 0.009 0.009 0.008 0.006 0.890 0.003 
 247   (0.029) 0.008 0.001 0.104 0.006 0.021 0.012 0.002 0.010 0.007 0.008 0.002 0.004 0.004 0.006 0.004 0.002 0.003 0.001 
 235   (0.034) 0.012 0.002 0.004 0.019 0.034 0.022 0.003 0.014 0.031 0.015 0.003 0.008 0.005 0.011 0.005 0.002 0.003 0.005 
 249   (0.034) 0.009 0.186 0.003 0.006 0.024 0.013 0.002 0.009 0.008 0.009 0.002 0.005 0.005 0.005 0.005 0.001 0.003 0.002 
 199   (0.057) 0.030 0.004 0.006 0.021 0.049 0.032 0.008 0.161 0.026 0.017 0.014 0.046 0.012 0.071 0.829 0.006 0.006 0.006 
 245   (0.031) 0.014 0.001 0.014 0.017 0.045 0.045 0.009 0.036 0.038 0.009 0.004 0.009 0.005 0.048 0.005 0.018 0.004 0.001 
 219   (0.042) 0.012 0.002 0.004 0.009 0.030 0.021 0.752 0.012 0.011 0.011 0.003 0.164 0.008 0.008 0.008 0.003 0.004 0.002 
 217   (0.038) 0.010 0.002 0.003 0.007 0.027 0.014 0.031 0.012 0.009 0.011 0.003 0.592 0.006 0.007 0.006 0.002 0.004 0.002 
 229   (0.022) 0.006 0.001 0.002 0.004 0.015 0.010 0.002 0.006 0.005 0.006 0.002 0.004 0.003 0.062 0.003 0.001 0.002 0.001 
 215   (0.036) 0.065 0.002 0.003 0.102 0.069 0.072 0.003 0.083 0.010 0.011 0.019 0.029 0.006 0.007 0.005 0.001 0.003 0.002 
 205   (0.030) 0.008 0.001 0.003 0.005 0.025 0.014 0.002 0.010 0.011 0.009 0.002 0.005 0.007 0.005 0.004 0.001 0.002 0.001 
 227   (0.033) 0.019 0.002 0.010 0.010 0.038 0.026 0.003 0.018 0.023 0.011 0.003 0.005 0.006 0.006 0.015 0.001 0.004 0.001 

Locus 6 : 
25 alleles
30.9% missing data
 214   (0.060) 0.036 0.004 0.211 0.046 0.069 0.055 0.008 0.055 0.034 0.022 0.006 0.020 0.024 0.016 0.019 0.122 0.010 0.005 
 222   (0.062) 0.016 0.004 0.499 0.061 0.057 0.070 0.010 0.039 0.122 0.023 0.007 0.016 0.141 0.018 0.016 0.087 0.010 0.028 
 206   (0.070) 0.019 0.008 0.009 0.047 0.061 0.056 0.012 0.063 0.075 0.033 0.022 0.020 0.017 0.312 0.058 0.373 0.012 0.009 
 218   (0.084) 0.044 0.005 0.015 0.128 0.102 0.107 0.144 0.109 0.132 0.034 0.083 0.024 0.019 0.321 0.033 0.365 0.028 0.011 
 216   (0.062) 0.024 0.007 0.007 0.048 0.060 0.050 0.143 0.040 0.045 0.337 0.028 0.017 0.014 0.027 0.019 0.003 0.010 0.410 
 208   (0.041) 0.014 0.003 0.005 0.016 0.032 0.026 0.006 0.019 0.015 0.042 0.005 0.009 0.145 0.016 0.010 0.002 0.006 0.215 
 238   (0.048) 0.012 0.540 0.005 0.021 0.038 0.025 0.006 0.025 0.027 0.017 0.005 0.022 0.010 0.012 0.123 0.002 0.007 0.174 
 204   (0.017) 0.004 0.001 0.002 0.005 0.014 0.006 0.002 0.005 0.005 0.006 0.002 0.003 0.430 0.003 0.004 0.001 0.002 0.001 
 234   (0.050) 0.014 0.003 0.005 0.051 0.052 0.041 0.007 0.038 0.076 0.083 0.129 0.013 0.011 0.019 0.020 0.003 0.007 0.008 
 242   (0.042) 0.010 0.002 0.004 0.160 0.040 0.113 0.005 0.028 0.066 0.073 0.005 0.013 0.010 0.011 0.010 0.002 0.006 0.004 
 210   (0.124) 0.494 0.404 0.024 0.107 0.158 0.127 0.102 0.380 0.154 0.055 0.663 0.038 0.059 0.125 0.587 0.009 0.517 0.037 
 246   (0.027) 0.008 0.002 0.003 0.012 0.028 0.022 0.006 0.030 0.021 0.010 0.003 0.010 0.009 0.017 0.008 0.008 0.005 0.004 
 258   (0.030) 0.008 0.002 0.004 0.041 0.031 0.032 0.006 0.021 0.075 0.012 0.004 0.009 0.006 0.009 0.010 0.002 0.004 0.028 
 240   (0.016) 0.005 0.001 0.003 0.006 0.015 0.010 0.003 0.006 0.007 0.006 0.002 0.005 0.007 0.004 0.004 0.001 0.002 0.037 
 256   (0.017) 0.004 0.001 0.121 0.004 0.011 0.008 0.002 0.005 0.006 0.005 0.002 0.003 0.003 0.003 0.004 0.002 0.002 0.001 
 254   (0.011) 0.003 0.001 0.049 0.004 0.009 0.008 0.001 0.004 0.003 0.004 0.001 0.004 0.003 0.003 0.003 0.001 0.002 0.001 
 236   (0.061) 0.018 0.004 0.015 0.022 0.059 0.042 0.513 0.036 0.040 0.092 0.007 0.014 0.023 0.020 0.023 0.005 0.345 0.005 
 248   (0.019) 0.004 0.001 0.002 0.145 0.014 0.091 0.003 0.009 0.031 0.007 0.002 0.006 0.005 0.014 0.008 0.002 0.002 0.001 
 252   (0.019) 0.006 0.001 0.002 0.007 0.021 0.017 0.004 0.012 0.013 0.006 0.002 0.005 0.004 0.017 0.006 0.002 0.002 0.002 
 224   (0.032) 0.029 0.002 0.004 0.040 0.041 0.037 0.004 0.035 0.011 0.077 0.007 0.014 0.007 0.008 0.009 0.002 0.004 0.004 
 230   (0.025) 0.006 0.002 0.003 0.007 0.021 0.013 0.003 0.011 0.011 0.009 0.003 0.413 0.008 0.005 0.006 0.001 0.003 0.003 
 228   (0.016) 0.015 0.001 0.002 0.005 0.012 0.010 0.002 0.006 0.008 0.022 0.001 0.004 0.005 0.004 0.004 0.001 0.004 0.006 
 266   (0.015) 0.066 0.001 0.002 0.005 0.010 0.010 0.002 0.005 0.005 0.007 0.001 0.004 0.003 0.004 0.004 0.001 0.002 0.001 
 212   (0.030) 0.008 0.002 0.003 0.009 0.024 0.015 0.005 0.009 0.010 0.010 0.008 0.307 0.032 0.007 0.007 0.002 0.004 0.002 
 232   (0.021) 0.133 0.001 0.002 0.006 0.019 0.012 0.002 0.010 0.008 0.007 0.002 0.006 0.004 0.004 0.008 0.001 0.003 0.002 

Locus 7 : 
7 alleles
1.5% missing data
 108   (0.628) 0.195 0.976 0.826 0.626 0.671 0.644 0.978 0.816 0.809 0.557 0.966 0.163 0.426 0.924 0.936 0.981 0.960 0.411 
 116   (0.035) 0.009 0.001 0.146 0.008 0.028 0.019 0.002 0.011 0.013 0.010 0.003 0.006 0.005 0.005 0.007 0.002 0.004 0.002 
 110   (0.155) 0.621 0.015 0.013 0.050 0.143 0.094 0.010 0.079 0.069 0.271 0.019 0.052 0.179 0.043 0.030 0.009 0.019 0.579 
 114   (0.066) 0.019 0.002 0.006 0.108 0.049 0.089 0.004 0.022 0.035 0.019 0.005 0.389 0.370 0.011 0.011 0.004 0.006 0.003 
 112   (0.068) 0.148 0.003 0.005 0.198 0.073 0.130 0.004 0.057 0.058 0.019 0.005 0.382 0.011 0.010 0.010 0.003 0.006 0.003 
 104   (0.027) 0.005 0.001 0.002 0.005 0.017 0.011 0.001 0.006 0.006 0.117 0.002 0.004 0.003 0.004 0.003 0.001 0.002 0.001 
 118   (0.023) 0.004 0.001 0.002 0.005 0.019 0.011 0.001 0.008 0.009 0.007 0.002 0.004 0.005 0.003 0.003 0.001 0.002 0.001 

Locus 8 : 
5 alleles
2.2% missing data
 160   (0.162) 0.146 0.061 0.386 0.047 0.133 0.088 0.055 0.136 0.066 0.052 0.244 0.035 0.057 0.330 0.378 0.543 0.020 0.007 
 162   (0.637) 0.771 0.920 0.598 0.809 0.659 0.751 0.903 0.663 0.824 0.615 0.731 0.919 0.443 0.606 0.336 0.448 0.100 0.983 
 164   (0.089) 0.024 0.005 0.007 0.025 0.078 0.050 0.013 0.035 0.043 0.129 0.010 0.015 0.480 0.017 0.020 0.004 0.839 0.004 
 166   (0.019) 0.004 0.003 0.001 0.007 0.017 0.012 0.007 0.009 0.010 0.011 0.002 0.003 0.004 0.004 0.005 0.001 0.003 0.001 
 158   (0.092) 0.054 0.011 0.007 0.112 0.114 0.099 0.022 0.157 0.056 0.193 0.014 0.028 0.016 0.042 0.261 0.004 0.038 0.005 

Locus 9 : 
4 alleles
0.0% missing data
 229   (0.503) 0.155 0.613 0.236 0.292 0.505 0.396 0.970 0.614 0.434 0.400 0.189 0.543 0.578 0.872 0.262 0.501 0.494 0.937 
 226   (0.351) 0.807 0.379 0.753 0.609 0.374 0.491 0.022 0.317 0.464 0.366 0.055 0.429 0.072 0.093 0.703 0.488 0.043 0.055 
 223   (0.123) 0.034 0.007 0.009 0.091 0.103 0.101 0.007 0.060 0.091 0.227 0.748 0.025 0.347 0.030 0.022 0.010 0.461 0.007 
 232   (0.023) 0.004 0.001 0.002 0.008 0.018 0.011 0.001 0.009 0.012 0.008 0.008 0.004 0.003 0.005 0.014 0.001 0.002 0.001 

Values of parameters used in structure:
DATAFILE=C:\Users\eschumacher\Documents\GitHub\Ten_Oaks\Data_Files\QUTO_wild\project_data,	OUTFILE=C:\Users\eschumacher\Documents\GitHub\Ten_Oaks\Data_Files\QUTO_wild\50-50\Results\50-50_run_88,	NUMINDS=136,	NUMLOCI=9,	MISSING=-9,	LABEL=1,	POPDATA=1,	POPFLAG=0,	PHENOTYPE=0,	EXTRACOLS=0,	MAXPOPS=18,	BURNIN=50000,	NUMREPS=50000,	USEPOPINFO=0,	INFERALPHA=1,	INFERLAMBDA=0,	POPSPECIFICLAMBDA=0,	POPALPHAS=0,	COMPUTEPROB=1,	NOADMIX=0,	ADMBURNIN=2500,	UPDATEFREQ=1,	PRINTLIKES=0,	INTERMEDSAVE=0,	PRINTKLD=0,	PRINTNET=0,	PRINTLAMBDA=0,	ANCESTDIST=0,	NUMBOXES=1000,	ANCESTPINT=0.90000,	GENSBACK=2,	MIGRPRIOR=0.05000,	PRINTQHAT=0,	PRINTQSUM=0,	ALPHA=1.0000,	FREQSCORR=1,	FPRIORMEAN=0.0100,	FPRIORSD=0.0500,	ONEFST=0,	LAMBDA=1.0000,	UNIFPRIORALPHA=1,	ALPHAMAX=10.0000,	ALPHAPRIORA=1.0000,	ALPHAPRIORB=2.0000,	ALPHAPROPSD=0.0250,	STARTATPOPINFO=0,	RANDOMIZE=1,	LINKAGE=0,	METROFREQ=10,	REPORTHITRATE=0,	MARKOVPHASE=-1,	PHASED=0,	PLOIDY=2,	PHASEINFO=0	LOCPRIOR=0, 	LOCPRIORINIT=1.000000, 	LOCDATA=0, 	LOCISPOP=0, 	LOCPRIORSTEP=0.100000, 	MAXLOCPRIOR=20.000000, 	SEED=1689805309,	
[STRAT parameters]:    NUMSIMSTATS=1000,	PHENOTYPECOL=-9,	POOLFREQ=10,	LOCUSxONLY=0,	EMERROR=0.00100,	MISSINGPHENO=-9,	